"locale";"cnt";"tcnt"
" New York, New York ";4948;4948
" Londra, Regno Unito ";4517;9465
" San Francisco, California ";2516;11981
" Los Angeles, California ";2491;14472
" Parigi, Francia ";1743;16215
" Seattle, Washington ";1385;17600
" Toronto, Canada ";1343;18943
" Chicago, Illinois ";1156;20099
" Portland, Oregon ";1089;21188
" Berlino, Germania ";1075;22263
" Singapore ";950;23213
" Washington, District of Columbia ";876;24089
" Vancouver, Canada ";829;24918
" Amsterdam, Paesi Bassi ";795;25713
" San Diego, California ";778;26491
" Boston, Massachusetts ";756;27247
" ";754;28001
" Montreal, Canada ";730;28731
" Barcellona, Spagna ";704;29435
" Austin, Texas ";662;30097
" Atlanta, Georgia ";569;30666
" Philadelphia, Pennsylvania ";545;31211
" Roma, Italia ";535;31746
" Denver, Colorado ";529;32275
" Copenaghen, ";529;32804
" Houston, Texas ";506;33310
" Hong-Kong ";457;33767
" Oakland, California ";442;34209
" Dublino, Irlanda ";438;34647
" Miami, Florida ";431;35078
" Monaco, Germania ";424;35502
" Milano, Italia ";421;35923
" Inghilterra, Regno Unito ";408;36331
" Madrid, Spagna ";400;36731
" Nuovo Galles del Sud, Australia ";399;37130
" Mosca, Russia ";392;37522
" Melbourne, Australia ";392;37914
" Sydney, Australia ";375;38289
" Cina ";368;38657
" Vienna, Austria ";363;39020
" California, Stati Uniti ";362;39382
" Lisbona, Portogallo ";352;39734
" San Jose, California ";346;40080
" Victoria, Australia ";346;40426
" Minneapolis, Minnesota ";343;40769
" Edimburgo, Regno Unito ";341;41110
" Amburgo, Germania ";340;41450
" Zurigo, Svizzera ";332;41782
" Stoccolma, Svezia ";332;42114
" Auckland, Nuova Zelanda ";326;42440
" Praga, Repubblica Ceca ";319;42759
" Nashville, Tennessee ";304;43063
" Budapest, Ungheria ";302;43365
" Stati Uniti ";302;43667
" Ottawa, Canada ";302;43969
" Istanbul, Turchia ";282;44251
" Seul, Corea del Sud ";274;44525
" Berkeley, California ";270;44795
" Calgary, Canada ";270;45065
" Bangkok, Tailandia ";270;45335
" Atene, Grecia ";269;45604
" Oslo, Norvegia ";267;45871
" Bristol, Regno Unito ";259;46130
" Città del Messico, Messico ";255;46385
" New Orleans, Louisiana ";253;46638
" Buenos Aires, Argentina ";251;46889
" Queensland, Australia ";248;47137
" Bruxelles, Belgio ";244;47381
" Città del Capo, Sudafrica ";239;47620
" San Paolo, Brasile ";237;47857
" Las Vegas, Nevada ";236;48093
" Manchester, Regno Unito ";234;48327
" Sacramento, California ";228;48555
" Baltimora, Maryland ";224;48779
" Regno Unito ";223;49002
" Pittsburgh, Pennsylvania ";215;49217
" Charlotte, North Carolina ";215;49432
" Shanghai, Cina ";212;49644
" Cambridge, Massachusetts ";212;49856
" Phoenix, Arizona ";206;50062
" Firenze, Italia ";201;50263
" Salt Lake City, Utah ";197;50460
" Orlando, Florida ";196;50656
" Honolulu, Hawaii ";195;50851
" Santa Barbara, California ";192;51043
" Colonia, Germania ";191;51234
" Helsinki, Finlandia ";184;51418
" Columbus, Ohio ";183;51601
" Kuala Lumpur, Malesia ";182;51783
" Tokyo, Giappone ";178;51961
" Boulder, Colorado ";177;52138
" Varsavia, Polonia ";177;52315
" Tel Aviv, Israele ";173;52488
" Glasgow, Regno Unito ";169;52657
" Victoria, Canada ";166;52823
" Francoforte, Germania ";163;52986
" Rio de Janeiro, Brasile ";160;53146
" Brighton, Regno Unito ";159;53305
" Madison, Wisconsin ";159;53464
" Santa Monica, California ";158;53622
" Dubai, Emirati Arabi Uniti ";157;53779
" Edmonton, Canada ";157;53936
" San Pietroburgo, Russia ";157;54093
" Wellington, Nuova Zelanda ";152;54245
" Pechino, Cina ";149;54394
" Reykjavik, Islanda ";148;54542
" Ann Arbor, Michigan ";147;54689
" San Antonio, Texas ";146;54835
" Cincinnati, Ohio ";146;54981
" Long Beach, California ";143;55124
" Ginevra, Svizzera ";142;55266
" Oxford, Regno Unito ";140;55406
" Raleigh, North Carolina ";139;55545
" Utrecht, Paesi Bassi ";137;55682
" Miami Beach, Florida ";137;55819
" Indianapolis, Indiana ";136;55955
" Santa Cruz, California ";136;56091
" Tucson, Arizona ";133;56224
" Australia ";130;56354
" Palo Alto, California ";129;56483
" Tampa, Florida ";127;56610
" Lione, Francia ";127;56737
" Richmond, Virginia ";125;56862
" Eugene, Oregon ";123;56985
" Asheville, North Carolina ";122;57107
" Perth, Australia ";121;57228
" Cracovia, Polonia ";121;57349
" Stoccarda, Germania ";120;57469
" Arlington, Virginia ";119;57588
" Cambridge, Regno Unito ";118;57706
" Fort Lauderdale, Florida ";118;57824
" Tel Aviv-Yafo, Israele ";116;57940
" Corea del Sud ";116;58056
" L'Aia, Paesi Bassi ";114;58170
" Irvine, California ";114;58284
" Birmingham, Regno Unito ";112;58396
" Leeds, Regno Unito ";111;58507
" Germania ";111;58618
" Porto, Portogallo ";111;58729
" Albuquerque, New Mexico ";110;58839
" Taiwan ";110;58949
" Mountain View, California ";110;59059
" Santa Fe, New Mexico ";109;59168
" Saint Paul, Minnesota ";108;59276
" Mumbai, India ";108;59384
" Kansas City, Missouri ";107;59491
" Rochester, New York ";107;59598
" Buffalo, New York ";107;59705
" St. Louis, Missouri ";105;59810
" Durham, North Carolina ";105;59915
" India ";104;60019
" Paesi Bassi ";103;60122
" Milwaukee, Wisconsin ";103;60225
" Massachusetts, Stati Uniti ";101;60326
" Scottsdale, Arizona ";99;60425
" Israele ";99;60524
" New York, Stati Uniti ";99;60623
" Charleston, South Carolina ";98;60721
" Colorado Springs, Colorado ";98;60819
" Belgrado, Serbia ";97;60916
" Brisbane, Australia ";97;61013
" Venezia, Italia ";97;61110
" Zagabria, Croazia ";96;61206
" New Jersey, Stati Uniti ";96;61302
" Rotterdam, Paesi Bassi ";95;61397
" Cleveland, Ohio ";94;61491
" Providence, Rhode Island ";94;61585
" Lindenwold, New Jersey ";93;61678
" Louisville, Kentucky ";93;61771
" Somerville, Massachusetts ";93;61864
" Sofia, Bulgaria ";92;61956
" Alexandria, Virginia ";91;62047
" San Juan, Portorico ";91;62138
" Halifax, Canada ";89;62227
" Bologna, Italia ";88;62315
" Ithaca, New York ";87;62402
" Bucharest, Romania ";85;62487
" Charlottesville, Virginia ";85;62572
" Fort Worth, Texas ";85;62657
" Torino, Italia ";84;62741
" Winnipeg, Canada ";83;62824
" Manila, Filippine ";83;62907
" Anchorage, Alaska ";83;62990
" Lubiana, Slovenia ";82;63072
" Portland, Maine ";82;63154
" Nizza, Francia ";81;63235
" Johannesburg, Sudafrica ";81;63316
" Jacksonville, Florida ";81;63397
" Santa Rosa, California ";81;63478
" Pasadena, California ";81;63559
" Vancouver, Washington ";80;63639
" Australia Occidentale, Australia ";80;63719
" Detroit, Michigan ";80;63799
" Bali, Indonesia ";79;63878
" Bend, Oregon ";78;63956
" Boise, Idaho ";78;64034
" Liverpool, Regno Unito ";78;64112
" Nuova Delhi, India ";78;64190
" Anversa, Belgio ";78;64268
" Kiev, Ucraina ";77;64345
" Reno, Nevada ";77;64422
" Düsseldorf, Germania ";76;64498
" Losanna, Svizzera ";76;64574
" Canada ";76;64650
" Memphis, Tennessee ";75;64725
" Vilnius, Lituania ";75;64800
" Sheffield, Regno Unito ";75;64875
" Tacoma, Washington ";75;64950
" Grand Rapids, Michigan ";74;65024
" Burlington, Vermont ";73;65097
" Jersey City, New Jersey ";72;65169
" Sunnyvale, California ";72;65241
" Fort Collins, Colorado ";72;65313
" Basilea, Svizzera ";71;65384
" Berna, Svizzera ";71;65455
" Spokane, Washington ";70;65525
" Bath, Regno Unito ";69;65594
" Bellingham, Washington ";69;65663
" Gainesville, Florida ";69;65732
" Cardiff, Regno Unito ";69;65801
" Francia ";68;65869
" British Columbia, Canada ";68;65937
" Gerusalemme, Israele ";67;66004
" Göteborg, Svezia ";66;66070
" Caloocan, Filippine ";66;66136
" San Mateo, California ";66;66202
" Tolosa, Francia ";66;66268
" Silver Spring, Maryland ";66;66334
" Kyoto, Giappone ";66;66400
" Valencia, Spagna ";66;66466
" West Hollywood, California ";65;66531
" Hannover, Germania ";65;66596
" Siviglia, Spagna ";65;66661
" Napoli, Italia ";65;66726
" Huntington Beach, California ";64;66790
" Christchurch, Nuova Zelanda ";63;66853
" Dubrovnik, Croazia ";63;66916
" Birmingham, Alabama ";63;66979
" Nottingham, Regno Unito ";61;67040
" Bogotà, Colombia ";61;67101
" Riga, Lettonia ";61;67162
" Chapel Hill, North Carolina ";61;67223
" Belfast, Regno Unito ";61;67284
" Bratislava, Slovacchia ";61;67345
" Tallinn, Estonia ";60;67405
" Mississauga, Canada ";60;67465
" Bonn, Germania ";60;67525
" Londra, Canada ";60;67585
" Osaka, Giappone ";59;67644
" Santiago, Cile ";59;67703
" Heidelberg, Germania ";59;67762
" Marsiglia, Francia ";59;67821
" Irlanda ";58;67879
" Ho Chi Minh, Vietnam ";58;67937
" Regione Speciale della Capitale di Jakarta, Indonesia ";57;67994
" Bergen, Norvegia ";57;68051
" Spalato, Croazia ";57;68108
" New Haven, Connecticut ";56;68164
" Canberra, Australia ";56;68220
" Tempe, Arizona ";55;68275
" Spagna ";55;68330
" Aarhus, ";55;68385
" Newport Beach, California ";55;68440
" Palermo, Italia ";53;68493
" Omaha, Nebraska ";53;68546
" Adelaide, Australia ";53;68599
" Italia ";53;68652
" Alameda, California ";53;68705
" Olympia, Washington ";53;68758
" Santa Clara, California ";53;68811
" Princeton, New Jersey ";53;68864
" San Rafael, California ";53;68917
" Hamilton, Canada ";52;68969
" Ghent, Belgio ";52;69021
" Fremont, California ";52;69073
" Ubud, Indonesia ";52;69125
" Encinitas, California ";52;69177
" Bordeaux, Francia ";52;69229
" Redwood City, California ";51;69280
" Bangalore, India ";51;69331
" Pennsylvania, Stati Uniti ";50;69381
" Gold Coast, Australia ";50;69431
" Dresda, Germania ";50;69481
" Taipei City, Taiwan ";50;69531
" Virginia Beach, Virginia ";50;69581
" Oklahoma City, Oklahoma ";50;69631
" North Vancouver, Canada ";49;69680
" Sarasota, Florida ";49;69729
" Florida, Stati Uniti ";49;69778
" Giacarta, Indonesia ";49;69827
" Tulum, Messico ";49;69876
" Kingston, Canada ";48;69924
" Norimberga, Germania ";48;69972
" Flagstaff, Arizona ";48;70020
" Nuova Zelanda ";48;70068
" Ashland, Oregon ";48;70116
" Newcastle upon Tyne, Regno Unito ";48;70164
" Playa del Carmen, Messico ";48;70212
" Ibiza, Spagna ";48;70260
" Southampton, Regno Unito ";48;70308
" Lipsia, Germania ";48;70356
" Bloomington, Indiana ";48;70404
" Munster, Germania ";48;70452
" Hawaii, Stati Uniti ";48;70500
" Fresno, California ";47;70547
" Riverside, California ";47;70594
" San Luis Obispo, California ";47;70641
" Norwich, Regno Unito ";47;70688
" Ontario, Canada ";47;70735
" Monterey, California ";47;70782
" Missoula, Montana ";47;70829
" Kailua-Kona, Hawaii ";46;70875
" Cork, Irlanda ";46;70921
" Albany, New York ";46;70967
" Walnut Creek, California ";46;71013
" Fairfax, Virginia ";46;71059
" Petaling Jaya, Malesia ";45;71104
" Malmö, Svezia ";45;71149
" Bellevue, Washington ";45;71194
" Australia Meridionale, Australia ";45;71239
" Saint Louis, Missouri ";45;71284
" Galway, Irlanda ";45;71329
" York, Regno Unito ";45;71374
" Haarlem, Paesi Bassi ";44;71418
" Menlo Park, California ";44;71462
" Beverly Hills, California ";43;71505
" Guelph, Canada ";43;71548
" Svizzera ";43;71591
" Abu Dhabi, Emirati Arabi Uniti ";43;71634
" Chiang Mai, Tailandia ";43;71677
" Sonoma, California ";42;71719
" Tulsa, Oklahoma ";42;71761
" Hollywood, Florida ";42;71803
" Tallahassee, Florida ";42;71845
" Joshua Tree, California ";42;71887
" Giappone ";42;71929
" Scozia, Regno Unito ";42;71971
" Taipei, Taiwan ";42;72013
" Napa, California ";41;72054
" Salem, Oregon ";41;72095
" Lexington, Kentucky ";41;72136
" Michigan, Stati Uniti ";41;72177
" Medellin, Colombia ";40;72217
" Winston-Salem, North Carolina ";40;72257
" Bethesda, Maryland ";40;72297
" Waterloo, Canada ";40;72337
" Greenville, South Carolina ";40;72377
" Shibuya, Giappone ";40;72417
" El Paso, Texas ";40;72457
" Baton Rouge, Louisiana ";40;72497
" Lilla, Francia ";40;72537
" Vermont, Stati Uniti ";40;72577
" Chico, California ";40;72617
" Palm Springs, California ";39;72656
" Atene, Georgia ";39;72695
" Shenzhen, Cina ";39;72734
" Sebastopol, California ";39;72773
" Evanston, Illinois ";39;72812
" Makati, Filippine ";39;72851
" Knoxville, Tennessee ";39;72890
" Bozeman, Montana ";39;72929
" Virginia, Stati Uniti ";39;72968
" Littleton, Colorado ";39;73007
" Champaign, Illinois ";38;73045
" Mill Valley, California ";38;73083
" Salonicco, Grecia ";38;73121
" Columbia, Missouri ";38;73159
" Reading, Regno Unito ";38;73197
" Surrey, Canada ";38;73235
" Quezon, Filippine ";38;73273
" Colorado, Stati Uniti ";38;73311
" Beaverton, Oregon ";38;73349
" Karlsruhe, Germania ";37;73386
" Anaheim, California ";37;73423
" Brema, Germania ";37;73460
" Burnaby, Canada ";37;73497
" Decatur, Georgia ";37;73534
" Strasburgo, Francia ";37;73571
" Columbia, South Carolina ";37;73608
" West Palm Beach, Florida ";37;73645
" Saint Petersburg, Florida ";37;73682
" Cupertino, California ";36;73718
" Territorio della Capitale Australiana, Australia ";36;73754
" Exeter, Regno Unito ";36;73790
" Tailandia ";36;73826
" Aberdeen, Regno Unito ";36;73862
" Saskatoon, Canada ";36;73898
" Amherst, Massachusetts ";36;73934
" Savannah, Georgia ";36;73970
" Santa Ana, California ";35;74005
" Texas, Stati Uniti ";35;74040
" Costa Mesa, California ";35;74075
" Galles, Regno Unito ";35;74110
" Cary, North Carolina ";35;74145
" Oregon, Stati Uniti ";35;74180
" Malaga, Spagna ";35;74215
" Torrance, California ";35;74250
" Petaluma, California ";34;74284
" Leicester, Regno Unito ";34;74318
" Arcata, California ";34;74352
" Friburgo, Germania ";34;74386
" Wilmington, North Carolina ";34;74420
" Eindhoven, Paesi Bassi ";34;74454
" Cancun, Messico ";34;74488
" Grenoble, Francia ";34;74522
" Bogotá, Colombia ";34;74556
" Dusseldorf, Germania ";34;74590
" Marina del Rey, California ";34;74624
" Chattanooga, Tennessee ";34;74658
" Beirut, Libano ";34;74692
" Montpellier, Francia ";34;74726
" Northampton, Massachusetts ";34;74760
" Hove, Regno Unito ";34;74794
" Brookline, Massachusetts ";34;74828
" Boca Raton, Florida ";34;74862
" Indonesia ";33;74895
" Nimega, Paesi Bassi ";33;74928
" Aquisgrana, Germania ";33;74961
" Wilmington, Delaware ";33;74994
" Newton, Massachusetts ";33;75027
" Byron Bay, Australia ";33;75060
" Lima, Perù ";33;75093
" Genova, Italia ";33;75126
" Plano, Texas ";33;75159
" Napoli, Florida ";33;75192
" Hoboken, New Jersey ";33;75225
" Salisburgo, Austria ";33;75258
" Greensboro, North Carolina ";33;75291
" Riyadh, Arabia Saudita ";32;75323
" Bournemouth, Regno Unito ";32;75355
" Shinjuku, Giappone ";32;75387
" Rockville, Maryland ";32;75419
" Marietta, Georgia ";31;75450
" Lancaster, Pennsylvania ";31;75481
" Isola di Hong Kong, Hong-Kong ";31;75512
" Magonza, Germania ";31;75543
" Canterbury, Nuova Zelanda ";31;75574
" Granada, Spagna ";31;75605
" Syracuse, New York ";31;75636
" Brno, Repubblica Ceca ";31;75667
" Hanoi, Vietnam ";31;75698
" Annapolis, Maryland ";31;75729
" Burbank, California ";31;75760
" Groninga, Paesi Bassi ";31;75791
" San Clemente, California ";31;75822
" Plymouth, Regno Unito ";31;75853
" Leida, Paesi Bassi ";31;75884
" Quebec, Canada ";31;75915
" Selangor, Malesia ";31;75946
" Stanford, California ";31;75977
" Marrakesh, Marocco ";30;76007
" Orange, California ";30;76037
" Filippine ";30;76067
" Worcester, Massachusetts ";30;76097
" Graz, Austria ";30;76127
" Kelowna, Canada ";30;76157
" Messico ";30;76187
" Culver City, California ";30;76217
" Glendale, California ";30;76247
" Frederiksberg, ";30;76277
" Gilbert, Arizona ";30;76307
" Markham, Canada ";30;76337
" Bainbridge Island, Washington ";30;76367
" Il Cairo, Egitto ";30;76397
" Minsk, Bielorussia ";29;76426
" San Jose, Costa Rica ";29;76455
" Pleasanton, California ";29;76484
" Cluj-Napoca, Romania ";29;76513
" Spring, Texas ";29;76542
" Lucerna, Svizzera ";29;76571
" Aurora, Colorado ";29;76600
" Melbourne, Florida ";29;76629
" Redmond, Washington ";29;76658
" Nantes, Francia ";29;76687
" Iowa City, Iowa ";29;76716
" Cheltenham, Regno Unito ";29;76745
" Doha, Qatar ";29;76774
" Carlsbad, California ";29;76803
" Saint John's, Canada ";29;76832
" Richmond, Canada ";29;76861
" Richmond, California ";29;76890
" Lubbock, Texas ";29;76919
" Coventry, Regno Unito ";28;76947
" Durango, Colorado ";28;76975
" Little Rock, Arkansas ";28;77003
" Laguna Beach, California ";28;77031
" Malibu, California ";28;77059
" Washington D.C., District of Columbia ";28;77087
" State College, Pennsylvania ";28;77115
" Goleta, California ";28;77143
" Canarie, Spagna ";28;77171
" Lafayette, Louisiana ";28;77199
" Nelson, Nuova Zelanda ";28;77227
" North Carolina, Stati Uniti ";28;77255
" Corvallis, Oregon ";28;77283
" St Petersburg, Florida ";28;77311
" Maastricht, Paesi Bassi ";28;77339
" Regina, Canada ";28;77367
" Newcastle, Australia ";28;77395
" Chula Vista, California ";27;77422
" Lovanio, Belgio ";27;77449
" Setagaya, Giappone ";27;77476
" Malta ";27;77503
" Grecia ";27;77530
" Livermore, California ";27;77557
" Lawrence, Kansas ";27;77584
" Norman, Oklahoma ";27;77611
" Kitchener, Canada ";27;77638
" South Lake Tahoe, California ";27;77665
" San Anselmo, California ";27;77692
" Belo Horizonte, Brasile ";27;77719
" Pisa, Italia ";27;77746
" Trondheim, Norvegia ";27;77773
" Springfield, Missouri ";27;77800
" Kailua, Hawaii ";26;77826
" Redding, California ";26;77852
" Bilbao, Spagna ";26;77878
" Pune, India ";26;77904
" Arlington, Texas ";26;77930
" Henderson, Nevada ";26;77956
" Portsmouth, Regno Unito ";26;77982
" Los Altos, California ";26;78008
" Canton, Cina ";26;78034
" Padova, Italia ";26;78060
" Roseville, California ";26;78086
" Park City, Utah ";26;78112
" Tasmania, Australia ";26;78138
" Los Gatos, California ";26;78164
" Limerick, Irlanda ";26;78190
" Phuket, Tailandia ";26;78216
" Traverse City, Michigan ";25;78241
" Windsor, Canada ";25;78266
" Ojai, California ";25;78291
" Ramos Mejía, Argentina ";25;78316
" Wiesbaden, Germania ";25;78341
" Palma de Mallorca, Spagna ";25;78366
" Aix-en-Provence, Francia ";25;78391
" Guildford, Regno Unito ";25;78416
" Castro Valley, California ";25;78441
" Norfolk, Virginia ";25;78466
" Porto Alegre, Brasile ";25;78491
" Bruges, Belgio ";25;78516
" Fayetteville, Arkansas ";25;78541
" Tbilisi, Georgia ";25;78566
" Rochester, Minnesota ";25;78591
" San Sebastián, Spagna ";24;78615
" Chandler, Arizona ";24;78639
" Guadalajara, Messico ";24;78663
" Rio, Brasile ";24;78687
" Campbell, California ";24;78711
" Dunedin, Nuova Zelanda ";24;78735
" Washington, Stati Uniti ";24;78759
" Lussemburgo ";24;78783
" Kalamazoo, Michigan ";24;78807
" Manhattan Beach, California ";24;78831
" Bondi Beach, Australia ";24;78855
" Sandton, Sudafrica ";24;78879
" Bakersfield, California ";24;78903
" Medford, Massachusetts ";24;78927
" Sedona, Arizona ";24;78951
" Oceanside, California ";24;78975
" Montclair, New Jersey ";24;78999
" Lund, Svezia ";24;79023
" Clearwater, Florida ";24;79047
" Mobile, Alabama ";24;79071
" Nairobi, Kenya ";24;79095
" Grass Valley, California ";24;79119
" Montevideo, Uruguay ";24;79143
" Redondo Beach, California ";23;79166
" L'Avana, Cuba ";23;79189
" Oakville, Canada ";23;79212
" Palma di Maiorca, Spagna ";23;79235
" Ventura, California ";23;79258
" Kihei, Hawaii ";23;79281
" Las Cruces, New Mexico ";23;79304
" Burlingame, California ";23;79327
" Key West, Florida ";23;79350
" Malesia ";23;79373
" Pensacola, Florida ";23;79396
" West Hartford, Connecticut ";23;79419
" San Carlos, California ";23;79442
" Odense, ";23;79465
" Santa Clarita, California ";23;79488
" Renton, Washington ";23;79511
" Polonia ";23;79534
" Fort Myers, Florida ";23;79557
" Quito, Ecuador ";23;79580
" Recife, Brasile ";23;79603
" San Ramon, California ";23;79626
" Missouri, Stati Uniti ";23;79649
" Golden, Colorado ";23;79672
" Verona, Italia ";23;79695
" Kiel, Germania ";22;79717
" Monterrey, Messico ";22;79739
" Wichita, Kansas ";22;79761
" Urbana, Illinois ";22;79783
" Uppsala, Svezia ";22;79805
" Zara, Croazia ";22;79827
" Stamford, Connecticut ";22;79849
" Ankara, Turchia ";22;79871
" Bothell, Washington ";22;79893
" Haifa, Israele ";22;79915
" Hillsboro, Oregon ";22;79937
" Vaughan, Canada ";22;79959
" Stockton, California ";22;79981
" Cartagena, Colombia ";22;80003
" Paso Robles, California ";22;80025
" Bochum, Germania ";22;80047
" Kirkland, Washington ";22;80069
" Connecticut, Stati Uniti ";22;80091
" Macao ";22;80113
" Queenstown, Nuova Zelanda ";22;80135
" San Miguel de Allende, Messico ";22;80157
" Santo Domingo, Repubblica Dominicana ";22;80179
" Claremont, California ";22;80201
" Canterbury, Regno Unito ";22;80223
" Aptos, California ";22;80245
" Falls Church, Virginia ";22;80267
" Hobart, Australia ";22;80289
" College Station, Texas ";22;80311
" Des Moines, Iowa ";22;80333
" Newport, Rhode Island ";22;80355
" Mesa, Arizona ";21;80376
" Columbia, Maryland ";21;80397
" Lincoln, Nebraska ";21;80418
" Fullerton, California ";21;80439
" Novato, California ";21;80460
" Royal Oak, Michigan ";21;80481
" McLean, Virginia ";21;80502
" Concord, California ";21;80523
" San Leandro, California ";21;80544
" Puerto Vallarta, Messico ";21;80565
" Temecula, California ";21;80586
" Lussemburgo, Lussemburgo ";21;80607
" Winterthur, Svizzera ";21;80628
" Rancho Cucamonga, California ";21;80649
" Bethlehem, Pennsylvania ";21;80670
" Brunswick, Australia ";21;80691
" Issaquah, Washington ";21;80712
" Chania, Grecia ";21;80733
" Whittier, California ";21;80754
" Rennes, Francia ";21;80775
" Vallejo, California ";21;80796
" Essen, Germania ";20;80816
" Taichung, Taiwan ";20;80836
" Albany, California ";20;80856
" Waltham, Massachusetts ";20;80876
" Vienna, Virginia ";20;80896
" Sarajevo, Bosnia Erzegovina ";20;80916
" South Bend, Indiana ";20;80936
" Milton Keynes, Regno Unito ";20;80956
" Denpasar, Indonesia ";20;80976
" Overland Park, Kansas ";20;80996
" Como, Italia ";20;81016
" Laguna Niguel, California ";20;81036
" Round Rock, Texas ";20;81056
" Brampton, Canada ";20;81076
" Wroc?aw, Polonia ";20;81096
" Port Macquarie, Australia ";20;81116
" Colombo, Sri Lanka ";20;81136
" Maryland, Stati Uniti ";20;81156
" Minato, Giappone ";20;81176
" Provo, Utah ";20;81196
" Antwerpen, Belgio ";20;81216
" Squamish, Canada ";19;81235
" Greenwich, Connecticut ";19;81254
" Longmont, Colorado ";19;81273
" Distretto Federale, Messico ";19;81292
" Hayward, California ";19;81311
" Pacific Grove, California ";19;81330
" Beacon, New York ";19;81349
" Pretoria, Sudafrica ";19;81368
" Manly, Australia ";19;81387
" Hilo, Hawaii ";19;81406
" Mission Viejo, California ";19;81425
" Truckee, California ";19;81444
" East Lansing, Michigan ";19;81463
" Gand, Belgio ";19;81482
" Hudson, New York ";19;81501
" Ohio, Stati Uniti ";19;81520
" Port Townsend, Washington ";19;81539
" Aalborg, ";19;81558
" Corona, California ";19;81577
" Roanoke, Virginia ";19;81596
" Siena, Italia ";19;81615
" Penang, Malesia ";19;81634
" Delray Beach, Florida ";19;81653
" Belgio ";19;81672
" Hartford, Connecticut ";19;81691
" Norwalk, Connecticut ";19;81710
" Oak Park, Illinois ";19;81729
" Chengdu, Cina ";18;81747
" West Chester, Pennsylvania ";18;81765
" Mannheim, Germania ";18;81783
" Breda, Paesi Bassi ";18;81801
" Naperville, Illinois ";18;81819
" Quincy, Massachusetts ";18;81837
" Frederick, Maryland ";18;81855
" Bergamo, Italia ";18;81873
" Stavanger, Norvegia ";18;81891
" Espoo, Finlandia ";18;81909
" Lake Oswego, Oregon ";18;81927
" Kamloops, Canada ";18;81945
" Brasília, Brasile ";18;81963
" Healdsburg, California ";18;81981
" Coimbra, Portogallo ";18;81999
" Fort Wayne, Indiana ";18;82017
" El Cerrito, California ";18;82035
" Durham, Regno Unito ";18;82053
" Cascais, Portogallo ";18;82071
" Tauranga, Nuova Zelanda ";18;82089
" Austria ";18;82107
" Annecy, Francia ";18;82125
" Carmel, Indiana ";18;82143
" Roswell, Georgia ";18;82161
" Arvada, Colorado ";18;82179
" St Louis, Missouri ";18;82197
" Portogallo ";18;82215
" Modesto, California ";18;82233
" Delft, Paesi Bassi ";18;82251
" Nelson, Canada ";18;82269
" St. Augustine, Florida ";18;82287
" Fremantle, Australia ";18;82305
" Göttingen, Germania ";17;82322
" Arlington, Massachusetts ";17;82339
" Katy, Texas ";17;82356
" Vista, California ";17;82373
" Altadena, California ";17;82390
" Carmel, California ";17;82407
" Tübingen, Germania ";17;82424
" Half Moon Bay, California ";17;82441
" Gig Harbor, Washington ";17;82458
" Camarillo, California ";17;82475
" Brasile ";17;82492
" Reston, Virginia ";17;82509
" Edmond, Oklahoma ";17;82526
" Almaty, Kazakistan ";17;82543
" New Westminster, Canada ";17;82560
" Salinas, California ";17;82577
" Brasilia, Brasile ";17;82594
" Winter Park, Florida ";17;82611
" Fitzroy, Australia ";17;82628
" Serbia ";17;82645
" Kaunas, Lituania ";17;82662
" Harrisburg, Pennsylvania ";17;82679
" Panama, Panama ";17;82696
" Città del Guatemala, Guatemala ";17;82713
" Wisconsin, Stati Uniti ";17;82730
" Irving, Texas ";17;82747
" Catania, Italia ";17;82764
" Cusco, Perù ";17;82781
" Tampere, Finlandia ";17;82798
" Hood River, Oregon ";17;82815
" Appleton, Wisconsin ";17;82832
" New Taipei City, Taiwan ";17;82849
" Nashua, New Hampshire ";17;82866
" Richmond, Australia ";17;82883
" Williamsburg, Virginia ";17;82900
" Thousand Oaks, California ";17;82917
" Pula, Croazia ";17;82934
" Ukiah, California ";17;82951
" San José, Costa Rica ";17;82968
" Newark, New Jersey ";16;82984
" South Yarra, Australia ";16;83000
" Gatineau, Canada ";16;83016
" Saratoga, California ";16;83032
" Worthing, Regno Unito ";16;83048
" Denton, Texas ";16;83064
" New Territories, Hong-Kong ";16;83080
" Québec City, Canada ";16;83096
" San Gallo, Svizzera ";16;83112
" Chester, Regno Unito ";16;83128
" Tilburg, Paesi Bassi ";16;83144
" Helena, Montana ";16;83160
" Herndon, Virginia ";16;83176
" Las Palmas de Gran Canaria, Spagna ";16;83192
" Liège, Belgio ";16;83208
" Casablanca, Marocco ";16;83224
" Everett, Washington ";16;83240
" Croazia ";16;83256
" Antigua Guatemala, Guatemala ";16;83272
" Havana, Cuba ";16;83288
" Arnhem, Paesi Bassi ";16;83304
" Emeryville, California ";16;83320
" Kuta, Indonesia ";16;83336
" Tennessee, Stati Uniti ";16;83352
" Turku, Finlandia ";16;83368
" Woodstock, New York ";16;83384
" Cumming, Georgia ";16;83400
" Visalia, California ";16;83416
" Alpharetta, Georgia ";16;83432
" Curitiba, Brasile ";16;83448
" Folsom, California ";16;83464
" Grand Junction, Colorado ";16;83480
" Hyattsville, Maryland ";16;83496
" West Lafayette, Indiana ";16;83512
" Santa Cruz de Tenerife, Spagna ";16;83528
" Würzburg, Germania ";16;83544
" Wheaton, Illinois ";16;83560
" New Mexico, Stati Uniti ";16;83576
" Novi Sad, Serbia ";16;83592
" Eureka, California ";16;83608
" Coquitlam, Canada ";16;83624
" Manchester, New Hampshire ";16;83640
" Nevada City, California ";16;83656
" Dundee, Regno Unito ";16;83672
" Sayulita, Messico ";15;83687
" Northampton, Regno Unito ";15;83702
" Laurel, Maryland ";15;83717
" Potsdam, Germania ";15;83732
" Fountain Valley, California ";15;83747
" Kissimmee, Florida ";15;83762
" Windsor, California ";15;83777
" Duisburg, Germania ";15;83792
" Milpitas, California ";15;83807
" Laval, Canada ";15;83822
" Ratisbona, Germania ";15;83837
" Medford, Oregon ";15;83852
" Fair Oaks, California ";15;83867
" Royal Leamington Spa, Regno Unito ";15;83882
" Taos, New Mexico ";15;83897
" Innsbruck, Austria ";15;83912
" Arroyo Grande, California ";15;83927
" Franklin, Tennessee ";15;83942
" Barrie, Canada ";15;83957
" Odessa, Ucraina ";15;83972
" Bremerton, Washington ";15;83987
" Amersfoort, Paesi Bassi ";15;84002
" Salem, Massachusetts ";15;84017
" Richardson, Texas ";15;84032
" Woking, Regno Unito ";15;84047
" Burlington, Canada ";15;84062
" Richmond Hill, Canada ";15;84077
" Pompano Beach, Florida ";15;84092
" Walla Walla, Washington ";15;84107
" Mendocino, California ";15;84122
" Amarillo, Texas ";15;84137
" Costa Rica ";15;84152
" Lincoln, Regno Unito ";15;84167
" Saratoga Springs, New York ";15;84182
" New Hampshire, Stati Uniti ";15;84197
" Durban, Sudafrica ";15;84212
" South San Francisco, California ";15;84227
" Sausalito, California ";15;84242
" Mount Pleasant, South Carolina ";15;84257
" Yorba Linda, California ";15;84272
" Ogden, Utah ";15;84287
" Vashon, Washington ";15;84302
" Goa, India ";15;84317
" Kingston, New York ";15;84332
" Saint Albans, Regno Unito ";15;84347
" Hilversum, Paesi Bassi ";15;84362
" Merida, Messico ";15;84377
" Loveland, Colorado ";15;84392
" Watertown, Massachusetts ";15;84407
" Escondido, California ";15;84422
" Lesina, Croazia ";14;84436
" Brunswick, Germania ";14;84450
" Shah Alam, Malesia ";14;84464
" Hangzhou, Cina ";14;84478
" Redlands, California ";14;84492
" Norvegia ";14;84506
" Morgantown, West Virginia ";14;84520
" 's-Hertogenbosch, Paesi Bassi ";14;84534
" Meguro, Giappone ";14;84548
" Hermosa Beach, California ";14;84562
" Kowloon, Hong-Kong ";14;84576
" Dublin, California ";14;84590
" Swansea, Regno Unito ";14;84604
" Ixelles, Belgio ";14;84618
" Thunder Bay, Canada ";14;84632
" Lugano, Svizzera ";14;84646
" Lafayette, California ";14;84660
" Troy, Michigan ";14;84674
" Newtown, Australia ";14;84688
" Maine, Stati Uniti ";14;84702
" Antibes, Francia ";14;84716
" Blacksburg, Virginia ";14;84730
" Chelmsford, Regno Unito ";14;84744
" Cannes, Francia ";14;84758
" Loughborough, Regno Unito ";14;84772
" Ekaterinburg, Russia ";14;84786
" Springfield, Virginia ";14;84800
" Belmont, California ";14;84814
" Alicante, Spagna ";14;84828
" Gaithersburg, Maryland ";14;84842
" San Gabriel, California ";14;84856
" Fayetteville, North Carolina ";14;84870
" Swindon, Regno Unito ";14;84884
" Sharjah, Emirati Arabi Uniti ";14;84898
" Russia ";14;84912
" Martinez, California ";14;84926
" Waco, Texas ";14;84940
" Lakeland, Florida ";14;84954
" Regione della capitale Giacarta, Indonesia ";14;84968
" Aliso Viejo, California ";14;84982
" South Portland, Maine ";14;84996
" La Mesa, California ";14;85010
" Skopje, Macedonia ";14;85024
" Finlandia ";14;85038
" Hamilton, Nuova Zelanda ";14;85052
" Rotorua, Nuova Zelanda ";14;85066
" Sonora, California ";14;85080
" Pismo Beach, California ";14;85094
" Randburg, Sudafrica ";14;85108
" Vacaville, California ";14;85122
" Linz, Austria ";14;85136
" Frisco, Texas ";14;85150
" Mount Shasta, California ";14;85164
" Kassel, Germania ";14;85178
" Holland, Michigan ";14;85192
" Peterborough, Regno Unito ";14;85206
" Ashburn, Virginia ";14;85220
" White Plains, New York ";14;85234
" Lynnwood, Washington ";14;85248
" Astoria, Oregon ";14;85262
" Jackson, Mississippi ";14;85276
" Stockport, Regno Unito ";14;85290
" Trieste, Italia ";14;85304
" Bedford, Regno Unito ";14;85318
" Cedar Rapids, Iowa ";14;85332
" Kanab, Utah ";13;85345
" Carrboro, North Carolina ";13;85358
" Zugo, Svizzera ";13;85371
" Totnes, Regno Unito ";13;85384
" Erlangen, Germania ";13;85397
" Garden Grove, California ";13;85410
" Twickenham, Regno Unito ";13;85423
" Boulogne-Billancourt, Francia ";13;85436
" Lowell, Massachusetts ";13;85449
" Kennewick, Washington ";13;85462
" Rhinebeck, New York ";13;85475
" Chisinau, Moldavia ";13;85488
" Kathmandu, Nepal ";13;85501
" Argentina ";13;85514
" Fairfax, California ";13;85527
" Ames, Iowa ";13;85540
" Bradford, Regno Unito ";13;85553
" Hamden, Connecticut ";13;85566
" Alhambra, California ";13;85579
" Elk Grove, California ";13;85592
" Parker, Colorado ";13;85605
" Englewood, Colorado ";13;85618
" Auburn, Washington ";13;85631
" Cambria, California ";13;85644
" Toscana, Italia ";13;85657
" Akron, Ohio ";13;85670
" Maplewood, New Jersey ";13;85683
" Toledo, Ohio ";13;85696
" Eastbourne, Regno Unito ";13;85709
" Lansing, Michigan ";13;85722
" Washington, D.C., District of Columbia ";13;85735
" Port Elizabeth, Sudafrica ";13;85748
" Québec, Canada ";13;85761
" Vail, Colorado ";13;85774
" Sarnia, Canada ";13;85787
" Apeldoorn, Paesi Bassi ";13;85800
" Busan, Corea del Sud ";13;85813
" Arcadia, California ";13;85826
" Augusta, Georgia ";13;85839
" El Dorado Hills, California ";13;85852
" Boone, North Carolina ";13;85865
" Tuscaloosa, Alabama ";13;85878
" Soquel, California ";13;85891
" Derby, Regno Unito ";13;85904
" Hyderabad, India ";13;85917
" Coblenza, Germania ";13;85930
" South Jordan, Utah ";13;85943
" Lombardia, Italia ";13;85956
" Fargo, North ";13;85969
" Morro Bay, California ";13;85982
" Indio, California ";13;85995
" Sudbury, Canada ";13;86008
" Lafayette, Colorado ";13;86021
" Kapaa, Hawaii ";13;86034
" Paddington, Australia ";13;86047
" Warwick, Rhode Island ";13;86060
" Whistler, Canada ";13;86073
" Dortmund, Germania ";13;86086
" Whitehorse, Canada ";13;86099
" Chennai, India ";13;86112
" Sterling, Virginia ";13;86125
" Lima District, Perù ";13;86138
" Tahoe City, California ";13;86151
" Steamboat Springs, Colorado ";13;86164
" Kota Kinabalu, Malesia ";12;86176
" Chino Hills, California ";12;86188
" Glenview, Illinois ";12;86200
" Courbevoie, Francia ";12;86212
" Ipswich, Regno Unito ";12;86224
" Lucca, Italia ";12;86236
" Logan, Utah ";12;86248
" Annandale, Virginia ";12;86260
" Minnesota, Stati Uniti ";12;86272
" Quebec City, Canada ";12;86284
" Harrisonburg, Virginia ";12;86296
" Vicenza, Italia ";12;86308
" Tustin, California ";12;86320
" Green Bay, Wisconsin ";12;86332
" Bermuda ";12;86344
" Veneto, Italia ";12;86356
" Repubblica Ceca ";12;86368
" Fairfield, Connecticut ";12;86380
" Centreville, Virginia ";12;86392
" Arizona, Stati Uniti ";12;86404
" Edmonds, Washington ";12;86416
" Isole Baleari, Spagna ";12;86428
" Pamplona, Spagna ";12;86440
" Digione, Francia ";12;86452
" Bolton, Regno Unito ";12;86464
" Benicia, California ";12;86476
" Georgia, Stati Uniti ";12;86488
" Stirling, Regno Unito ";12;86500
" El Segundo, California ";12;86512
" Sioux Falls, South ";12;86524
" Sugar Land, Texas ";12;86536
" Stellenbosch, Sudafrica ";12;86548
" Oldenburg, Germania ";12;86560
" Saragozza, Spagna ";12;86572
" Grapevine, Texas ";12;86584
" Konstanz, Germania ";12;86596
" Brattleboro, Vermont ";12;86608
" Venezia, Florida ";12;86620
" Lüneburg, Germania ";12;86632
" Newberg, Oregon ";12;86644
" Duluth, Minnesota ";12;86656
" Corpus Christi, Texas ";12;86668
" Ellicott City, Maryland ";12;86680
" Yokohama, Giappone ";12;86692
" Williamstown, Massachusetts ";12;86704
" Moab, Utah ";12;86716
" Topanga, California ";12;86728
" Almere, Paesi Bassi ";12;86740
" Tainan, Taiwan ";12;86752
" Kolkata, India ";12;86764
" Stuart, Florida ";12;86776
" Rincón, Portorico ";12;86788
" Newport, Regno Unito ";12;86800
" Chevy Chase, Maryland ";12;86812
" Saarbrücken, Germania ";12;86824
" San Marcos, California ";12;86836
" Brentwood, California ";12;86848
" Portorico ";12;86860
" Parma, Italia ";12;86872
" Vero Beach, Florida ";12;86884
" Carmel-by-the-Sea, California ";12;86896
" Galveston, Texas ";12;86908
" Fitzroy North, Australia ";12;86920
" Wilton Manors, Florida ";12;86932
" Aspen, Colorado ";12;86944
" Monaco ";12;86956
" Templeton, California ";12;86968
" Macon, Georgia ";12;86980
" Pacifica, California ";12;86992
" Brest, Francia ";11;87003
" Provincetown, Massachusetts ";11;87014
" Preston, Regno Unito ";11;87025
" San Sebastian, Spagna ";11;87036
" Walnut, California ";11;87047
" George Town, Malesia ";11;87058
" Simi Valley, California ";11;87069
" Penticton, Canada ";11;87080
" Rancho Palos Verdes, California ";11;87091
" Rhode Island, Stati Uniti ";11;87102
" Big Bear Lake, California ";11;87113
" Edison, New Jersey ";11;87124
" Chilliwack, Canada ";11;87135
" Nuova Scozia, Canada ";11;87146
" Rocklin, California ";11;87157
" West Jordan, Utah ";11;87168
" Sitges, Spagna ";11;87179
" Oxford, Mississippi ";11;87190
" Breslavia, Polonia ";11;87201
" Laguna Hills, California ";11;87212
" Belvedere Tiburon, California ";11;87223
" Saint Catharines, Canada ";11;87234
" Oakhurst, California ";11;87245
" Versailles, Francia ";11;87256
" Bay of Plenty, Nuova Zelanda ";11;87267
" Biel/Bienne, Svizzera ";11;87278
" Illinois, Stati Uniti ";11;87289
" Pozna?, Polonia ";11;87300
" Novosibirsk, Russia ";11;87311
" Puyallup, Washington ";11;87322
" Gilroy, California ";11;87333
" Salisbury, Regno Unito ";11;87344
" Prince George, Canada ";11;87355
" Newburyport, Massachusetts ";11;87366
" Solana Beach, California ";11;87377
" Kent, Washington ";11;87388
" Clovis, California ";11;87399
" McKinney, Texas ";11;87410
" Farnham, Regno Unito ";11;87421
" Varna, Bulgaria ";11;87432
" Ridgewood, New Jersey ";11;87443
" P?hoa, Hawaii ";11;87454
" Zapopan, Messico ";11;87465
" Warrington, Regno Unito ";11;87476
" Telluride, Colorado ";11;87487
" Oxnard, California ";11;87498
" Chesapeake, Virginia ";11;87509
" Surabaya, Indonesia ";11;87520
" Northern Ireland, Regno Unito ";11;87531
" Canmore, Canada ";11;87542
" Livorno, Italia ";11;87553
" Concord, Massachusetts ";11;87564
" Cordoba, Argentina ";11;87575
" Fallbrook, California ";11;87586
" Camperdown, Australia ";11;87597
" Cebu, Filippine ";11;87608
" Gardena, California ";11;87619
" Troy, New York ";11;87630
" Brescia, Italia ";11;87641
" Aurora, Illinois ";11;87652
" Lethbridge, Canada ";11;87663
" Wanaka, Nuova Zelanda ";11;87674
" Ashford, Regno Unito ";11;87685
" West New York, New Jersey ";11;87696
" South Pasadena, California ";11;87707
" Nagoya, Giappone ";11;87718
" Florianópolis, Brasile ";11;87729
" Allentown, Pennsylvania ";11;87740
" Murfreesboro, Tennessee ";11;87751
" Lexington, Massachusetts ";11;87762
" Union City, California ";11;87773
" St Paul, Minnesota ";11;87784
" Zwolle, Paesi Bassi ";11;87795
" Ahmedabad, India ";11;87806
" Fairbanks, Alaska ";11;87817
" Guerneville, California ";11;87828
" Faro, Portogallo ";11;87839
" Nanaimo, Canada ";11;87850
" Portsmouth, New Hampshire ";11;87861
" Lansdale, Pennsylvania ";11;87872
" Alkmaar, Paesi Bassi ";11;87883
" Arlington Heights, Illinois ";11;87894
" Birmingham, Michigan ";11;87905
" Cali, Colombia ";11;87916
" Salvador, Brasile ";11;87927
" Tartu, Estonia ";11;87938
" Winchester, Regno Unito ";11;87949
" Glendora, California ";10;87959
" Kilkenny, Irlanda ";10;87969
" Cypress, California ";10;87979
" Sunny Isles Beach, Florida ";10;87989
" Oregon City, Oregon ";10;87999
" Carrollton, Texas ";10;88009
" Elwood, Australia ";10;88019
" Santiago de Querétaro, Messico ";10;88029
" San Juan Capistrano, California ";10;88039
" Ferrara, Italia ";10;88049
" Friburgo, Svizzera ";10;88059
" Lübeck, Germania ";10;88069
" Bloemfontein, Sudafrica ";10;88079
" Bendigo, Australia ";10;88089
" Indiana, Stati Uniti ";10;88099
" Newport News, Virginia ";10;88109
" Charlottetown, Canada ";10;88119
" Dunedin, Florida ";10;88129
" Lincoln, California ";10;88139
" Jackson, Wyoming ";10;88149
" Peterborough, Canada ";10;88159
" Dublin, Ohio ";10;88169
" Tromsø, Norvegia ";10;88179
" Vincennes, Francia ";10;88189
" Livonia, Michigan ";10;88199
" Jupiter, Florida ";10;88209
" Libertyville, Illinois ";10;88219
" Amman, Giordania ";10;88229
" Wolverhampton, Regno Unito ";10;88239
" Placerville, California ";10;88249
" Brunswick West, Australia ";10;88259
" Rouen, Francia ";10;88269
" Torquay, Australia ";10;88279
" Niagara Falls, Canada ";10;88289
" Garland, Texas ";10;88299
" Poway, California ";10;88309
" Yonkers, New York ";10;88319
" Ajax, Canada ";10;88329
" Inverness, Regno Unito ";10;88339
" Kingston, Giamaica ";10;88349
" Watford, Regno Unito ";10;88359
" Concord, New Hampshire ";10;88369
" Glendale, Arizona ";10;88379
" Coffs Harbour, Australia ";10;88389
" Enmore, Australia ";10;88399
" Brea, California ";10;88409
" Rabat, Marocco ";10;88419
" Java Occidentale, Indonesia ";10;88429
" Duluth, Georgia ";10;88439
" Orem, Utah ";10;88449
" Lecce, Italia ";10;88459
" Cochrane, Canada ";10;88469
" Bluffton, South Carolina ";10;88479
" Pleasant Hill, California ";10;88489
" Marbella, Spagna ";10;88499
" Coronado, California ";10;88509
" Cadice, Spagna ";10;88519
" Lutherville-Timonium, Maryland ";10;88529
" Treviri, Germania ";10;88539
" Langley, Canada ";10;88549
" Poznan, Polonia ";10;88559
" Montpelier, Vermont ";10;88569
" Abbotsford, Canada ";10;88579
" Kaneohe, Hawaii ";10;88589
" Colchester, Regno Unito ";10;88599
" Coeur d'Alene, Idaho ";10;88609
" Kennesaw, Georgia ";10;88619
" Orinda, California ";10;88629
" Huntington Station, New York ";10;88639
" Boynton Beach, Florida ";10;88649
" Wollongong, Australia ";10;88659
" Bradenton, Florida ";10;88669
" Brunswick, Maine ";10;88679
" Bamberg, Germania ";10;88689
" Monterey Park, California ";10;88699
" Territorio del Nord, Australia ";10;88709
" Gloucester, Massachusetts ";10;88719
" Zoetermeer, Paesi Bassi ";10;88729
" Peoria, Illinois ";10;88739
" Eden Prairie, Minnesota ";10;88749
" Louisiana, Stati Uniti ";10;88759
" La Quinta, California ";10;88769
" Sandy, Utah ";10;88779
" Sudafrica ";10;88789
" Cambridge, Canada ";10;88799
" Koto, Giappone ";10;88809
" Izmir, Turchia ";10;88819
" Lake Worth, Florida ";10;88829
" Augusta, Germania ";10;88839
" Lake Forest, California ";10;88849
" Gouda, Paesi Bassi ";10;88859
" Cordoba, Spagna ";10;88869
" Fes, Marocco ";10;88879
" Cerritos, California ";10;88889
" Springfield, Illinois ";10;88899
" East Hampton, New York ";10;88909
" Manassas, Virginia ";10;88919
" Westminster, Colorado ";10;88929
" Cypress, Texas ";10;88939
" Colombia ";10;88949
" Billings, Montana ";10;88959
" Hawthorn, Australia ";10;88969
" Poughkeepsie, New York ";10;88979
" Princeville, Hawaii ";10;88989
" Sapporo, Giappone ";10;88999
" Morgan Hill, California ";10;89009
" Metro Manila, Filippine ";10;89019
" Bloomington, Illinois ";10;89029
" Coburg, Australia ";10;89039
" Phoenixville, Pennsylvania ";10;89049
" Midlothian, Virginia ";10;89059
" Friday Harbor, Washington ";9;89068
" Belize ";9;89077
" Idaho Falls, Idaho ";9;89086
" Weston-super-Mare, Regno Unito ";9;89095
" Courtenay, Canada ";9;89104
" Coral Gables, Florida ";9;89113
" Campinas, Brasile ";9;89122
" Otago, Nuova Zelanda ";9;89131
" Kaiserslautern, Germania ";9;89140
" Woodbridge, Virginia ";9;89149
" Hopkinton, Massachusetts ";9;89158
" Svezia ";9;89167
" West Covina, California ";9;89176
" Malacca, Malesia ";9;89185
" Northcote, Australia ";9;89194
" Palm Beach Gardens, Florida ";9;89203
" Hanover, New Hampshire ";9;89212
" Wakefield, Regno Unito ";9;89221
" Modena, Italia ";9;89230
" Ravenna, Italia ";9;89239
" Brisbane City, Australia ";9;89248
" Phnom Penh, Cambogia ";9;89257
" Fredericksburg, Virginia ";9;89266
" Port Jefferson, New York ";9;89275
" Southend-on-Sea, Regno Unito ";9;89284
" Saint Kilda, Australia ";9;89293
" McMinnville, Oregon ";9;89302
" Bayreuth, Germania ";9;89311
" Takoma Park, Maryland ";9;89320
" Suzhou, Cina ";9;89329
" Getxo, Spagna ";9;89338
" Antioch, California ";9;89347
" Guanacaste, Costa Rica ";9;89356
" Richmond, Regno Unito ";9;89365
" Cheltenham, Australia ";9;89374
" Valley Stream, New York ";9;89383
" Sliema, Malta ";9;89392
" Montreuil, Francia ";9;89401
" Saint Augustine, Florida ";9;89410
" Marfa, Texas ";9;89419
" Haiku-Pauwela, Hawaii ";9;89428
" Rodi, Grecia ";9;89437
" Woodstock, Georgia ";9;89446
" El Sobrante, California ";9;89455
" Saint-Gilles, Belgio ";9;89464
" Schenectady, New York ";9;89473
" Murrieta, California ";9;89482
" Haleiwa, Hawaii ";9;89491
" Seal Beach, California ";9;89500
" Suginami, Giappone ";9;89509
" Avignone, Francia ";9;89518
" Homestead, Florida ";9;89527
" Limassol, Cipro ";9;89536
" Rethymno, Grecia ";9;89545
" Orpington, Regno Unito ";9;89554
" Slough, Regno Unito ";9;89563
" Wageningen, Paesi Bassi ";9;89572
" Needham, Massachusetts ";9;89581
" Cleveland Heights, Ohio ";9;89590
" Snohomish, Washington ";9;89599
" Evergreen, Colorado ";9;89608
" Kingston upon Thames, Regno Unito ";9;89617
" Catonsville, Maryland ";9;89626
" Longueuil, Canada ";9;89635
" Flemington, New Jersey ";9;89644
" Moncton, Canada ";9;89653
" Meridian, Idaho ";9;89662
" Geelong, Australia ";9;89671
" Belmont, Massachusetts ";9;89680
" Midland, Texas ";9;89689
" Newtown, Pennsylvania ";9;89698
" Reading, Pennsylvania ";9;89707
" Rostock, Germania ";9;89716
" Freeport, Maine ";9;89725
" Yakima, Washington ";9;89734
" Carlton, Australia ";9;89743
" High Wycombe, Regno Unito ";9;89752
" Schaerbeek, Belgio ";9;89761
" Cathedral City, California ";9;89770
" Dover, New Hampshire ";9;89779
" Sammamish, Washington ";9;89788
" Reykjanesbær, Islanda ";9;89797
" Flower Mound, Texas ";9;89806
" Panama City, Panama ";9;89815
" Leesburg, Virginia ";9;89824
" Hull, Regno Unito ";9;89833
" North Bay, Canada ";9;89842
" Panama ";9;89851
" California ";9;89860
" Carmichael, California ";9;89869
" Middlebury, Vermont ";9;89878
" Port Angeles, Washington ";9;89887
" Upland, California ";9;89896
" Bielefeld, Germania ";9;89905
" Chino, California ";9;89914
" Hitchin, Regno Unito ";9;89923
" Reims, Francia ";9;89932
" Milton, Massachusetts ";9;89941
" Wilmette, Illinois ";9;89950
" Giessen, Germania ";9;89959
" Lewes, Regno Unito ";9;89968
" Kuwait City, Kuwait ";9;89977
" Coogee, Australia ";9;89986
" Mount Vernon, Washington ";9;89995
" Nassau, Bahamas ";9;90004
" Granite Bay, California ";9;90013
" Homer, Alaska ";9;90022
" Milton, Canada ";9;90031
" Bronte, Australia ";9;90040
" Plovdiv, Bulgaria ";9;90049
" Fishers, Indiana ";9;90058
" Île-de-France, Francia ";9;90067
" Lynchburg, Virginia ";9;90076
" Kobe, Giappone ";9;90085
" Tours, Francia ";9;90094
" Wuppertal, Germania ";9;90103
" Cagliari, Italia ";9;90112
" Ontario, California ";9;90121
" La Cañada Flintridge, California ";9;90130
" Fukuoka, Giappone ";9;90139
" Oulu, Finlandia ";9;90148
" Timi?oara, Romania ";9;90157
" Mason, Ohio ";9;90166
" La Verne, California ";9;90175
" Palm Desert, California ";9;90184
" North Las Vegas, Nevada ";9;90193
" Farmington Hills, Michigan ";9;90202
" Foster City, California ";9;90211
" Cairns, Australia ";9;90220
" Baywood-Los Osos, California ";9;90229
" Allen, Texas ";9;90238
" Ulm, Germania ";9;90247
" Keene, New Hampshire ";9;90256
" Oshawa, Canada ";9;90265
" Kensington, Australia ";9;90274
" Greenville, North Carolina ";9;90283
" Gurgaon, India ";9;90292
" Kansas City, Kansas ";9;90301
" Weehawken, New Jersey ";8;90309
" Key Biscayne, Florida ";8;90317
" Kennebunk, Maine ";8;90325
" Utah, Stati Uniti ";8;90333
" Attica, Grecia ";8;90341
" Hereford, Regno Unito ";8;90349
" Westerville, Ohio ";8;90357
" Doylestown, Pennsylvania ";8;90365
" Incheon, Corea del Sud ";8;90373
" Sri Lanka ";8;90381
" Fairfield, California ";8;90389
" Tualatin, Oregon ";8;90397
" Maidstone, Regno Unito ";8;90405
" Blackrock, Irlanda ";8;90413
" Sintra, Portogallo ";8;90421
" Auburn, California ";8;90429
" La Crosse, Wisconsin ";8;90437
" Kharkiv, Ucraina ";8;90445
" Foshan, Cina ";8;90453
" Falmouth, Regno Unito ";8;90461
" Fredericton, Canada ";8;90469
" Winters, California ";8;90477
" Heraklion, Grecia ";8;90485
" Baden, Svizzera ";8;90493
" Rockland, Maine ";8;90501
" Nanjing, Cina ";8;90509
" Ensenada, Messico ";8;90517
" Pullman, Washington ";8;90525
" Durham, New Hampshire ";8;90533
" Boulder Creek, California ";8;90541
" Red Deer, Canada ";8;90549
" North Kuta, Indonesia ";8;90557
" The Woodlands, Texas ";8;90565
" Coarsegold, California ";8;90573
" Castle Rock, Colorado ";8;90581
" Palm Harbor, Florida ";8;90589
" Duncan, Canada ";8;90597
" Minnetonka, Minnesota ";8;90605
" Lakewood, Washington ";8;90613
" Fort Bragg, California ";8;90621
" Anderson, South Carolina ";8;90629
" Guilford, Connecticut ";8;90637
" Elmhurst, Illinois ";8;90645
" Midland, Michigan ";8;90653
" Glen Allen, Virginia ";8;90661
" Jena, Germania ";8;90669
" Ucraina ";8;90677
" Abilene, Texas ";8;90685
" Libano, New Hampshire ";8;90693
" Del Mar, California ";8;90701
" Medellín, Colombia ";8;90709
" Seaside, California ";8;90717
" Summit, New Jersey ";8;90725
" Glebe, Australia ";8;90733
" San Marcos, Texas ";8;90741
" Bowie, Maryland ";8;90749
" Medicine Hat, Canada ";8;90757
" Ashfield, Australia ";8;90765
" Brasov, Romania ";8;90773
" Lakewood, Colorado ";8;90781
" Contea di Stoccolma, Svezia ";8;90789
" Stony Brook, New York ";8;90797
" Winchester, Virginia ";8;90805
" Grants Pass, Oregon ";8;90813
" Lehi, Utah ";8;90821
" Johor, Malesia ";8;90829
" Westfield, New Jersey ";8;90837
" Columbus, Indiana ";8;90845
" Bondi, Australia ";8;90853
" Gloucester, Regno Unito ";8;90861
" Kaohsiung City, Taiwan ";8;90869
" Clemson, South Carolina ";8;90877
" Waterford, Irlanda ";8;90885
" Macclesfield, Regno Unito ";8;90893
" Regione Metropolitana di Santiago, Cile ";8;90901
" Calama, Cile ";8;90909
" Alcala de Henares, Spagna ";8;90917
" Richland, Washington ";8;90925
" Shinagawa, Giappone ";8;90933
" Croydon, Regno Unito ";8;90941
" Hilton Head Island, South Carolina ";8;90949
" Vernon, Canada ";8;90957
" Manhattan, Kansas ";8;90965
" Malden, Massachusetts ";8;90973
" Mullumbimby, Australia ";8;90981
" Beckenham, Regno Unito ";8;90989
" Colchester, Vermont ";8;90997
" Framingham, Massachusetts ";8;91005
" Agoura Hills, California ";8;91013
" Monza, Italia ";8;91021
" Peoria, Arizona ";8;91029
" Anacortes, Washington ";8;91037
" Norcross, Georgia ";8;91045
" Rowland Heights, California ";8;91053
" Jacksonville Beach, Florida ";8;91061
" Manchester, Connecticut ";8;91069
" Issy-les-Moulineaux, Francia ";8;91077
" Manteca, California ";8;91085
" Islanda ";8;91093
" Miraflores, Perù ";8;91101
" Lubecca, Germania ";8;91109
" Georgetown, Texas ";8;91117
" Idaho, Stati Uniti ";8;91125
" Farmington, Michigan ";8;91133
" Noosa Heads, Australia ";8;91141
" Alice Springs, Australia ";8;91149
" Fort McMurray, Canada ";8;91157
" Federal Way, Washington ";8;91165
" Hampton, Illinois ";8;91173
" Whangarei, Nuova Zelanda ";8;91181
" La Spezia, Italia ";8;91189
" Mercer Island, Washington ";8;91197
" York, Pennsylvania ";8;91205
" Huntington, New York ";8;91213
" Pomona, California ";8;91221
" ?ód?, Polonia ";8;91229
" Norristown, Pennsylvania ";8;91237
" La Mirada, California ";8;91245
" Taupo, Nuova Zelanda ";8;91253
" Northville, Michigan ";8;91261
" West End, Australia ";8;91269
" Teddington, Regno Unito ";8;91277
" Guernsey ";8;91285
" Rovigno, Croazia ";8;91293
" Distretto di West Bloomfield, Michigan ";8;91301
" Heemstede, Paesi Bassi ";8;91309
" Silver City, New Mexico ";8;91317
" South Orange, New Jersey ";8;91325
" Seongnam-si, Corea del Sud ";8;91333
" Leeuwarden, Paesi Bassi ";8;91341
" Roseburg, Oregon ";8;91349
" Piedmont, California ";8;91357
" Lewisville, Texas ";8;91365
" Newport, Australia ";8;91373
" Tirana, Albania ";8;91381
" Uccle, Belgio ";8;91389
" Hyde Park, New York ";8;91397
" Fort Walton Beach, Florida ";8;91405
" Podgorica, Montenegro ";8;91413
" Magdeburgo, Germania ";8;91421
" Warrnambool, Australia ";8;91429
" Broomfield, Colorado ";8;91437
" Talent, Oregon ";8;91445
" Louisville, Colorado ";8;91453
" Albury, Australia ";8;91461
" Erie, Pennsylvania ";8;91469
" Brevard, North Carolina ";8;91477
" Rehovot, Israele ";8;91485
" Harrogate, Regno Unito ";8;91493
" Stowe, Vermont ";8;91501
" Yuma, Arizona ";8;91509
" Sudbury, Massachusetts ";8;91517
" Kazan, Russia ";8;91525
" Easton, Pennsylvania ";8;91533
" Atene, Ohio ";8;91541
" Perrysburg, Ohio ";8;91549
" Trento, Italia ";8;91557
" Bari, Italia ";8;91565
" Branford, Connecticut ";8;91573
" Ocala, Florida ";8;91581
" Union, New Jersey ";7;91588
" Goyang-si, Corea del Sud ";7;91595
" Oakley, California ";7;91602
" Brossard, Canada ";7;91609
" Robina, Australia ";7;91616
" Stroud, Regno Unito ";7;91623
" Evansville, Indiana ";7;91630
" North Kingstown, Rhode Island ";7;91637
" Warwick, Regno Unito ";7;91644
" Nonthaburi, Tailandia ";7;91651
" Wellington, Florida ";7;91658
" Gravesend, Regno Unito ";7;91665
" Bountiful, Utah ";7;91672
" Covina, California ";7;91679
" Girona, Spagna ";7;91686
" Sicilia, Italia ";7;91693
" Hiroshima, Giappone ";7;91700
" Salerno, Italia ";7;91707
" Tijuana, Messico ";7;91714
" New Hope, Pennsylvania ";7;91721
" Lancaster, California ";7;91728
" Winchester, Massachusetts ";7;91735
" Tofino, Canada ";7;91742
" Western Cape, Sudafrica ";7;91749
" Poole, Regno Unito ";7;91756
" Olathe, Kansas ";7;91763
" Newport, Oregon ";7;91770
" Missouri City, Texas ";7;91777
" Prescott, Arizona ";7;91784
" Icod de los Vinos, Spagna ";7;91791
" Cherry Hill, New Jersey ";7;91798
" Middletown, Connecticut ";7;91805
" Townsville, Australia ";7;91812
" Terrassa, Spagna ";7;91819
" Newbury, Regno Unito ";7;91826
" Weybridge, Regno Unito ";7;91833
" Kensington, California ";7;91840
" White Rock, Canada ";7;91847
" Humble, Texas ";7;91854
" Osnabrück, Germania ";7;91861
" West Des Moines, Iowa ";7;91868
" Northbrook, Illinois ";7;91875
" Rexburg, Idaho ";7;91882
" Mitcham, Regno Unito ";7;91889
" Parkville, Maryland ";7;91896
" Las Pinas, Filippine ";7;91903
" Deerfield Beach, Florida ";7;91910
" Luxemburg City, Lussemburgo ";7;91917
" Centennial, Colorado ";7;91924
" Wavell Heights, Australia ";7;91931
" Bangor, Maine ";7;91938
" Melrose, Massachusetts ";7;91945
" Oakton, Virginia ";7;91952
" Mansfield, Massachusetts ";7;91959
" Westminster, California ";7;91966
" Dearborn, Michigan ";7;91973
" Northport, New York ";7;91980
" Capitola, California ";7;91987
" Uxbridge, Regno Unito ";7;91994
" Simpsonville, South Carolina ";7;92001
" Del Monte Forest, California ";7;92008
" Cirencester, Regno Unito ";7;92015
" Godalming, Regno Unito ";7;92022
" Barnstaple, Regno Unito ";7;92029
" Starkville, Mississippi ";7;92036
" Ipswich, Australia ";7;92043
" Mostar, Bosnia Erzegovina ";7;92050
" Myrtle Beach, South Carolina ";7;92057
" Krefeld, Germania ";7;92064
" Pinole, California ";7;92071
" Taunton, Regno Unito ";7;92078
" Stoke-on-Trent, Regno Unito ";7;92085
" Rancho Mirage, California ";7;92092
" Dedham, Massachusetts ";7;92099
" Nicosia, Cipro ";7;92106
" Metz, Francia ";7;92113
" Kendal, Regno Unito ";7;92120
" Epsom, Regno Unito ";7;92127
" Royal Tunbridge Wells, Regno Unito ";7;92134
" Corte Madera, California ";7;92141
" Manawatu-Wanganui, Nuova Zelanda ";7;92148
" Asnières-sur-Seine, Francia ";7;92155
" Leopoli, Ucraina ";7;92162
" Mülheim, Germania ";7;92169
" Breckenridge, Colorado ";7;92176
" Sunderland, Regno Unito ";7;92183
" Stratford-upon-Avon, Regno Unito ";7;92190
" Bracknell, Regno Unito ";7;92197
" Hasselt, Belgio ";7;92204
" Rüschlikon, Svizzera ";7;92211
" Pottstown, Pennsylvania ";7;92218
" Voorhees Township, New Jersey ";7;92225
" Taoyuan City, Taiwan ";7;92232
" Lake Charles, Louisiana ";7;92239
" Plymouth, Massachusetts ";7;92246
" North Bondi, Australia ";7;92253
" Moscow, Idaho ";7;92260
" Parenzo, Croazia ";7;92267
" Kent, Ohio ";7;92274
" Lilburn, Georgia ";7;92281
" Saskatchewan, Canada ";7;92288
" New Bern, North Carolina ";7;92295
" Makati City, Filippine ";7;92302
" Pickering, Canada ";7;92309
" Erfurt, Germania ";7;92316
" Surry Hills, Australia ";7;92323
" Wokingham, Regno Unito ";7;92330
" New Braunfels, Texas ";7;92337
" Levallois-Perret, Francia ";7;92344
" Chambéry, Francia ";7;92351
" Sun City, Arizona ";7;92358
" San Bruno, California ";7;92365
" Larchmont, New York ";7;92372
" Maidenhead, Regno Unito ";7;92379
" Sligo, Irlanda ";7;92386
" Giv'atayim, Israele ";7;92393
" Nampa, Idaho ";7;92400
" Media, Pennsylvania ";7;92407
" Keaau, Hawaii ";7;92414
" Puntarenas, Costa Rica ";7;92421
" Shrewsbury, Regno Unito ";7;92428
" Binghamton, New York ";7;92435
" Captain Cook, Hawaii ";7;92442
" Bedford, New Hampshire ";7;92449
" Witney, Regno Unito ";7;92456
" Kenosha, Wisconsin ";7;92463
" Port Coquitlam, Canada ";7;92470
" Wayne, Pennsylvania ";7;92477
" Klamath Falls, Oregon ";7;92484
" Centurion, Sudafrica ";7;92491
" Suwanee, Georgia ";7;92498
" Three Rivers, California ";7;92505
" Tunisi, Tunisia ";7;92512
" Atascadero, California ";7;92519
" Enschede, Paesi Bassi ";7;92526
" Jyväskylä, Finlandia ";7;92533
" San Dimas, California ";7;92540
" Merced, California ";7;92547
" Westford, Massachusetts ";7;92554
" Puerto Escondido, Messico ";7;92561
" Newmarket, Canada ";7;92568
" Potomac, Maryland ";7;92575
" Bury Saint Edmunds, Regno Unito ";7;92582
" Jackson, Tennessee ";7;92589
" Andover, Massachusetts ";7;92596
" Chichester, Regno Unito ";7;92603
" Saint-Étienne, Francia ";7;92610
" Scarsdale, New York ";7;92617
" Lawrenceville, Georgia ";7;92624
" Lagos, Nigeria ";7;92631
" Columbus, Georgia ";7;92638
" League City, Texas ";7;92645
" Vigo, Spagna ";7;92652
" Caledon, Canada ";7;92659
" Beaufort, South Carolina ";7;92666
" Wailuku, Hawaii ";7;92673
" Cabarete, Repubblica Dominicana ";7;92680
" Brownsville, Texas ";7;92687
" East Jakarta, Indonesia ";7;92694
" Wellesley, Massachusetts ";7;92701
" Leura, Australia ";7;92708
" Windsor, Regno Unito ";7;92715
" Mornington, Australia ";7;92722
" Viña del Mar, Cile ";7;92729
" Wake Forest, North Carolina ";7;92736
" Canton, Ohio ";7;92743
" Yorktown, Virginia ";7;92750
" Shreveport, Louisiana ";7;92757
" Elgin, Illinois ";7;92764
" Yucca Valley, California ";7;92771
" Suwon, Corea del Sud ";7;92778
" Marblehead, Massachusetts ";7;92785
" Waikato, Nuova Zelanda ";7;92792
" Diamond Bar, California ";7;92799
" Napier, Nuova Zelanda ";7;92806
" Spartanburg, South Carolina ";7;92813
" Shoreham-by-Sea, Regno Unito ";7;92820
" Havertown, Pennsylvania ";7;92827
" Guayaquil, Ecuador ";7;92834
" Surat Thani, Tailandia ";7;92841
" Winter Springs, Florida ";7;92848
" Downers Grove, Illinois ";7;92855
" Juneau, Alaska ";7;92862
" Auburn, Alabama ";7;92869
" Navan, Irlanda ";7;92876
" Huntsville, Alabama ";7;92883
" Twentynine Palms, California ";7;92890
" West Point, New York ";7;92897
" Brunswick East, Australia ";7;92904
" Falmouth, Maine ";7;92911
" Johor Bahru, Malesia ";7;92918
" Tinley Park, Illinois ";7;92925
" Basingstoke, Regno Unito ";7;92932
" Milford, Connecticut ";7;92939
" Kristiansand, Norvegia ";7;92946
" Cape Coral, Florida ";7;92953
" Delta, Canada ";7;92960
" Mackay, Australia ";7;92967
" Manitou Springs, Colorado ";7;92974
" Staunton, Virginia ";7;92981
" Bandar Seri Begawan, Brunei ";7;92988
" Apex, North Carolina ";7;92995
" Banbury, Regno Unito ";7;93002
" Long Beach, New York ";7;93009
" San José del Cabo, Messico ";7;93016
" Siracusa, Italia ";7;93023
" Lodi, California ";7;93030
" St Augustine, Florida ";7;93037
" Gedda, Arabia Saudita ";7;93044
" Freeland, Washington ";7;93051
" Ankeny, Iowa ";7;93058
" Frome, Regno Unito ";7;93065
" Moorpark, California ";7;93072
" Stillwater, Oklahoma ";7;93079
" Clermont, Florida ";7;93086
" Fiume, Croazia ";7;93093
" Monrovia, California ";7;93100
" Newark, Delaware ";7;93107
" Bayonne, New Jersey ";7;93114
" Marquette, Michigan ";7;93121
" Lakewood, Ohio ";7;93128
" Collingwood, Australia ";7;93135
" Hastings, Regno Unito ";7;93142
" Washougal, Washington ";7;93149
" Oradea, Romania ";7;93156
" Coppell, Texas ";6;93162
" Subang Jaya, Malesia ";6;93168
" Hermanus, Sudafrica ";6;93174
" Sibiu, Romania ";6;93180
" Loma Linda, California ";6;93186
" Henley-on-Thames, Regno Unito ";6;93192
" Prince Rupert, Canada ";6;93198
" Temple City, California ";6;93204
" Yuba City, California ";6;93210
" Dhaka, Bangladesh ";6;93216
" La Crescenta-Montrose, California ";6;93222
" Enfield, Regno Unito ";6;93228
" Guatemala ";6;93234
" Springfield, Oregon ";6;93240
" Whitstable, Regno Unito ";6;93246
" Decatur, Illinois ";6;93252
" Managua, Nicaragua ";6;93258
" Swarthmore, Pennsylvania ";6;93264
" Laramie, Wyoming ";6;93270
" Ningbo, Cina ";6;93276
" Camberley, Regno Unito ";6;93282
" Montreux, Svizzera ";6;93288
" Walsall, Regno Unito ";6;93294
" Odessa, Texas ";6;93300
" Ilkley, Regno Unito ";6;93306
" New City, New York ";6;93312
" Rockledge, Florida ";6;93318
" Layton, Utah ";6;93324
" Ceske Budejovice, Repubblica Ceca ";6;93330
" Incline Village, Nevada ";6;93336
" Occidental, California ";6;93342
" Southampton, New York ";6;93348
" Ponte Vedra Beach, Florida ";6;93354
" North Bergen, New Jersey ";6;93360
" Rockwall, Texas ";6;93366
" Ewa Beach, Hawaii ";6;93372
" New Bedford, Massachusetts ";6;93378
" Banten, Indonesia ";6;93384
" Maleny, Australia ";6;93390
" Helsingborg, Svezia ";6;93396
" Punta Gorda, Florida ";6;93402
" East Grinstead, Regno Unito ";6;93408
" Huddersfield, Regno Unito ";6;93414
" Palm Beach, Australia ";6;93420
" Shingle Springs, California ";6;93426
" South Hadley, Massachusetts ";6;93432
" Trapani, Italia ";6;93438
" Winnetka, Illinois ";6;93444
" Hafnarfjordur, Islanda ";6;93450
" Setauket- East Setauket, New York ";6;93456
" Isola di Bowen, Canada ";6;93462
" Lynn, Massachusetts ";6;93468
" Zionsville, Indiana ";6;93474
" Arnold, Maryland ";6;93480
" McDonough, Georgia ";6;93486
" Cheyenne, Wyoming ";6;93492
" Sewickley, Pennsylvania ";6;93498
" Cabo San Lucas, Messico ";6;93504
" St Kilda, Australia ";6;93510
" Gdynia, Polonia ";6;93516
" Palm Coast, Florida ";6;93522
" Zikhron Ya'akov, Israele ";6;93528
" Aylesbury, Regno Unito ";6;93534
" Yarraville, Australia ";6;93540
" Mammoth Lakes, California ";6;93546
" Sunshine Coast, Australia ";6;93552
" Westport, Connecticut ";6;93558
" Prato, Italia ";6;93564
" Rancho Santa Margarita, California ";6;93570
" Portsmouth, Virginia ";6;93576
" Falmouth, Massachusetts ";6;93582
" Wilton, Connecticut ";6;93588
" Cocoa Beach, Florida ";6;93594
" Chagrin Falls, Ohio ";6;93600
" Oaxaca, Messico ";6;93606
" Paia, Hawaii ";6;93612
" Bar Harbor, Maine ";6;93618
" Monteverde, Costa Rica ";6;93624
" Capital District, Venezuela ";6;93630
" Acworth, Georgia ";6;93636
" Libano, Ohio ";6;93642
" Middletown, New York ";6;93648
" Mansfield, Connecticut ";6;93654
" H?i An, Vietnam ";6;93660
" The Villages, Florida ";6;93666
" Champlin, Minnesota ";6;93672
" Los Alamitos, California ";6;93678
" Satellite Beach, Florida ";6;93684
" Newcastle Upon Tyne, Regno Unito ";6;93690
" Treviso, Italia ";6;93696
" Carolina, Portorico ";6;93702
" Richmond, Texas ";6;93708
" Koloa, Hawaii ";6;93714
" Angers, Francia ";6;93720
" Sollentuna, Svezia ";6;93726
" Trenton, New Jersey ";6;93732
" Emirati Arabi Uniti ";6;93738
" ibenik, Croazia ";6;93744
" Horsham, Regno Unito ";6;93750
" Guanajuato, Messico ";6;93756
" West Orange, New Jersey ";6;93762
" Yangon, Myanmar ";6;93768
" Rogers, Arkansas ";6;93774
" Ypsilanti, Michigan ";6;93780
" Carmel Valley, California ";6;93786
" Harare, Zimbabwe ";6;93792
" Perth, Regno Unito ";6;93798
" Alamo, California ";6;93804
" De Pere, Wisconsin ";6;93810
" Sheboygan, Wisconsin ";6;93816
" Slovacchia ";6;93822
" Ra'anana, Israele ";6;93828
" Hurricane, Utah ";6;93834
" Kochi, India ";6;93840
" Hawthorne, California ";6;93846
" Cuenca, Ecuador ";6;93852
" Topeka, Kansas ";6;93858
" Kaliningrad, Russia ";6;93864
" Imperial Beach, California ";6;93870
" Sherwood Park, Canada ";6;93876
" Dubbo, Australia ";6;93882
" Scranton, Pennsylvania ";6;93888
" Maisons-Laffitte, Francia ";6;93894
" Pattaya, Tailandia ";6;93900
" Bay Shore, New York ";6;93906
" Broadstairs, Regno Unito ";6;93912
" Xiamen, Cina ";6;93918
" Distretto di Faro, Portogallo ";6;93924
" Sherbrooke, Canada ";6;93930
" Towson, Maryland ";6;93936
" Tarrytown, New York ";6;93942
" Natick, Massachusetts ";6;93948
" Racine, Wisconsin ";6;93954
" Coral Springs, Florida ";6;93960
" Woodinville, Washington ";6;93966
" Pittsboro, North Carolina ";6;93972
" Morristown, New Jersey ";6;93978
" Stratford, Connecticut ";6;93984
" Tarifa, Spagna ";6;93990
" Romsey, Regno Unito ";6;93996
" Loughton, Regno Unito ";6;94002
" South Kingstown, Rhode Island ";6;94008
" West Linn, Oregon ";6;94014
" Woodford, Regno Unito ";6;94020
" Longview, Texas ";6;94026
" Nanterre, Francia ";6;94032
" Colmar, Francia ";6;94038
" Ulan Bator, Mongolia ";6;94044
" Noumea, Nuova Caledonia ";6;94050
" Prefettura di Osaka, Giappone ";6;94056
" Salamanca, Spagna ";6;94062
" Redditch, Regno Unito ";6;94068
" Newnan, Georgia ";6;94074
" La Ciotat, Francia ";6;94080
" Seaford, Regno Unito ";6;94086
" Cozumel, Messico ";6;94092
" University Place, Washington ";6;94098
" Lancaster, Regno Unito ";6;94104
" Orland Park, Illinois ";6;94110
" Ballwin, Missouri ";6;94116
" Yellowknife, Canada ";6;94122
" Pleasant Grove, Utah ";6;94128
" Alor Setar, Malesia ";6;94134
" Granger, Indiana ";6;94140
" Krong Siem Reap, Cambogia ";6;94146
" Lahaina, Hawaii ";6;94152
" Caen, Francia ";6;94158
" Delaware, Ohio ";6;94164
" Montgomery, Alabama ";6;94170
" Glastonbury, Regno Unito ";6;94176
" Svendborg, ";6;94182
" Malines, Belgio ";6;94188
" Varese, Italia ";6;94194
" Rimini, Italia ";6;94200
" South Melbourne, Australia ";6;94206
" Amstelveen, Paesi Bassi ";6;94212
" Woodland, California ";6;94218
" Bangor, Regno Unito ";6;94224
" Lakeville, Minnesota ";6;94230
" Burnsville, Minnesota ";6;94236
" Malay, Filippine ";6;94242
" Farmington, Utah ";6;94248
" Gateshead, Regno Unito ";6;94254
" Arles, Francia ";6;94260
" Romania ";6;94266
" Toulon, Francia ";6;94272
" Saranac Lake, New York ";6;94278
" Bandung, Indonesia ";6;94284
" Salisbury, Maryland ";6;94290
" Schaumburg, Illinois ";6;94296
" The Colony, Texas ";6;94302
" Manhasset, New York ";6;94308
" Abingdon, Regno Unito ";6;94314
" Urbandale, Iowa ";6;94320
" Bridgewater, New Jersey ";6;94326
" Killarney, Irlanda ";6;94332
" Ormond Beach, Florida ";6;94338
" Il paradiso dei surfisti, Australia ";6;94344
" Ostrava, Repubblica Ceca ";6;94350
" Belleville, Canada ";6;94356
" Nantucket, Massachusetts ";6;94362
" Prefettura di Okinawa, Giappone ";6;94368
" New Britain, Connecticut ";6;94374
" Fairfax Station, Virginia ";6;94380
" Yarmouth, Massachusetts ";6;94386
" Southfield, Michigan ";6;94392
" Longview, Washington ";6;94398
" Ardmore, Pennsylvania ";6;94404
" Campbell River, Canada ";6;94410
" Bois-Colombes, Francia ";6;94416
" Be'er Sheva, Israele ";6;94422
" Fort Mill, South Carolina ";6;94428
" Pyrmont, Australia ";6;94434
" Slovenia ";6;94440
" West Bridgford, Regno Unito ";6;94446
" Livingston, New Jersey ";6;94452
" Evans, Georgia ";6;94458
" Muscat, Oman ";6;94464
" Umeå, Svezia ";6;94470
" Draper, Utah ";6;94476
" Toledo, Spagna ";6;94482
" Sault Ste. Marie, Canada ";6;94488
" Salem, Virginia ";6;94494
" Docklands, Australia ";6;94500
" Canton, Georgia ";6;94506
" Rohnert Park, California ";6;94512
" College Park, Maryland ";6;94518
" Potts Point, Australia ";6;94524
" Vantaa, Finlandia ";6;94530
" Linköping, Svezia ";6;94536
" Beeston, Regno Unito ";6;94542
" Mount Lawley, Australia ";6;94548
" Ferndale, Michigan ";6;94554
" La Rochelle, Francia ";6;94560
" Westlake Village, California ";6;94566
" Saint George, Utah ";6;94572
" Nakano, Giappone ";6;94578
" North Adams, Massachusetts ";6;94584
" Patras, Grecia ";6;94590
" Corrales, New Mexico ";6;94596
" Christiansburg, Virginia ";6;94602
" Jakarta, Indonesia ";6;94608
" Burke, Virginia ";6;94614
" Maple Ridge, Canada ";6;94620
" Lagraulière, Francia ";6;94626
" Titusville, Florida ";6;94632
" Stratford, Canada ";6;94638
" Doncaster, Regno Unito ";6;94644
" Hounslow, Regno Unito ";6;94650
" Strongsville, Ohio ";6;94656
" Saint Andrews, Regno Unito ";6;94662
" Airlie Beach, Australia ";6;94668
" Mariposa, California ";6;94674
" Wrexham, Regno Unito ";6;94680
" Stonington, Connecticut ";6;94686
" Massapequa, New York ";6;94692
" Monument, Colorado ";6;94698
" Lincoln, Canada ";6;94704
" Carpinteria, California ";6;94710
" Hendersonville, North Carolina ";6;94716
" Brantford, Canada ";6;94722
" Cape May, New Jersey ";6;94728
" New Rochelle, New York ";6;94734
" Bentonville, Arkansas ";6;94740
" Pender Island, Canada ";6;94746
" South Carolina, Stati Uniti ";6;94752
" Invercargill, Nuova Zelanda ";6;94758
" Akershus, Norvegia ";6;94764
" Banff, Canada ";6;94770
" Bolinas, California ";6;94776
" Hendersonville, Tennessee ";6;94782
" Upper Marlboro, Maryland ";6;94788
" Westfield, Indiana ";6;94794
" Hoofddorp, Paesi Bassi ";6;94800
" Fujisawa, Giappone ";6;94806
" Carbondale, Colorado ";6;94812
" Dongguan, Cina ";6;94818
" Union City, New Jersey ";6;94824
" Kiama, Australia ";6;94830
" New Brunswick, New Jersey ";6;94836
" Sandpoint, Idaho ";6;94842
" Ayr, Regno Unito ";6;94848
" Ely, Regno Unito ";5;94853
" Celje, Slovenia ";5;94858
" Marlow, Regno Unito ";5;94863
" Spruce Grove, Canada ";5;94868
" Itajaí, Brasile ";5;94873
" Collingwood, Canada ";5;94878
" Dripping Springs, Texas ";5;94883
" Iowa, Stati Uniti ";5;94888
" Windhoek, Namibia ";5;94893
" Milwaukie, Oregon ";5;94898
" Amersham, Regno Unito ";5;94903
" Cheshire, Connecticut ";5;94908
" Wellfleet, Massachusetts ";5;94913
" Woodacre, California ";5;94918
" Hickory, North Carolina ";5;94923
" Edgewater, New Jersey ";5;94928
" Barranquilla, Colombia ";5;94933
" Portola Valley, California ";5;94938
" Prairie Village, Kansas ";5;94943
" Velika Gorica, Croazia ";5;94948
" New Smyrna Beach, Florida ";5;94953
" Harrison, New Jersey ";5;94958
" Arlington, Washington ";5;94963
" Chesterfield, Missouri ";5;94968
" Yucaipa, California ";5;94973
" Joinville, Brasile ";5;94978
" Ragusa Vecchia, Croazia ";5;94983
" Port Moody, Canada ";5;94988
" Saint Helena, California ";5;94993
" Saint Kilda West, Australia ";5;94998
" Harpenden, Regno Unito ";5;95003
" Heber City, Utah ";5;95008
" Randfontein, Sudafrica ";5;95013
" Johnson City, Tennessee ";5;95018
" St. George, Utah ";5;95023
" Willemstad, Curaçao ";5;95028
" Natal, Brasile ";5;95033
" Rochester, Michigan ";5;95038
" San Pedro, Belize ";5;95043
" Maitland, Florida ";5;95048
" Saint-Maur-des-Fossés, Francia ";5;95053
" Distretto di Piscataway, New Jersey ";5;95058
" Port St. Lucie, Florida ";5;95063
" Alpine, Utah ";5;95068
" Kentfield, California ";5;95073
" Sutton, Regno Unito ";5;95078
" Newton Abbot, Regno Unito ";5;95083
" Albany, Australia ";5;95088
" Medford, New Jersey ";5;95093
" Bray, Irlanda ";5;95098
" Sumida, Giappone ";5;95103
" Victorville, California ";5;95108
" Aventura, Florida ";5;95113
" Oakdale, California ";5;95118
" Kittery, Maine ";5;95123
" Cookeville, Tennessee ";5;95128
" Dee Why, Australia ";5;95133
" Bellevue, Nebraska ";5;95138
" Alberta, Canada ";5;95143
" Erskineville, Australia ";5;95148
" Pijnacker, Paesi Bassi ";5;95153
" Warwick, New York ";5;95158
" Jacksonville, Oregon ";5;95163
" Victor, Idaho ";5;95168
" New York, Iowa ";5;95173
" Dhahran, Arabia Saudita ";5;95178
" Madison, Connecticut ";5;95183
" Chemnitz, Germania ";5;95188
" Rio Rancho, New Mexico ";5;95193
" Elkhart, Indiana ";5;95198
" Nosara, Costa Rica ";5;95203
" Langley, Washington ";5;95208
" Castle Hill, Australia ";5;95213
" Fajardo, Portorico ";5;95218
" Ia?i, Romania ";5;95223
" Boquete, Panama ";5;95228
" Livingston, Montana ";5;95233
" Hilliard, Ohio ";5;95238
" Namur, Belgio ";5;95243
" Poynton, Regno Unito ";5;95248
" Warren, New Jersey ";5;95253
" Udine, Italia ";5;95258
" Lelystad, Paesi Bassi ";5;95263
" Ota, Giappone ";5;95268
" Ballarat, Australia ";5;95273
" Independence, Missouri ";5;95278
" Farmington, Connecticut ";5;95283
" Revere, Massachusetts ";5;95288
" Riverview, Florida ";5;95293
" Margaret River, Australia ";5;95298
" Hudson, Wisconsin ";5;95303
" Clarksville, Maryland ";5;95308
" Sherwood, Oregon ";5;95313
" Fuquay Varina, North Carolina ";5;95318
" Mount Pleasant, Michigan ";5;95323
" Hillsborough, North Carolina ";5;95328
" Newport, Kentucky ";5;95333
" Weymouth, Massachusetts ";5;95338
" Baldwin Park, California ";5;95343
" Atlantic City, New Jersey ";5;95348
" Owensboro, Kentucky ";5;95353
" Neuchâtel, Svizzera ";5;95358
" Halifax, Regno Unito ";5;95363
" Walton-on-Thames, Regno Unito ";5;95368
" Asuncion, Paraguay ";5;95373
" La Madeleine, Francia ";5;95378
" Giacarta meridionale, Indonesia ";5;95383
" Turlock, California ";5;95388
" Norwalk, California ";5;95393
" Kansas, Stati Uniti ";5;95398
" Hampton, Virginia ";5;95403
" Aurora, Canada ";5;95408
" Siegen, Germania ";5;95413
" Abbotsford, Australia ";5;95418
" Englewood, New Jersey ";5;95423
" San Cristobal de las Casas, Messico ";5;95428
" Coralville, Iowa ";5;95433
" Shoreline, Washington ";5;95438
" Smyrna, Georgia ";5;95443
" Comox, Canada ";5;95448
" Manaus, Brasile ";5;95453
" Starksboro, Vermont ";5;95458
" Peregian Beach, Australia ";5;95463
" Wuhan, Cina ";5;95468
" Thirroul, Australia ";5;95473
" Bala Cynwyd, Pennsylvania ";5;95478
" Malvern, Pennsylvania ";5;95483
" Clermont-Ferrand, Francia ";5;95488
" Castelldefels, Spagna ";5;95493
" Chongqing, Cina ";5;95498
" Marburg, Germania ";5;95503
" Oporto, Portogallo ";5;95508
" Acton, Massachusetts ";5;95513
" Hackensack, New Jersey ";5;95518
" Chuo Ward, Giappone ";5;95523
" Flint, Michigan ";5;95528
" Tegucigalpa, Honduras ";5;95533
" Orangevale, California ";5;95538
" Brooksville, Maine ";5;95543
" Brunei ";5;95548
" Moraga, California ";5;95553
" Pemberton, Canada ";5;95558
" Bloomfield Hills, Michigan ";5;95563
" Swords, Irlanda ";5;95568
" Sparks, Nevada ";5;95573
" Benalmádena, Spagna ";5;95578
" Saugerties, New York ";5;95583
" Barnstable, Massachusetts ";5;95588
" Utica, New York ";5;95593
" Hanalei, Hawaii ";5;95598
" Deal, Regno Unito ";5;95603
" Downingtown, Pennsylvania ";5;95608
" Kopavogur, Islanda ";5;95613
" Ostend, Belgio ";5;95618
" Zaandam, Paesi Bassi ";5;95623
" Upminster, Regno Unito ";5;95628
" Escazu, Costa Rica ";5;95633
" Oia, Grecia ";5;95638
" Budva, Montenegro ";5;95643
" Venezuela ";5;95648
" Crestone, Colorado ";5;95653
" Carmel Valley Village, California ";5;95658
" Conshohocken, Pennsylvania ";5;95663
" Salem, New Hampshire ";5;95668
" Firenze, Oregon ";5;95673
" Parksville, Canada ";5;95678
" Nancy, Francia ";5;95683
" Reggio Emilia, Italia ";5;95688
" Wayne, New Jersey ";5;95693
" Ketchikan, Alaska ";5;95698
" Kew, Australia ";5;95703
" West Sacramento, California ";5;95708
" Puebla, Messico ";5;95713
" Karlstad, Svezia ";5;95718
" Palmer, Alaska ";5;95723
" Sackville, Canada ";5;95728
" Palatine, Illinois ";5;95733
" Phoenix, Oregon ";5;95738
" Dordrecht, Paesi Bassi ";5;95743
" Lake Mary, Florida ";5;95748
" Springfield, Massachusetts ";5;95753
" Essaouira, Marocco ";5;95758
" Civitanova Marche, Italia ";5;95763
" Nyack, New York ";5;95768
" Horgen, Svizzera ";5;95773
" Sassari, Italia ";5;95778
" North Brunswick Township, New Jersey ";5;95783
" Lennox Head, Australia ";5;95788
" American Fork, Utah ";5;95793
" Moreno Valley, California ";5;95798
" Latina, Italia ";5;95803
" Sequim, Washington ";5;95808
" Naas, Irlanda ";5;95813
" Inverloch, Australia ";5;95818
" Stonehaven, Regno Unito ";5;95823
" Citrus Heights, California ";5;95828
" Troyes, Francia ";5;95833
" Kearny, New Jersey ";5;95838
" Houten, Paesi Bassi ";5;95843
" Charter Township of Clinton, Michigan ";5;95848
" Wicklow, Irlanda ";5;95853
" Gaja-et-Villedieu, Francia ";5;95858
" Fairfield, Iowa ";5;95863
" Flensburg, Germania ";5;95868
" Estoril, Portogallo ";5;95873
" Armidale, Australia ";5;95878
" Gianyar, Indonesia ";5;95883
" Ridgefield, Connecticut ";5;95888
" Pembroke Pines, Florida ";5;95893
" San Cristóbal de Las Casas, Messico ";5;95898
" La Fortuna, Costa Rica ";5;95903
" Eastsound, Washington ";5;95908
" Great Barrington, Massachusetts ";5;95913
" Bad Homburg, Germania ";5;95918
" Delaware, Stati Uniti ";5;95923
" Waialua, Hawaii ";5;95928
" Balgowlah, Australia ";5;95933
" Makawao, Hawaii ";5;95938
" Rockford, Illinois ";5;95943
" SeaTac, Washington ";5;95948
" Goiânia, Brasile ";5;95953
" Crystal Lake, Illinois ";5;95958
" St Kilda East, Australia ";5;95963
" Crawley, Regno Unito ";5;95968
" Chêne-Bougeries, Svizzera ";5;95973
" Rutherford, New Jersey ";5;95978
" Goodyear, Arizona ";5;95983
" Rapid City, South ";5;95988
" Saffron Walden, Regno Unito ";5;95993
" Wenatchee, Washington ";5;95998
" Caledonia, Michigan ";5;96003
" Westland, Michigan ";5;96008
" Staines-upon-Thames, Regno Unito ";5;96013
" Kandy, Sri Lanka ";5;96018
" Valbonne, Francia ";5;96023
" Pearland, Texas ";5;96028
" Garmisch-Partenkirchen, Germania ";5;96033
" Xi'an, Cina ";5;96038
" Collingswood, New Jersey ";5;96043
" Traù, Croazia ";5;96048
" Mönchengladbach, Germania ";5;96053
" Westfield, Massachusetts ";5;96058
" Palm Beach, Florida ";5;96063
" Saint John, Canada ";5;96068
" Great Neck, New York ";5;96073
" Aarau, Svizzera ";5;96078
" San Pedro Garza García, Messico ";5;96083
" Lewiston, Idaho ";5;96088
" Kapolei, Hawaii ";5;96093
" Courtrai, Belgio ";5;96098
" Woodbridge, Regno Unito ";5;96103
" Acton, Australia ";5;96108
" Madison, Alabama ";5;96113
" Southborough, Massachusetts ";5;96118
" Islamabad, Pakistan ";5;96123
" Stourbridge, Regno Unito ";5;96128
" Tonbridge, Regno Unito ";5;96133
" Brighton, Australia ";5;96138
" Ajijic, Messico ";5;96143
" Marysville, Washington ";5;96148
" Borås, Svezia ";5;96153
" Gresham, Oregon ";5;96158
" Le Mans, Francia ";5;96163
" Janesville, Wisconsin ";5;96168
" Lisburn, Regno Unito ";5;96173
" Tournai, Belgio ";5;96178
" Bishop, California ";5;96183
" Cooperstown, New York ";5;96188
" Beaumont, Texas ";5;96193
" Spring Hill, Florida ";5;96198
" Middleton, Wisconsin ";5;96203
" Neuchatel, Svizzera ";5;96208
" Antigonish, Canada ";5;96213
" Gauteng, Sudafrica ";5;96218
" Truro, Regno Unito ";5;96223
" Portage la Prairie, Canada ";5;96228
" New Farm, Australia ";5;96233
" Tavira, Portogallo ";5;96238
" Chelmsford, Massachusetts ";5;96243
" Moers, Germania ";5;96248
" Rostov sul Don, Russia ";5;96253
" Toms River, New Jersey ";5;96258
" Stoughton, Wisconsin ";5;96263
" Sant Cugat del Vallès, Spagna ";5;96268
" Saint-Cloud, Francia ";5;96273
" Haymarket, Virginia ";5;96278
" Orangeville, Canada ";5;96283
" Holly Springs, North Carolina ";5;96288
" Brighton, Michigan ";5;96293
" Penarth, Regno Unito ";5;96298
" Stiria, Austria ";5;96303
" Henrico, Virginia ";5;96308
" Largo, Florida ";5;96313
" Port Melbourne, Australia ";5;96318
" Pittsford, New York ";5;96323
" Holmdel, New Jersey ";5;96328
" New Canaan, Connecticut ";5;96333
" Maryville, Tennessee ";5;96338
" Harrow, Regno Unito ";5;96343
" Dorchester, Regno Unito ";5;96348
" Prahran, Australia ";5;96353
" Houilles, Francia ";5;96358
" Laredo, Texas ";5;96363
" La Tablada, Argentina ";5;96368
" Berkhamsted, Regno Unito ";5;96373
" Fontana, California ";5;96378
" Lompoc, California ";5;96383
" Farnborough, Regno Unito ";5;96388
" East London, Sudafrica ";5;96393
" Romford, Regno Unito ";5;96398
" St. Charles, Illinois ";5;96403
" Port of Spain, Trinidad e Tobago ";5;96408
" Tangerang, Indonesia ";5;96413
" Northfield, Minnesota ";5;96418
" Great Falls, Montana ";5;96423
" Grande Prairie, Canada ";5;96428
" Penzance, Regno Unito ";5;96433
" Neutral Bay, Australia ";5;96438
" Birkenhead, Regno Unito ";5;96443
" Isola di Man ";5;96448
" Lee's Summit, Missouri ";5;96453
" Columbia Falls, Montana ";5;96458
" Terre Haute, Indiana ";5;96463
" Barrington, Illinois ";5;96468
" Modica, Italia ";5;96473
" Vlaardingen, Paesi Bassi ";5;96478
" Târgu Mure?, Romania ";5;96483
" Londonderry, Regno Unito ";5;96488
" Langkawi, Malesia ";5;96493
" Cuernavaca, Messico ";5;96498
" Elizabeth, New Jersey ";5;96503
" Islamorada, Florida ";5;96508
" Casper, Wyoming ";5;96513
" Edgware, Regno Unito ";5;96518
" Waterloo, Australia ";5;96523
" Rosemead, California ";5;96528
" Mililani, Hawaii ";5;96533
" Nederland, Colorado ";5;96538
" DeLand, Florida ";5;96543
" Okinawa, Giappone ";5;96548
" Mauritius ";5;96553
" Netanya, Israele ";5;96558
" Esslingen, Germania ";5;96563
" Hingham, Massachusetts ";5;96568
" Felton, California ";5;96573
" Palm Bay, Florida ";5;96578
" Lake in the Hills, Illinois ";5;96583
" Brunswick, Georgia ";5;96588
" Neuilly-sur-Seine, Francia ";5;96593
" Gardnerville, Nevada ";5;96598
" Lakewood, California ";5;96603
" La Plata, Argentina ";5;96608
" Midvale, Utah ";5;96613
" Saltsjöbaden, Svezia ";5;96618
" Ramat Gan, Israele ";5;96623
" Hudson, New Hampshire ";5;96628
" Delta, Utah ";5;96633
" Northland, Nuova Zelanda ";5;96638
" El Puerto de Santa María, Spagna ";5;96643
" Ingolstadt, Germania ";5;96648
" Rockville Centre, New York ";5;96653
" Sterling Heights, Michigan ";5;96658
" Port Orange, Florida ";5;96663
" Leawood, Kansas ";5;96668
" Oegstgeest, Paesi Bassi ";5;96673
" Carlisle, Regno Unito ";5;96678
" Feltham, Regno Unito ";5;96683
" Aalst, Belgio ";5;96688
" Mission, Canada ";5;96693
" Distretto di Woodbridge, New Jersey ";5;96698
" Seaforth, Australia ";5;96703
" Cedar City, Utah ";5;96708
" Cottesloe, Australia ";5;96713
" Punta Cana, Repubblica Dominicana ";5;96718
" Nowra, Australia ";5;96723
" San Salvador, El Salvador ";5;96728
" East Perth, Australia ";5;96733
" Fortaleza, Brasile ";5;96738
" Hillsborough, California ";5;96743
" Duarte, California ";5;96748
" Västerås, Svezia ";5;96753
" Whitby, Canada ";5;96758
" Milton, Florida ";5;96763
" Penfield, New York ";5;96768
" Fernandina Beach, Florida ";5;96773
" Frisco, Colorado ";5;96778
" McAllen, Texas ";5;96783
" Northport, Michigan ";5;96788
" Stone Ridge, New York ";5;96793
" Sandnes, Norvegia ";5;96798
" Winthrop, Massachusetts ";5;96803
" Pittsburg, California ";5;96808
" Mansfield, Texas ";5;96813
" Zeeland, Michigan ";5;96818
" Kuwait ";5;96823
" Charleston, West Virginia ";5;96828
" Croydon, Australia ";5;96833
" Metairie, Louisiana ";5;96838
" Little Elm, Texas ";5;96843
" Baviera, Germania ";5;96848
" Rosendale, New York ";5;96853
" Americana, Brasile ";4;96857
" Maspalomas, Spagna ";4;96861
" Highland Village, Texas ";4;96865
" East Providence, Rhode Island ";4;96869
" Kirkland, Canada ";4;96873
" Port Washington, New York ";4;96877
" Easton, Massachusetts ";4;96881
" Great Bookham, Regno Unito ";4;96885
" Williamston, Michigan ";4;96889
" La Grange, Kentucky ";4;96893
" Redmond, Oregon ";4;96897
" Bad Honnef, Germania ";4;96901
" Feldkirch, Austria ";4;96905
" Aveiro, Portogallo ";4;96909
" Rockford, Michigan ";4;96913
" Salta, Argentina ";4;96917
" Wahiawa, Hawaii ";4;96921
" Sale, Regno Unito ";4;96925
" Black Rock, Australia ";4;96929
" Barnet, Regno Unito ";4;96933
" Battle Ground, Washington ";4;96937
" Thessalia Sterea Ellada, Grecia ";4;96941
" Negombo, Sri Lanka ";4;96945
" North Augusta, South Carolina ";4;96949
" Barrington, Rhode Island ";4;96953
" Nehalem, Oregon ";4;96957
" Solna, Svezia ";4;96961
" Laval, Francia ";4;96965
" Trinidad, California ";4;96969
" Bassano del Grappa, Italia ";4;96973
" Clive, Iowa ";4;96977
" Dover, Massachusetts ";4;96981
" Redfern, Australia ";4;96985
" Grover Beach, California ";4;96989
" Dover Heights, Australia ";4;96993
" Rochester, Illinois ";4;96997
" Rockport, Maine ";4;97001
" Hanover, Pennsylvania ";4;97005
" Bolzano, Italia ";4;97009
" Natchez, Mississippi ";4;97013
" Noisy-le-Sec, Francia ";4;97017
" Greenwood Village, Colorado ";4;97021
" Vanves, Francia ";4;97025
" Ambato, Ecuador ";4;97029
" Marlborough, Massachusetts ";4;97033
" Bodrum, Turchia ";4;97037
" Gillingham, Regno Unito ";4;97041
" Prince Edward Island, Canada ";4;97045
" South Windsor, Connecticut ";4;97049
" Olten, Svizzera ";4;97053
" East Stroudsburg, Pennsylvania ";4;97057
" Grahamstown, Sudafrica ";4;97061
" Pitt Meadows, Canada ";4;97065
" Chamonix, Francia ";4;97069
" Wayland, Massachusetts ";4;97073
" Jaipur, India ";4;97077
" Annerley, Australia ";4;97081
" Forest Grove, Oregon ";4;97085
" Kingston, Massachusetts ";4;97089
" Jindabyne, Australia ";4;97093
" Palmerston North, Nuova Zelanda ";4;97097
" Borehamwood, Regno Unito ";4;97101
" Oak Harbor, Washington ";4;97105
" Algeciras, Spagna ";4;97109
" Waterford Township, Michigan ";4;97113
" Tasman, Nuova Zelanda ";4;97117
" Halle, Belgio ";4;97121
" Rocky Point, New York ";4;97125
" Ludwigsburg, Germania ";4;97129
" West Drayton, Regno Unito ";4;97133
" Mashpee, Massachusetts ";4;97137
" San Tan Valley, Arizona ";4;97141
" Corfu, Grecia ";4;97145
" Maroochydore, Australia ";4;97149
" Lincoln, Massachusetts ";4;97153
" Holyoke, Massachusetts ";4;97157
" Lincoln, Vermont ";4;97161
" Ocoee, Florida ";4;97165
" Oundle, Regno Unito ";4;97169
" Broadbeach, Australia ";4;97173
" Delhi, India ";4;97177
" Mill Creek, Washington ";4;97181
" Oak Ridge, Tennessee ";4;97185
" Seaford, New York ";4;97189
" Sooke, Canada ";4;97193
" Canandaigua, New York ";4;97197
" Richmond, Vermont ";4;97201
" Legnano, Italia ";4;97205
" Kill Devil Hills, North Carolina ";4;97209
" Leicester, North Carolina ";4;97213
" Kalispell, Montana ";4;97217
" Kufstein, Austria ";4;97221
" Ponce, Portorico ";4;97225
" Agrigento, Italia ";4;97229
" Noosaville, Australia ";4;97233
" Meridian charter Township, Michigan ";4;97237
" Illawong, Australia ";4;97241
" Tervuren, Belgio ";4;97245
" Naha, Giappone ";4;97249
" Bonaire, Georgia ";4;97253
" Cortland, New York ";4;97257
" Voorburg, Paesi Bassi ";4;97261
" Essex, Connecticut ";4;97265
" Waipahu, Hawaii ";4;97269
" Menifee, California ";4;97273
" Fürth, Germania ";4;97277
" Panama City, Florida ";4;97281
" Arezzo, Italia ";4;97285
" Reservoir, Australia ";4;97289
" Vladivostok, Russia ";4;97293
" Kefar Sava, Israele ";4;97297
" Saint Ives, Regno Unito ";4;97301
" Pelham, Massachusetts ";4;97305
" Roberts Creek, Canada ";4;97309
" Auburn Hills, Michigan ";4;97313
" Phoenicia, New York ";4;97317
" Catalogna, Spagna ";4;97321
" Città di Londra, Regno Unito ";4;97325
" Bandon, Oregon ";4;97329
" Douai, Francia ";4;97333
" Grand Forks, North ";4;97337
" Newquay, Regno Unito ";4;97341
" Sevenoaks, Regno Unito ";4;97345
" Weaverville, North Carolina ";4;97349
" Billericay, Regno Unito ";4;97353
" Cody, Wyoming ";4;97357
" Glenbrook, Australia ";4;97361
" Fletcher, North Carolina ";4;97365
" Wilbraham, Massachusetts ";4;97369
" Ninij Novgorod, Russia ";4;97373
" Chalfont Saint Peter, Regno Unito ";4;97377
" Saint-Ouen, Francia ";4;97381
" Bloemendaal, Paesi Bassi ";4;97385
" Osseo, Minnesota ";4;97389
" Medbourne, Regno Unito ";4;97393
" Greeley, Colorado ";4;97397
" Weymouth, Regno Unito ";4;97401
" Santa Eulària des Riu, Spagna ";4;97405
" Hawke's Bay, Nuova Zelanda ";4;97409
" Williamstown, Australia ";4;97413
" Fareham, Regno Unito ";4;97417
" Oviedo, Spagna ";4;97421
" Buena Park, California ";4;97425
" Asbury Park, New Jersey ";4;97429
" Altrincham, Regno Unito ";4;97433
" Alghero, Italia ";4;97437
" Amalfi, Italia ";4;97441
" Gwangju, Corea del Sud ";4;97445
" Dulles, Virginia ";4;97449
" Ilfracombe, Regno Unito ";4;97453
" Sendai, Giappone ";4;97457
" Cornelius, North Carolina ";4;97461
" Dingle, Irlanda ";4;97465
" Chaplin, Connecticut ";4;97469
" Panama City Beach, Florida ";4;97473
" Mons, Belgio ";4;97477
" Santa Cruz la Laguna, Guatemala ";4;97481
" Red Bluff, California ";4;97485
" Sidmouth, Regno Unito ";4;97489
" Chatham, Regno Unito ";4;97493
" Vannes, Francia ";4;97497
" Saitama, Giappone ";4;97501
" Bathurst, Australia ";4;97505
" Carcassonne, Francia ";4;97509
" Accra, Ghana ";4;97513
" Lexington, South Carolina ";4;97517
" Stafford, Virginia ";4;97521
" Beachwood, Ohio ";4;97525
" Yeovil, Regno Unito ";4;97529
" Agua Dulce, California ";4;97533
" Makaha, Hawaii ";4;97537
" Visby, Svezia ";4;97541
" Shrewsbury, Massachusetts ";4;97545
" Mandaluyong, Filippine ";4;97549
" Kyle, Texas ";4;97553
" Rochester, Regno Unito ";4;97557
" Coupeville, Washington ";4;97561
" Terrace, Canada ";4;97565
" Wauwatosa, Wisconsin ";4;97569
" Cave Creek, Arizona ";4;97573
" Warren, Michigan ";4;97577
" Kingston, Australia ";4;97581
" Thames Ditton, Regno Unito ";4;97585
" Søborg, ";4;97589
" Camas, Washington ";4;97593
" Bay City, Michigan ";4;97597
" Columbus, Mississippi ";4;97601
" Manlius, New York ";4;97605
" Wimberley, Texas ";4;97609
" São José dos Campos, Brasile ";4;97613
" Hornsby, Australia ";4;97617
" Clark, New Jersey ";4;97621
" Medan, Indonesia ";4;97625
" Patong, Tailandia ";4;97629
" Colares, Portogallo ";4;97633
" Fort Saint John, Canada ";4;97637
" The Gap, Australia ";4;97641
" Baar, Svizzera ";4;97645
" Hattiesburg, Mississippi ";4;97649
" Surbiton, Regno Unito ";4;97653
" Fontenay-sous-Bois, Francia ";4;97657
" Stevenage, Regno Unito ";4;97661
" Cartagena, Spagna ";4;97665
" Sorrento, Italia ";4;97669
" Riverton, Utah ";4;97673
" Udaipur, India ";4;97677
" Saint Charles, Illinois ";4;97681
" Karratha, Australia ";4;97685
" Bloomington, Minnesota ";4;97689
" Santa Marta , Colombia ";4;97693
" Woodstock, Illinois ";4;97697
" Rosario, Argentina ";4;97701
" Mantua, Italia ";4;97705
" South Kuta, Indonesia ";4;97709
" Brasschaat, Belgio ";4;97713
" Bunkyo, Giappone ";4;97717
" Ellington, Connecticut ";4;97721
" Annemasse, Francia ";4;97725
" Morton Grove, Illinois ";4;97729
" Malmesbury, Regno Unito ";4;97733
" Perpignano, Francia ";4;97737
" Armadale, Australia ";4;97741
" Taylors, South Carolina ";4;97745
" Glyfada, Grecia ";4;97749
" Merrick, New York ";4;97753
" Milford, Pennsylvania ";4;97757
" Lyme Regis, Regno Unito ";4;97761
" Petersham, Australia ";4;97765
" Newark, California ";4;97769
" Tamarindo, Costa Rica ";4;97773
" Atenas, Costa Rica ";4;97777
" Hialeah, Florida ";4;97781
" Okotoks, Canada ";4;97785
" Paonia, Colorado ";4;97789
" Kampala, Uganda ";4;97793
" Stamford, Regno Unito ";4;97797
" Ericeira, Portogallo ";4;97801
" Pasig, Filippine ";4;97805
" Maia, Portogallo ";4;97809
" Colombes, Francia ";4;97813
" Los Alamos, New Mexico ";4;97817
" Charlotte, Vermont ";4;97821
" Valladolid, Messico ";4;97825
" Coon Rapids, Minnesota ";4;97829
" Roskilde, ";4;97833
" Chiang Rai, Tailandia ";4;97837
" Bristol, Connecticut ";4;97841
" Parañaque, Filippine ";4;97845
" Bel Air, Maryland ";4;97849
" Easley, South Carolina ";4;97853
" Mount Juliet, Tennessee ";4;97857
" Leichhardt, Australia ";4;97861
" Cold Lake, Canada ";4;97865
" Messina, Italia ";4;97869
" Spokane Valley, Washington ";4;97873
" Seminole, Florida ";4;97877
" Solihull, Regno Unito ";4;97881
" Alpine, Texas ";4;97885
" Olney, Maryland ";4;97889
" Holon, Israele ";4;97893
" Thornton, Colorado ";4;97897
" Burleson, Texas ";4;97901
" Oliver, Canada ";4;97905
" Ste. Genevieve, Missouri ";4;97909
" Leverkusen, Germania ";4;97913
" Cobb, California ";4;97917
" Wichita Falls, Texas ";4;97921
" Oyster Bay, New York ";4;97925
" Middletown, California ";4;97929
" Kotor, Montenegro ";4;97933
" Palmdale, California ";4;97937
" St Albans, Regno Unito ";4;97941
" Dunfermline, Regno Unito ";4;97945
" Vermilion, Ohio ";4;97949
" Santiago de los Caballeros, Repubblica Dominicana ";4;97953
" Clifton, New Jersey ";4;97957
" Howell, Michigan ";4;97961
" Nerja, Spagna ";4;97965
" Tracy, California ";4;97969
" Sondrio, Italia ";4;97973
" Dubuque, Iowa ";4;97977
" Baraboo, Wisconsin ";4;97981
" Adeje, Spagna ";4;97985
" Vietnam ";4;97989
" Charlotte Amalie, Isole Vergini Americane ";4;97993
" Brookings, Oregon ";4;97997
" Marion, Iowa ";4;98001
" Cipro ";4;98005
" Plainfield, Illinois ";4;98009
" Manchester, Vermont ";4;98013
" Bocas del Toro Province, Panama ";4;98017
" Margate, Regno Unito ";4;98021
" Chantilly, Francia ";4;98025
" Mount Laurel, New Jersey ";4;98029
" Biarritz, Francia ";4;98033
" Shelton, Connecticut ";4;98037
" Hornchurch, Regno Unito ";4;98041
" Pennant Hills, Australia ";4;98045
" Bunbury, Australia ";4;98049
" Crown Point, Indiana ";4;98053
" Florianopolis, Brasile ";4;98057
" Trabuco Canyon, California ";4;98061
" New Malden, Regno Unito ";4;98065
" Bishop's Stortford, Regno Unito ";4;98069
" Powell River, Canada ";4;98073
" West Windsor Township, New Jersey ";4;98077
" Delafield, Wisconsin ";4;98081
" Bellaire, Texas ";4;98085
" Conroe, Texas ";4;98089
" Sint-Niklaas, Belgio ";4;98093
" Nuneaton, Regno Unito ";4;98097
" Twin Falls, Idaho ";4;98101
" San Juan del Sur, Nicaragua ";4;98105
" La Paz, Messico ";4;98109
" Lettonia ";4;98113
" Pleasantville, New York ";4;98117
" Stillwater, Minnesota ";4;98121
" East Windsor, New Jersey ";4;98125
" Huntsville, Texas ";4;98129
" Wheat Ridge, Colorado ";4;98133
" Ulsan, Corea del Sud ";4;98137
" Red Bank, New Jersey ";4;98141
" Mount Royal, Canada ";4;98145
" Keller, Texas ";4;98149
" Getafe, Spagna ";4;98153
" Simsbury, Connecticut ";4;98157
" La Puente, California ";4;98161
" Perak, Malesia ";4;98165
" Cairo Governorate, Egitto ";4;98169
" Cuyahoga Falls, Ohio ";4;98173
" Thornbury, Australia ";4;98177
" Celle, Germania ";4;98181
" Indian Wells, California ";4;98185
" Buckingham, Regno Unito ";4;98189
" Mandeville, Louisiana ";4;98193
" Hartford, Vermont ";4;98197
" Akureyri, Islanda ";4;98201
" Apollo Bay, Australia ";4;98205
" Hellerup, ";4;98209
" Nevada, Stati Uniti ";4;98213
" Saint Charles, Missouri ";4;98217
" Gastonia, North Carolina ";4;98221
" Grayslake, Illinois ";4;98225
" Cocoa, Florida ";4;98229
" East Orange, New Jersey ";4;98233
" Lewiston, Maine ";4;98237
" Lake Placid, New York ";4;98241
" Morris Plains, New Jersey ";4;98245
" Placitas, New Mexico ";4;98249
" Katoomba, Australia ";4;98253
" Worms, Germania ";4;98257
" Heathmont, Australia ";4;98261
" Pasco, Washington ";4;98265
" Bromley, Regno Unito ";4;98269
" Cedar Park, Texas ";4;98273
" Fayetteville, Georgia ";4;98277
" Mombasa, Kenya ";4;98281
" Evesham, Regno Unito ";4;98285
" Hampton Bays, New York ";4;98289
" Shawnee, Kansas ";4;98293
" Mequon, Wisconsin ";4;98297
" Amadora, Portogallo ";4;98301
" Shaftesbury, Regno Unito ";4;98305
" Burlington, Massachusetts ";4;98309
" Millbrae, California ";4;98313
" Hopkins, Minnesota ";4;98317
" Niagara Falls, New York ";4;98321
" Crescent City, California ";4;98325
" Capelle aan den IJssel, Paesi Bassi ";4;98329
" Folly Beach, South Carolina ";4;98333
" Stockbridge, Georgia ";4;98337
" Edogawa, Giappone ";4;98341
" Clarksville, Tennessee ";4;98345
" New Albany, Indiana ";4;98349
" Astana, Kazakistan ";4;98353
" Cornwall, Canada ";4;98357
" Weston, Florida ";4;98361
" Spanish Fork, Utah ";4;98365
" Georgina, Canada ";4;98369
" Camberwell, Australia ";4;98373
" Kenmore, Washington ";4;98377
" Aruba ";4;98381
" Eumundi, Australia ";4;98385
" Addis Ababa, Etiopia ";4;98389
" Clayton, California ";4;98393
" Ottignies-Louvain-la-Neuve, Belgio ";4;98397
" Stevens Point, Wisconsin ";4;98401
" Rumson, New Jersey ";4;98405
" Edgartown, Massachusetts ";4;98409
" Moss Vale, Australia ";4;98413
" Franklin Township, New Jersey ";4;98417
" Tisbury, Massachusetts ";4;98421
" Haddonfield, New Jersey ";4;98425
" Mildura, Australia ";4;98429
" Nacogdoches, Texas ";4;98433
" Burwood, Australia ";4;98437
" Rancho Santa Fe, California ";4;98441
" Poulsbo, Washington ";4;98445
" Sylvania, Ohio ";4;98449
" Pico Rivera, California ";4;98453
" Jeju-si, Corea del Sud ";4;98457
" Newmarket, Australia ";4;98461
" North Charleston, South Carolina ";4;98465
" Marocco ";4;98469
" Footscray, Australia ";4;98473
" Duxbury, Massachusetts ";4;98477
" Pawtucket, Rhode Island ";4;98481
" Carmarthen, Regno Unito ";4;98485
" Ivanhoe, Australia ";4;98489
" Nara, Giappone ";4;98493
" Middletown, Rhode Island ";4;98497
" Lahore, Pakistan ";4;98501
" Barbados ";4;98505
" Bentleigh East, Australia ";4;98509
" Zhuhai, Cina ";4;98513
" Nutley, New Jersey ";4;98517
" Brighton, Colorado ";4;98521
" Castanea, Pennsylvania ";4;98525
" Woburn, Massachusetts ";4;98529
" Saginaw, Michigan ";4;98533
" Santiago de Compostela, Spagna ";4;98537
" Wahroonga, Australia ";4;98541
" Honeoye Falls, New York ";4;98545
" Ross-on-Wye, Regno Unito ";4;98549
" Westmount, Canada ";4;98553
" Southall, Regno Unito ";4;98557
" Saint-Nazaire, Francia ";4;98561
" Bagnes, Svizzera ";4;98565
" Chon Buri, Tailandia ";4;98569
" Fleet, Regno Unito ";4;98573
" Villanova, Pennsylvania ";4;98577
" Williamsburg, Massachusetts ";4;98581
" KwaZulu-Natal, Sudafrica ";4;98585
" Naucalpan, Messico ";4;98589
" Crozet, Virginia ";4;98593
" Peloponnisos Dytiki Ellada ke Ionio, Grecia ";4;98597
" Normal, Illinois ";4;98601
" Odder, ";4;98605
" Tijeras, New Mexico ";4;98609
" Croton-on-Hudson, New York ";4;98613
" Korolyov, Russia ";4;98617
" Todos Santos, Messico ";4;98621
" Comrie, Regno Unito ";4;98625
" Halesowen, Regno Unito ";4;98629
" Oceanside, New York ";4;98633
" Boerne, Texas ";4;98637
" Fairport, New York ";4;98641
" Yomitan, Giappone ";4;98645
" Manama, Bahrein ";4;98649
" Mount Martha, Australia ";4;98653
" Newtown, Connecticut ";4;98657
" Bristol, Rhode Island ";4;98661
" Santa Maria, California ";4;98665
" Taormina, Italia ";4;98669
" Noblesville, Indiana ";4;98673
" Springboro, Ohio ";4;98677
" Yorktown Heights, New York ";4;98681
" Friedrichshafen, Germania ";4;98685
" Camden, Maine ";4;98689
" Cairns City, Australia ";4;98693
" Orange, Australia ";4;98697
" Kumamoto, Giappone ";4;98701
" Bridgetown, Barbados ";4;98705
" Seghedino, Ungheria ";4;98709
" Yongin, Corea del Sud ";4;98713
" Ni, Serbia ";4;98717
" Bronxville, New York ";4;98721
" Yerevan, Armenia ";4;98725
" Sainte-Adèle, Canada ";4;98729
" Mid-Cambridge, Massachusetts ";4;98733
" Narrabeen, Australia ";4;98737
" Redhill, Regno Unito ";4;98741
" Vermillion, South ";4;98745
" Santander, Spagna ";4;98749
" Powell, Ohio ";4;98753
" Hua Hin, Tailandia ";4;98757
" Battery Point, Australia ";4;98761
" Hatfield, Regno Unito ";4;98765
" Philomath, Oregon ";4;98769
" Woodside, California ";4;98773
" Chadds Ford, Pennsylvania ";4;98777
" Arden, North Carolina ";4;98781
" Bowral, Australia ";4;98785
" Olga, Washington ";4;98789
" La Conner, Washington ";4;98793
" Leander, Texas ";4;98797
" Elizabeth Bay, Australia ";4;98801
" Besançon, Francia ";4;98805
" Mueang Phuket, Tailandia ";4;98809
" Buena Vista, Colorado ";4;98813
" West Melbourne, Australia ";4;98817
" Bernards, New Jersey ";4;98821
" Elkridge, Maryland ";4;98825
" Modi'in-Maccabim-Re'ut, Israele ";4;98829
" Sechelt, Canada ";4;98833
" Mijas, Spagna ";4;98837
" Paramus, New Jersey ";4;98841
" Rovaniemi, Finlandia ";4;98845
" Honokaa, Hawaii ";4;98849
" Giza, Egitto ";4;98853
" Paignton, Regno Unito ";4;98857
" Burtonsville, Maryland ";4;98861
" Menomonee Falls, Wisconsin ";4;98865
" Mittagong, Australia ";4;98869
" Ribeirão Preto, Brasile ";4;98873
" Monroe Township, New Jersey ";4;98877
" Maroubra, Australia ";4;98881
" Greenfield, Massachusetts ";4;98885
" Salina, Kansas ";4;98889
" Jaroslavl', Russia ";4;98893
" Lalor Park, Australia ";4;98897
" Perm', Russia ";4;98901
" Kernersville, North Carolina ";4;98905
" Ischia, Italia ";4;98909
" Merrimack, New Hampshire ";4;98913
" Gunnison, Colorado ";4;98917
" Rüsselsheim, Germania ";4;98921
" Plainville, Connecticut ";4;98925
" Rye, New York ";4;98929
" Bicton, Australia ";4;98933
" Liegi, Belgio ";4;98937
" Antelope, California ";4;98941
" Hot Springs, Arkansas ";4;98945
" Farmingdale, New York ";4;98949
" Cibolo, Texas ";4;98953
" Cowbridge, Regno Unito ";4;98957
" Forest Lodge, Australia ";4;98961
" Red Lion, Pennsylvania ";4;98965
" Pittsford, Vermont ";4;98969
" Marysville, California ";4;98973
" Thera, Grecia ";4;98977
" Cagnes-sur-Mer, Francia ";4;98981
" Bergen, Paesi Bassi ";4;98985
" Stanmore, Regno Unito ";4;98989
" Kelseyville, California ";4;98993
" Mouvaux, Francia ";4;98997
" Mount Waverley, Australia ";4;99001
" Kennebunkport, Maine ";4;99005
" La Línea de la Concepción, Spagna ";4;99009
" Estes Park, Colorado ";4;99013
" Green Valley, Arizona ";4;99017
" Wilson, Wyoming ";4;99021
" Greer, South Carolina ";4;99025
" Cholet, Francia ";4;99029
" Kópavogur, Islanda ";4;99033
" Tarragona, Spagna ";4;99037
" Guilford, Vermont ";4;99041
" Hurst, Texas ";4;99045
" Moore Park, Australia ";4;99049
" Beverly, Massachusetts ";4;99053
" Wildomar, California ";4;99057
" Cobourg, Canada ";4;99061
" Welwyn Garden City, Regno Unito ";4;99065
" Dover, Delaware ";4;99069
" Freshwater, Australia ";4;99073
" Puteaux, Francia ";4;99077
" Malvern East, Australia ";4;99081
" Kentucky, Stati Uniti ";4;99085
" Placentia, California ";4;99089
" Levis, Canada ";4;99093
" Lecco, Italia ";4;99097
" Park Ridge, Illinois ";4;99101
" Cranberry Township, Pennsylvania ";4;99105
" Sheffield, Massachusetts ";4;99109
" Sandy, Oregon ";4;99113
" Mendoza, Argentina ";4;99117
" Corniglia, Italia ";4;99121
" Raglan, Nuova Zelanda ";4;99125
" Circleville, Ohio ";4;99129
" Lake Stevens, Washington ";4;99133
" Washington, Utah ";4;99137
" Merritt Island, Florida ";4;99141
" Chester Springs, Pennsylvania ";4;99145
" Maple Valley, Washington ";4;99149
" Rivas-Vaciamadrid, Spagna ";4;99153
" Saint Johns, Florida ";4;99157
" Watsonville, California ";4;99161
" Plymouth, Wisconsin ";4;99165
" Monroe, New York ";4;99169
" Morongo Valley, California ";4;99173
" Sunbury, Australia ";4;99177
" Cottage Grove, Oregon ";4;99181
" Newburgh, New York ";4;99185
" Des Plaines, Illinois ";4;99189
" Sardegna, Italia ";4;99193
" El Cajon, California ";4;99197
" Eltham, Australia ";4;99201
" Morrisville, Pennsylvania ";4;99205
" Huntington Woods, Michigan ";4;99209
" Sagaponack, New York ";4;99213
" Salmon Arm, Canada ";4;99217
" Reigate, Regno Unito ";4;99221
" Ammanford, Regno Unito ";4;99225
" Agadir, Marocco ";4;99229
" Euless, Texas ";4;99233
" Arusha, Tanzania ";4;99237
" Paradise Valley, Arizona ";4;99241
" Belgrave, Australia ";4;99245
" Wynnewood, Pennsylvania ";4;99249
" East Meadow, New York ";4;99253
" Wakefield, Massachusetts ";4;99257
" Big Pine Key, Florida ";4;99261
" South Ballina, Australia ";4;99265
" Eau Claire, Wisconsin ";4;99269
" Las Vegas, New Mexico ";4;99273
" Gentilly, Francia ";4;99277
" Elizabethtown, Pennsylvania ";4;99281
" St Ives, Australia ";4;99285
" Siem Reap, Cambogia ";4;99289
" Greencastle, Pennsylvania ";4;99293
" Epping, Australia ";4;99297
" Harrison, New York ";4;99301
" Harwich, Massachusetts ";4;99305
" New Paltz, New York ";4;99309
" Bruce, Australia ";4;99313
" Christchurch, Regno Unito ";4;99317
" Uithoorn, Paesi Bassi ";4;99321
" Stone Mountain, Georgia ";4;99325
" Andover, Regno Unito ";4;99329
" Putney, Vermont ";4;99333
" Lindfield, Australia ";4;99337
" Buffalo Grove, Illinois ";4;99341
" Bartlesville, Oklahoma ";4;99345
" Maumee, Ohio ";3;99348
" La Habra, California ";3;99351
" Greenwood, Indiana ";3;99354
" Hawthorne, New Jersey ";3;99357
" Argovia, Svizzera ";3;99360
" Coatbridge, Regno Unito ";3;99363
" Aalsmeer, Paesi Bassi ";3;99366
" Wembley, Regno Unito ";3;99369
" Toshima, Giappone ";3;99372
" Milton, Delaware ";3;99375
" Live Oak, California ";3;99378
" Engadine, Australia ";3;99381
" Golfito, Costa Rica ";3;99384
" Lambersart, Francia ";3;99387
" West Virginia, Stati Uniti ";3;99390
" Dilbeek, Belgio ";3;99393
" Hockessin, Delaware ";3;99396
" Slidell, Louisiana ";3;99399
" Exeter, New Hampshire ";3;99402
" Cañon City, Colorado ";3;99405
" Agerola, Italia ";3;99408
" Oceanside, Oregon ";3;99411
" Windsor, Australia ";3;99414
" Nambucca Heads, Australia ";3;99417
" Richfield, Minnesota ";3;99420
" Ramsey, New Jersey ";3;99423
" Regione della Capitale della ";3;99426
" Växjö, Svezia ";3;99429
" Moscow Oblast, Russia ";3;99432
" Banská Bystrica, Slovacchia ";3;99435
" Lyons, Colorado ";3;99438
" Salida, Colorado ";3;99441
" Red Lodge, Montana ";3;99444
" Herzliya, Israele ";3;99447
" Waterloo, Iowa ";3;99450
" Como, Australia ";3;99453
" Ulcinj, Montenegro ";3;99456
" Ashbourne, Regno Unito ";3;99459
" Brockton, Massachusetts ";3;99462
" Norfolk, Massachusetts ";3;99465
" East Gwillimbury, Canada ";3;99468
" Koice, Slovacchia ";3;99471
" Marshall, North Carolina ";3;99474
" Gladstone, Australia ";3;99477
" Libano, Oregon ";3;99480
" Wallkill, New York ";3;99483
" Durban North, Sudafrica ";3;99486
" Goochland, Virginia ";3;99489
" Warren, Rhode Island ";3;99492
" Bundoora, Australia ";3;99495
" Lyngby, ";3;99498
" Easton, Maryland ";3;99501
" Rutherglen, Australia ";3;99504
" Ben Lomond, California ";3;99507
" Blumenau, Brasile ";3;99510
" Scotts Valley, California ";3;99513
" Las Rozas, Spagna ";3;99516
" Niagara-on-the-Lake, Canada ";3;99519
" Franklin Park, Illinois ";3;99522
" Mount Vernon, New York ";3;99525
" Perugia, Italia ";3;99528
" Hod Hasharon, Israele ";3;99531
" Oneonta, New York ";3;99534
" Conwy, Regno Unito ";3;99537
" Ao Nang, Tailandia ";3;99540
" Netarts, Oregon ";3;99543
" Grand Blanc, Michigan ";3;99546
" Oswestry, Regno Unito ";3;99549
" Bassersdorf, Svizzera ";3;99552
" Waxhaw, North Carolina ";3;99555
" Storrington, Regno Unito ";3;99558
" Blantyre, Malawi ";3;99561
" Offenbach, Germania ";3;99564
" Marlborough, Regno Unito ";3;99567
" Moree, Australia ";3;99570
" Terneuzen, Paesi Bassi ";3;99573
" Westport, Massachusetts ";3;99576
" Bwlch, Regno Unito ";3;99579
" Spotswood, Australia ";3;99582
" Helmond, Paesi Bassi ";3;99585
" Worcester Park, Regno Unito ";3;99588
" Bulawayo, Zimbabwe ";3;99591
" Upper ";3;99594
" Puducherry, India ";3;99597
" St. Thomas, Isole Vergini Americane ";3;99600
" Mérignac, Francia ";3;99603
" Guangdong, Cina ";3;99606
" Barnsley, Regno Unito ";3;99609
" Lee, Massachusetts ";3;99612
" Harleysville, Pennsylvania ";3;99615
" Heemskerk, Paesi Bassi ";3;99618
" Dededo, Guam ";3;99621
" Herentals, Belgio ";3;99624
" New Albany, Ohio ";3;99627
" Compton, California ";3;99630
" Hampton, Regno Unito ";3;99633
" Lincoln, Rhode Island ";3;99636
" Bridgewater, Massachusetts ";3;99639
" Lincoln City, Oregon ";3;99642
" Harvard, Massachusetts ";3;99645
" Southbank, Australia ";3;99648
" Almada, Portogallo ";3;99651
" Fredrikstad, Norvegia ";3;99654
" Cienfuegos, Cuba ";3;99657
" Waimea, Hawaii ";3;99660
" Pendleton, Oregon ";3;99663
" Bloomsburg, Pennsylvania ";3;99666
" Charlottenlund, ";3;99669
" Bursa, Turchia ";3;99672
" Gualala, California ";3;99675
" Gulfport, Mississippi ";3;99678
" Reutlingen, Germania ";3;99681
" Wallisellen, Svizzera ";3;99684
" Paducah, Kentucky ";3;99687
" Bridgnorth, Regno Unito ";3;99690
" Katsushika, Giappone ";3;99693
" Marcus Beach, Australia ";3;99696
" Hamilton, Montana ";3;99699
" Greencastle, Indiana ";3;99702
" Molde, Norvegia ";3;99705
" Narbona, Francia ";3;99708
" Saline, Michigan ";3;99711
" Deer Isle, Maine ";3;99714
" Elmira, New York ";3;99717
" Nagymaros, Ungheria ";3;99720
" Magnolia, Texas ";3;99723
" Ballston Spa, New York ";3;99726
" Old Lyme, Connecticut ";3;99729
" Sandefjord, Norvegia ";3;99732
" Geraldton, Australia ";3;99735
" Tucker, Georgia ";3;99738
" Orono, Maine ";3;99741
" Saint Peters, Missouri ";3;99744
" Isole Cayman ";3;99747
" Portslade, Regno Unito ";3;99750
" Winter Garden, Florida ";3;99753
" Oberlin, Ohio ";3;99756
" Isole Canarie, Spagna ";3;99759
" Sag Harbor, New York ";3;99762
" Sitka, Alaska ";3;99765
" Scarborough, Australia ";3;99768
" Dipartimento di Montevideo, Uruguay ";3;99771
" J?rmala, Lettonia ";3;99774
" Coulterville, California ";3;99777
" Bellflower, California ";3;99780
" Bolingbrook, Illinois ";3;99783
" Cobh, Irlanda ";3;99786
" Grand Haven, Michigan ";3;99789
" Parati, Brasile ";3;99792
" Ketchum, Idaho ";3;99795
" Estonia ";3;99798
" Owen Sound, Canada ";3;99801
" Calverton, New York ";3;99804
" West Perth, Australia ";3;99807
" Mitcham, Australia ";3;99810
" Walmer, Regno Unito ";3;99813
" Holbæk, ";3;99816
" Surprise, Arizona ";3;99819
" Plymouth, Minnesota ";3;99822
" Playa Flamingo, Costa Rica ";3;99825
" Perris, California ";3;99828
" Le Havre, Francia ";3;99831
" Walled Lake, Michigan ";3;99834
" West Vancouver, Canada ";3;99837
" Anoka, Minnesota ";3;99840
" Mount Gambier, Australia ";3;99843
" Cottage Grove, Wisconsin ";3;99846
" Pasadena, Maryland ";3;99849
" Crowborough, Regno Unito ";3;99852
" Swieqi, Malta ";3;99855
" Saint Lucia, Australia ";3;99858
" Jeonju-si, Corea del Sud ";3;99861
" Trinidad e Tobago ";3;99864
" North Bend, Oregon ";3;99867
" Isleworth, Regno Unito ";3;99870
" Aguascalientes, Messico ";3;99873
" Kangaroo Valley, Australia ";3;99876
" Corner Brook, Canada ";3;99879
" Sun Prairie, Wisconsin ";3;99882
" Frigiliana, Spagna ";3;99885
" Elmont, New York ";3;99888
" Miramar, Florida ";3;99891
" Apache Junction, Arizona ";3;99894
" Firenze, South Carolina ";3;99897
" Pireas, Grecia ";3;99900
" ?eljabinsk, Russia ";3;99903
" Hellertown, Pennsylvania ";3;99906
" Washington, Michigan ";3;99909
" Leominster, Massachusetts ";3;99912
" Amberg, Germania ";3;99915
" Bryn Mawr, Pennsylvania ";3;99918
" Montana, Stati Uniti ";3;99921
" Fira, Grecia ";3;99924
" Sarzeau, Francia ";3;99927
" Friedrichsdorf, Germania ";3;99930
" Monterosso al Mare, Italia ";3;99933
" Kenya ";3;99936
" Split, Croatia, Croazia ";3;99939
" Severn, Maryland ";3;99942
" Birkirkara, Malta ";3;99945
" Fontainebleau, Francia ";3;99948
" Renfrew, Regno Unito ";3;99951
" Monroe, Louisiana ";3;99954
" Ostuni, Italia ";3;99957
" Herriman, Utah ";3;99960
" Palmas de Gran Canaria, Spagna ";3;99963
" Tulum Municipality, Messico ";3;99966
" Scandicci, Italia ";3;99969
" Logroño, Spagna ";3;99972
" Houma, Louisiana ";3;99975
" Longmeadow, Massachusetts ";3;99978
" Brockport, New York ";3;99981
" Crested Butte, Colorado ";3;99984
" St. Augustine Beach, Florida ";3;99987
" Muntinlupa, Filippine ";3;99990
" Rhoon, Paesi Bassi ";3;99993
" Chippenham, Regno Unito ";3;99996
" Barry, Regno Unito ";3;99999
" Bury St Edmunds, Regno Unito ";3;100002
" Ladera Ranch, California ";3;100005
" Fair Lawn, New Jersey ";3;100008
" Arequipa, Perù ";3;100011
" Gladstone, Oregon ";3;100014
" Marlboro, Vermont ";3;100017
" Litchfield Park, Arizona ";3;100020
" Neuss, Germania ";3;100023
" Maisons-Alfort, Francia ";3;100026
" Cochabamba, Bolivia ";3;100029
" Pflugerville, Texas ";3;100032
" Cairns North, Australia ";3;100035
" Debrecen, Ungheria ";3;100038
" Meadville, Pennsylvania ";3;100041
" St. John, Isole Vergini Americane ";3;100044
" Crickhowell, Regno Unito ";3;100047
" Saint Helens, Oregon ";3;100050
" Vieques, Portorico ";3;100053
" Schoten, Belgio ";3;100056
" Giordania ";3;100059
" Pagosa Springs, Colorado ";3;100062
" Oviedo, Florida ";3;100065
" Kitimat, Canada ";3;100068
" Salisbury, Connecticut ";3;100071
" Ramona, California ";3;100074
" Concord, North Carolina ";3;100077
" Woodbine, Maryland ";3;100080
" Halton Hills, Canada ";3;100083
" Jacksonville, North Carolina ";3;100086
" Beverley, Regno Unito ";3;100089
" Chiyoda, Giappone ";3;100092
" Georgsmarienhütte, Germania ";3;100095
" Wetzikon, Svizzera ";3;100098
" Medfield, Massachusetts ";3;100101
" Yachats, Oregon ";3;100104
" Elyria, Ohio ";3;100107
" Maarssenbroek, Paesi Bassi ";3;100110
" Jerez de la Frontera, Spagna ";3;100113
" Muskegon, Michigan ";3;100116
" Ellensburg, Washington ";3;100119
" Rossland, Canada ";3;100122
" Lake Mills, Wisconsin ";3;100125
" Lake Elsinore, California ";3;100128
" East Wenatchee, Washington ";3;100131
" Johnson City, Texas ";3;100134
" Clare, Irlanda ";3;100137
" Concepción, Cile ";3;100140
" Baghdad, Iraq ";3;100143
" Metuchen, New Jersey ";3;100146
" Bay Village, Ohio ";3;100149
" Cottonwood, Arizona ";3;100152
" Bergisch Gladbach, Germania ";3;100155
" Saint Cloud, Minnesota ";3;100158
" Saratoga Springs, Utah ";3;100161
" Fairview, North Carolina ";3;100164
" Longwood, Florida ";3;100167
" Stubi?ke Toplice, Croazia ";3;100170
" Greenlawn, New York ";3;100173
" Peabody, Massachusetts ";3;100176
" Rock Hill, South Carolina ";3;100179
" Cranford, New Jersey ";3;100182
" West Ryde, Australia ";3;100185
" Williston, North ";3;100188
" Freeport, Bahamas ";3;100191
" Gémenos, Francia ";3;100194
" Grays, Regno Unito ";3;100197
" Yeppoon, Australia ";3;100200
" Bucaramanga, Colombia ";3;100203
" George Town, Isole Cayman ";3;100206
" La Valletta, Malta ";3;100209
" Canton, Michigan ";3;100212
" Dunmow, Regno Unito ";3;100215
" Santa Margarita, California ";3;100218
" Indooroopilly, Australia ";3;100221
" Hildesheim, Germania ";3;100224
" Creswick, Australia ";3;100227
" Orange Beach, Alabama ";3;100230
" Halmstad, Svezia ";3;100233
" Oconomowoc, Wisconsin ";3;100236
" Hofheim, Germania ";3;100239
" Bodega Bay, California ";3;100242
" Mukilteo, Washington ";3;100245
" Inver Grove Heights, Minnesota ";3;100248
" Écully, Francia ";3;100251
" Kerrville, Texas ";3;100254
" Faversham, Regno Unito ";3;100257
" Haywards Heath, Regno Unito ";3;100260
" Oranjestad, Aruba ";3;100263
" Stanmore, Australia ";3;100266
" Pau, Francia ";3;100269
" King City, Canada ";3;100272
" Eilat, Israele ";3;100275
" Highland, New York ";3;100278
" Fairview, Oregon ";3;100281
" Bourton-on-the-Water, Regno Unito ";3;100284
" Blaine, Minnesota ";3;100287
" Melbourne, Regno Unito ";3;100290
" Aubagne, Francia ";3;100293
" Westminster, Vermont ";3;100296
" King of Prussia, Pennsylvania ";3;100299
" Aquitania, Francia ";3;100302
" Argenteuil, Francia ";3;100305
" Holbrook, New York ";3;100308
" Jefferson City, Missouri ";3;100311
" Southwest Ranches, Florida ";3;100314
" American Canyon, California ";3;100317
" Thalwil, Svizzera ";3;100320
" Parbold, Regno Unito ";3;100323
" Shenyang, Cina ";3;100326
" Garches, Francia ";3;100329
" Orte Scalo, Italia ";3;100332
" Cottbus, Germania ";3;100335
" Batavia, Illinois ";3;100338
" Burnley, Regno Unito ";3;100341
" Morrisville, North Carolina ";3;100344
" Deerfield, Illinois ";3;100347
" Puerto Viejo de Talamanca, Costa Rica ";3;100350
" Alajuela, Costa Rica ";3;100353
" Glen Burnie, Maryland ";3;100356
" Marlborough, Nuova Zelanda ";3;100359
" Stevenson, Washington ";3;100362
" Umina Beach, Australia ";3;100365
" Happy Valley, Oregon ";3;100368
" Saguenay, Canada ";3;100371
" Wolfville, Canada ";3;100374
" Cornwall, New York ";3;100377
" Bandar Baru Bangi, Malesia ";3;100380
" A Coruña, Spagna ";3;100383
" Sharon, Massachusetts ";3;100386
" Bulli, Australia ";3;100389
" Lake Arrowhead, California ";3;100392
" Capodistria, Slovenia ";3;100395
" Hazel Grove, Regno Unito ";3;100398
" Independence, Oregon ";3;100401
" Harlingen, Texas ";3;100404
" Wells, Regno Unito ";3;100407
" Wilkes-Barre, Pennsylvania ";3;100410
" Michigan City, Indiana ";3;100413
" Caneças, Portogallo ";3;100416
" Wexford, Irlanda ";3;100419
" Portlaoise, Irlanda ";3;100422
" Manresa, Spagna ";3;100425
" Beaconsfield, Australia ";3;100428
" Tsukuba, Giappone ";3;100431
" Wheeling, Illinois ";3;100434
" Paiporta, Spagna ";3;100437
" Chardon, Ohio ";3;100440
" Taiwan Province, Taiwan ";3;100443
" Lake Zurich, Illinois ";3;100446
" Okayama, Giappone ";3;100449
" Bodo, Norvegia ";3;100452
" Oak Bluffs, Massachusetts ";3;100455
" Rosemère, Canada ";3;100458
" Kladno, Repubblica Ceca ";3;100461
" Abingdon, Maryland ";3;100464
" Hanson, Massachusetts ";3;100467
" Rancho Cordova, California ";3;100470
" Lambertville, New Jersey ";3;100473
" Glen Iris, Australia ";3;100476
" Suresnes, Francia ";3;100479
" Hammond, Louisiana ";3;100482
" Kamakura, Giappone ";3;100485
" Bridgeport, Connecticut ";3;100488
" Weston, Connecticut ";3;100491
" Chiapas, Messico ";3;100494
" Key Largo, Florida ";3;100497
" South Padre Island, Texas ";3;100500
" Göreme, Turchia ";3;100503
" New Plymouth, Nuova Zelanda ";3;100506
" Roslyn, New York ";3;100509
" Varennes, Canada ";3;100512
" Shepperton, Regno Unito ";3;100515
" Highland Park, New Jersey ";3;100518
" Rochester Hills, Michigan ";3;100521
" Ridgefield, Washington ";3;100524
" Brentwood, Regno Unito ";3;100527
" Garrison, New York ";3;100530
" Kriti, Grecia ";3;100533
" Baytown, Texas ";3;100536
" South Burlington, Vermont ";3;100539
" North Bethesda, Maryland ";3;100542
" Joplin, Missouri ";3;100545
" Rickmansworth, Regno Unito ";3;100548
" Westport, Canada ";3;100551
" Inglewood, California ";3;100554
" Granada, Nicaragua ";3;100557
" Zografou, Grecia ";3;100560
" Madison, New Jersey ";3;100563
" Dragør, ";3;100566
" Ramat Hasharon, Israele ";3;100569
" Comunità di Madrid, Spagna ";3;100572
" Macarsca, Croazia ";3;100575
" New Boston, New Hampshire ";3;100578
" District of Columbia, Stati Uniti ";3;100581
" Sea Cliff, New York ";3;100584
" Tola, Nicaragua ";3;100587
" Cleveland, Tennessee ";3;100590
" Pinetop-Lakeside, Arizona ";3;100593
" Badhoevedorp, Paesi Bassi ";3;100596
" Cowichan Bay, Canada ";3;100599
" Cortlandt, New York ";3;100602
" Lindsay, Canada ";3;100605
" Saint Martin ";3;100608
" Mundelein, Illinois ";3;100611
" Cagayan de Oro, Filippine ";3;100614
" Fiumicino, Italia ";3;100617
" Avalon Beach, Australia ";3;100620
" Castlemaine, Australia ";3;100623
" Mosta, Malta ";3;100626
" Floreat, Australia ";3;100629
" Wantagh, New York ";3;100632
" Pennington, New Jersey ";3;100635
" Rehoboth Beach, Delaware ";3;100638
" Funchal, Portogallo ";3;100641
" Varberg, Svezia ";3;100644
" Lymington, Regno Unito ";3;100647
" Baden-Baden, Germania ";3;100650
" San Isidro, Argentina ";3;100653
" Le Cannet, Francia ";3;100656
" Greenbank, Washington ";3;100659
" Thane, India ";3;100662
" Niverville, Canada ";3;100665
" Shipley, Regno Unito ";3;100668
" Bella Vista, Australia ";3;100671
" Falkirk, Regno Unito ";3;100674
" Penrith, Regno Unito ";3;100677
" North Palm Beach, Florida ";3;100680
" Mississippi Mills, Canada ";3;100683
" Mougins, Francia ";3;100686
" Torquay, Regno Unito ";3;100689
" Pinner, Regno Unito ";3;100692
" Washington Crossing, Pennsylvania ";3;100695
" Townsville City, Australia ";3;100698
" Orchard Park, New York ";3;100701
" Andalusia, Spagna ";3;100704
" Chatham, New Jersey ";3;100707
" Lexington Park, Maryland ";3;100710
" Ilhabela, Brasile ";3;100713
" Niterói, Brasile ";3;100716
" Mangaluru, India ";3;100719
" Vejle, ";3;100722
" Sunrise, Florida ";3;100725
" Marikina, Filippine ";3;100728
" Port-au-Prince, Haiti ";3;100731
" Madison, Mississippi ";3;100734
" Saint-Denis, Francia ";3;100737
" Yarmouth, Canada ";3;100740
" Karachi, Pakistan ";3;100743
" Easton, Connecticut ";3;100746
" Bia?ystok, Polonia ";3;100749
" George, Sudafrica ";3;100752
" Monroe, Washington ";3;100755
" Leon, Messico ";3;100758
" Stowmarket, Regno Unito ";3;100761
" Catalunya, Spagna ";3;100764
" Slad, Regno Unito ";3;100767
" Jenkintown, Pennsylvania ";3;100770
" Seal Rock, Oregon ";3;100773
" Wollstonecraft, Australia ";3;100776
" Rose Bay, Australia ";3;100779
" Taylors Lakes, Australia ";3;100782
" East Aurora, New York ";3;100785
" Denville, New Jersey ";3;100788
" Kennett Square, Pennsylvania ";3;100791
" Grinnell, Iowa ";3;100794
" Meath, Irlanda ";3;100797
" Rota, Spagna ";3;100800
" Kerava, Finlandia ";3;100803
" Saint Peters, Australia ";3;100806
" Tivoli, New York ";3;100809
" Bahrein ";3;100812
" Eureka Springs, Arkansas ";3;100815
" Provenza-Alpi-Costa Azzurra, Francia ";3;100818
" Batavia, New York ";3;100821
" Sellersville, Pennsylvania ";3;100824
" Ultimo, Australia ";3;100827
" Scarborough, Regno Unito ";3;100830
" Port Charlotte, Florida ";3;100833
" Mississippi, Stati Uniti ";3;100836
" ?eský Krumlov, Repubblica Ceca ";3;100839
" Chepstow, Regno Unito ";3;100842
" Guam ";3;100845
" Lewis Center, Ohio ";3;100848
" Hemet, California ";3;100851
" Lake Louise, Canada ";3;100854
" Marathon, Florida ";3;100857
" Donvale, Australia ";3;100860
" Springdale, Arkansas ";3;100863
" Sun Valley, Idaho ";3;100866
" Broken Arrow, Oklahoma ";3;100869
" Berea, Ohio ";3;100872
" Noisy-le-Grand, Francia ";3;100875
" Carquefou, Francia ";3;100878
" Kildare, Irlanda ";3;100881
" Vence, Francia ";3;100884
" Muttenz, Svizzera ";3;100887
" Lilydale, Australia ";3;100890
" Kirkjubæjarklaustur, Islanda ";3;100893
" North Miami Beach, Florida ";3;100896
" Rayong, Tailandia ";3;100899
" Creswell, Oregon ";3;100902
" Ramah, New Mexico ";3;100905
" Stäfa, Svizzera ";3;100908
" Killeen, Texas ";3;100911
" Skelmersdale, Regno Unito ";3;100914
" Callala Bay, Australia ";3;100917
" Hørsholm, ";3;100920
" La Verkin, Utah ";3;100923
" Belgrado, Montana ";3;100926
" Sandia Park, New Mexico ";3;100929
" Haacht, Belgio ";3;100932
" Huntersville, North Carolina ";3;100935
" Woolloomooloo, Australia ";3;100938
" Cambridge, Nuova Zelanda ";3;100941
" Bretagna, Francia ";3;100944
" Hopewell Township, New Jersey ";3;100947
" Gardabaer, Islanda ";3;100950
" Sunbury, Pennsylvania ";3;100953
" Blairsville, Georgia ";3;100956
" Ungheria ";3;100959
" Prince Edward, Canada ";3;100962
" Middleborough, Massachusetts ";3;100965
" Belper, Regno Unito ";3;100968
" Trivandrum, India ";3;100971
" Spearfish, South ";3;100974
" Worcester, Regno Unito ";3;100977
" Mysuru, India ";3;100980
" Baguio, Filippine ";3;100983
" Carson, California ";3;100986
" Mosman Park, Australia ";3;100989
" Alphen aan den Rijn, Paesi Bassi ";3;100992
" Bury, Regno Unito ";3;100995
" Kannapolis, North Carolina ";3;100998
" Kemah, Texas ";3;101001
" Snoqualmie, Washington ";3;101004
" Fairlight, Australia ";3;101007
" Lane Cove, Australia ";3;101010
" Forster, Australia ";3;101013
" Santee, California ";3;101016
" Nashville, Indiana ";3;101019
" Ilford, Regno Unito ";3;101022
" Waterways, Australia ";3;101025
" Prestwich, Regno Unito ";3;101028
" Wilmington, Massachusetts ";3;101031
" Sisters, Oregon ";3;101034
" Waverton, Australia ";3;101037
" Saint-Maurice, Francia ";3;101040
" Mount Gravatt East, Australia ";3;101043
" Granbury, Texas ";3;101046
" Viroqua, Wisconsin ";3;101049
" Lublino, Polonia ";3;101052
" Chantilly, Virginia ";3;101055
" Lithia, Florida ";3;101058
" Winthrop, Washington ";3;101061
" Porthcawl, Regno Unito ";3;101064
" Hailey, Idaho ";3;101067
" Montgomery, Texas ";3;101070
" Tyler, Texas ";3;101073
" Amiens, Francia ";3;101076
" Libano ";3;101079
" Cowes, Regno Unito ";3;101082
" Aiken, South Carolina ";3;101085
" Julian, California ";3;101088
" Cambewarra, Australia ";3;101091
" Bethpage, New York ";3;101094
" Carrigaline, Irlanda ";3;101097
" Sabah, Malesia ";3;101100
" Tinton Falls, New Jersey ";3;101103
" Lombarda, Croazia ";3;101106
" Esporles, Spagna ";3;101109
" Los Olivos, California ";3;101112
" Vitoria-Gasteiz, Spagna ";3;101115
" Baraga, Michigan ";3;101118
" Paros, Grecia ";3;101121
" Noord, Aruba ";3;101124
" New Berlin, Wisconsin ";3;101127
" Hawker, Australia ";3;101130
" Methuen, Massachusetts ";3;101133
" Constan?a, Romania ";3;101136
" Manizales, Colombia ";3;101139
" Waukegan, Illinois ";3;101142
" Herzliyya, Israele ";3;101145
" Waxahachie, Texas ";3;101148
" Portage, Indiana ";3;101151
" Sayville, New York ";3;101154
" Commack, New York ";3;101157
" Huntington, West Virginia ";3;101160
" Oberursel, Germania ";3;101163
" Southbury, Connecticut ";3;101166
" Puchong, Malesia ";3;101169
" Mayo, Irlanda ";3;101172
" Skokie, Illinois ";3;101175
" Klosterneuburg, Austria ";3;101178
" Bear, Delaware ";3;101181
" Purcellville, Virginia ";3;101184
" Sebring, Florida ";3;101187
" Goes, Paesi Bassi ";3;101190
" Oakland Park, Florida ";3;101193
" Kirkkonummi, Finlandia ";3;101196
" Tweed Heads, Australia ";3;101199
" Villingen-Schwenningen, Germania ";3;101202
" Nogent-sur-Marne, Francia ";3;101205
" Krabi, Tailandia ";3;101208
" Guaynabo, Portorico ";3;101211
" Grand Prairie, Texas ";3;101214
" Villemomble, Francia ";3;101217
" Westcliffe, Colorado ";3;101220
" Pushkino, Russia ";3;101223
" São Bernardo do Campo, Brasile ";3;101226
" Connersville, Indiana ";3;101229
" South Brunswick Township, New Jersey ";3;101232
" Limoges, Francia ";3;101235
" Southborough, Regno Unito ";3;101238
" Jonesboro, Georgia ";3;101241
" Wymondham, Regno Unito ";3;101244
" Overijse, Belgio ";3;101247
" Jeffreys Bay, Sudafrica ";3;101250
" Dubois, Wyoming ";3;101253
" Bismarck, North ";3;101256
" Fredericksburg, Texas ";3;101259
" Petersburg, Virginia ";3;101262
" Englewood, Florida ";3;101265
" Blue Bell, Pennsylvania ";3;101268
" Tourcoing, Francia ";3;101271
" Labrador, Australia ";3;101274
" Belleville, New Jersey ";3;101277
" Nozawaonsen, Giappone ";3;101280
" Dreieich, Germania ";3;101283
" Kalami, Grecia ";3;101286
" Carlow, Irlanda ";3;101289
" Bloomingdale, Illinois ";3;101292
" Iqaluit, Canada ";3;101295
" Brentwood, New York ";3;101298
" Maputo, Mozambico ";3;101301
" St-Chamond, Francia ";3;101304
" Wrightwood, California ";3;101307
" Swampscott, Massachusetts ";3;101310
" Smithers, Canada ";3;101313
" Volcano, Hawaii ";3;101316
" Kalmar, Svezia ";3;101319
" Acton, Canada ";3;101322
" Stockholms län, Svezia ";3;101325
" Chelsea, Alabama ";3;101328
" San Pedro, Costa Rica ";3;101331
" Brooklet, Australia ";3;101334
" Evora, Portogallo ";3;101337
" New Cumberland, Pennsylvania ";3;101340
" Cachan, Francia ";3;101343
" Colonial Heights, Virginia ";3;101346
" Welling, Regno Unito ";3;101349
" Biel, Svizzera ";3;101352
" Waterford, Connecticut ";3;101355
" Middletown, Maryland ";3;101358
" Zeist, Paesi Bassi ";3;101361
" Belton, Texas ";3;101364
" Patterson, California ";3;101367
" Wooster, Ohio ";3;101370
" Centralia, Washington ";3;101373
" Chelan, Washington ";3;101376
" Grosse Pointe Woods, Michigan ";3;101379
" Allendale, New Jersey ";3;101382
" Westwood, Massachusetts ";3;101385
" Hudson, Massachusetts ";3;101388
" Évreux, Francia ";3;101391
" Willits, California ";3;101394
" Cotati, California ";3;101397
" Ella, Sri Lanka ";3;101400
" Basalt, Colorado ";3;101403
" North Richland Hills, Texas ";3;101406
" Gelsenkirchen, Germania ";3;101409
" Bardon, Australia ";3;101412
" Newark-on-Trent, Regno Unito ";3;101415
" Tamworth, Australia ";3;101418
" Georgetown, Massachusetts ";3;101421
" Teufen, Svizzera ";3;101424
" Forest Park, Illinois ";3;101427
" Cremona, Italia ";3;101430
" Elfrida, Arizona ";3;101433
" Warrington, Pennsylvania ";3;101436
" Craughwell, Irlanda ";3;101439
" Elmira, Canada ";3;101442
" Matthews, North Carolina ";3;101445
" Petah Tiqwa, Israele ";3;101448
" Santa Cruz de la Sierra, Bolivia ";3;101451
" Clatskanie, Oregon ";3;101454
" Luton, Regno Unito ";3;101457
" Selçuk, Turchia ";3;101460
" Calabasas, California ";3;101463
" Sagle, Idaho ";3;101466
" Payneham, Australia ";3;101469
" Hamilton, Bermuda ";3;101472
" Salford, Regno Unito ";3;101475
" King City, California ";3;101478
" Cesena, Italia ";3;101481
" Pfaffenhofen an der Ilm, Germania ";3;101484
" Shepparton, Australia ";3;101487
" Chihuahua, Messico ";3;101490
" Villa Brown, Argentina ";3;101493
" Mount Airy, Maryland ";3;101496
" Cainta, Filippine ";3;101499
" Naxos, Grecia ";3;101502
" Douglasville, Georgia ";3;101505
" Colombia, Colombia ";3;101508
" Gaillard, Francia ";3;101511
" Vaterstetten, Germania ";3;101514
" Ocean Springs, Mississippi ";3;101517
" Avondale Heights, Australia ";3;101520
" Belfort, Francia ";3;101523
" Voivodato della Masovia, Polonia ";3;101526
" Impruneta, Italia ";3;101529
" Ruston, Louisiana ";3;101532
" Hahei, Nuova Zelanda ";3;101535
" Cloverdale, California ";3;101538
" Minden, Nevada ";3;101541
" Plymouth, New Hampshire ";3;101544
" East Java, Indonesia ";3;101547
" North Wales, Pennsylvania ";3;101550
" Trent, Italia ";3;101553
" Airdrie, Canada ";3;101556
" Marshfield, Massachusetts ";3;101559
" Perth, Canada ";3;101562
" Windham, Maine ";3;101565
" Chapin, South Carolina ";3;101568
" Wilson, North Carolina ";3;101571
" Rocky Mount, North Carolina ";3;101574
" Lake Lure, North Carolina ";3;101577
" Riverhead, New York ";3;101580
" Elanora, Australia ";3;101583
" Jeffersonville, Indiana ";3;101586
" Etterbeek, Belgio ";3;101589
" Lewes, Delaware ";3;101592
" Dinan, Francia ";3;101595
" Lenexa, Kansas ";3;101598
" Bennington, Vermont ";3;101601
" Huntsville, Canada ";3;101604
" San Luis Potosi, Messico ";3;101607
" Georgetown, Kentucky ";3;101610
" Germantown, Tennessee ";3;101613
" La Serena, Cile ";3;101616
" Portoro, Slovenia ";3;101619
" Patchogue, New York ";3;101622
" Corning, New York ";3;101625
" Martinsburg, West Virginia ";3;101628
" Silverthorne, Colorado ";3;101631
" Silverton, Oregon ";3;101634
" Manheim, Pennsylvania ";3;101637
" Clinton, Connecticut ";3;101640
" Vaudreuil-Dorion, Canada ";3;101643
" Stratham, New Hampshire ";3;101646
" Livingston Manor, New York ";3;101649
" Carnation, Washington ";3;101652
" Black Diamond, Washington ";3;101655
" Paphos, Cipro ";3;101658
" Repubblica Dominicana ";3;101661
" Woluwe-Saint-Lambert, Belgio ";3;101664
" Quakertown, Pennsylvania ";3;101667
" Cranston, Rhode Island ";3;101670
" McKinleyville, California ";3;101673
" Dumfries, Regno Unito ";3;101676
" Canal Winchester, Ohio ";3;101679
" Offenburg, Germania ";3;101682
" Clitheroe, Regno Unito ";3;101685
" Pescadero, California ";3;101688
" Strathfield, Australia ";3;101691
" Veghel, Paesi Bassi ";3;101694
" Lexington, North Carolina ";3;101697
" Buttwil, Svizzera ";3;101700
" Diamond Creek, Australia ";3;101703
" Villebon-sur-Yvette, Francia ";3;101706
" Atene, New York ";3;101709
" Iraklion, Grecia ";3;101712
" Burlington, North Carolina ";3;101715
" Southport, Regno Unito ";3;101718
" Soest, Paesi Bassi ";3;101721
" Schaffhausen, Svizzera ";3;101724
" Cayucos, California ";3;101727
" Clemmons, North Carolina ";3;101730
" Aljezur, Portogallo ";3;101733
" Tegueste, Spagna ";3;101736
" West Footscray, Australia ";3;101739
" Mount Coolum, Australia ";3;101742
" Central Coast, Australia ";3;101745
" Nuestra Señora de La Paz, Bolivia ";3;101748
" Welland, Canada ";3;101751
" Minot, North ";3;101754
" Hackney, Regno Unito ";3;101757
" Aldie, Virginia ";3;101760
" San Martin, California ";3;101763
" Lillehammer, Norvegia ";3;101766
" Belmont, Australia ";3;101769
" Pasadena, Texas ";3;101772
" High Falls, New York ";3;101775
" Wadsworth, Illinois ";3;101778
" Nové Zámky, Slovacchia ";3;101781
" Rueil-Malmaison, Francia ";3;101784
" Mankato, Minnesota ";3;101787
" Terrigal, Australia ";3;101790
" Discovery Bay, California ";3;101793
" Redcar, Regno Unito ";3;101796
" Haderslev, ";3;101799
" Pullenvale, Australia ";3;101802
" Carlisle, Pennsylvania ";3;101805
" Celbridge, Irlanda ";3;101808
" Marina, California ";3;101811
" Majadahonda, Spagna ";3;101814
" Blois, Francia ";3;101817
" Erie, Colorado ";3;101820
" Braga, Portogallo ";3;101823
" Saint-Lambert, Canada ";3;101826
" Nicosia ";3;101829
" Bushey, Regno Unito ";3;101832
" Ashburton, Regno Unito ";3;101835
" Beaconsfield, Regno Unito ";3;101838
" Pathum Thani, Tailandia ";3;101841
" Tamuning, Guam ";3;101844
" São Caetano do Sul, Brasile ";3;101847
" Chiavari, Italia ";3;101850
" Fall River, Massachusetts ";3;101853
" Knowle, Regno Unito ";3;101856
" Olhao, Portogallo ";3;101859
" Klaip?da, Lituania ";3;101862
" Vitoria, Spagna ";3;101865
" Dillon, Colorado ";3;101868
" Bisbee, Arizona ";3;101871
" Wasilla, Alaska ";3;101874
" Tralee, Irlanda ";3;101877
" Brandon, Canada ";3;101880
" Revelstoke, Canada ";3;101883
" Vevey, Svizzera ";3;101886
" Pleasant Ridge, Michigan ";3;101889
" Querétaro, Messico ";3;101892
" Viviers, Francia ";3;101895
" Dehradun, India ";3;101898
" Beaune, Francia ";3;101901
" Aberystwyth, Regno Unito ";3;101904
" Glen Ridge, New Jersey ";3;101907
" Vilvoorde, Belgio ";3;101910
" Sierra Vista, Arizona ";3;101913
" Buford, Georgia ";3;101916
" Broome, Australia ";3;101919
" Hungerford, Regno Unito ";3;101922
" West Pennant Hills, Australia ";3;101925
" Bartlett, Illinois ";3;101928
" Middletown, New Jersey ";3;101931
" Hawthorn East, Australia ";3;101934
" Ooltewah, Tennessee ";3;101937
" San Marino, California ";3;101940
" Huddinge, Svezia ";3;101943
" Hayes, Regno Unito ";3;101946
" Oklahoma, Stati Uniti ";3;101949
" Marrickville, Australia ";3;101952
" Phillipsburg, New Jersey ";3;101955
" West Hurley, New York ";3;101958
" Wolcott, Vermont ";3;101961
" Coventry, Rhode Island ";3;101964
" Kearney, Nebraska ";3;101967
" Akron, New York ";3;101970
" Sanlúcar de Barrameda, Spagna ";3;101973
" Port Douglas, Australia ";3;101976
" High Point, North Carolina ";3;101979
" Syosset, New York ";3;101982
" Toyama, Giappone ";3;101985
" Caernarfon, Regno Unito ";3;101988
" Putrajaya, Malesia ";3;101991
" Springfield, Ohio ";3;101994
" Heredia Province, Costa Rica ";3;101997
" Randwick, Australia ";3;102000
" Alvernia-Rodano-Alpi, Francia ";3;102003
" Katowice, Polonia ";3;102006
" Wallingford, Connecticut ";3;102009
" Wantirna, Australia ";3;102012
" Gryon, Svizzera ";3;102015
" South Croydon, Regno Unito ";3;102018
" Lagunitas-Forest Knolls, California ";3;102021
" Kenner, Louisiana ";3;102024
" Bayamón, Portorico ";3;102027
" Hampstead, New Hampshire ";3;102030
" Irmo, South Carolina ";3;102033
" Camaiore, Italia ";3;102036
" Carcavelos, Portogallo ";3;102039
" Porterville, California ";3;102042
" Savage, Minnesota ";3;102045
" Bethel, Connecticut ";3;102048
" McCrae, Australia ";3;102051
" Kedron, Australia ";3;102054
" Malakoff, Francia ";3;102057
" Miahuatlan, Messico ";3;102060
" Batemans Bay, Australia ";3;102063
" Lafayette, Indiana ";3;102066
" New Milford, Connecticut ";3;102069
" Haverhill, Massachusetts ";3;102072
" Heswall, Regno Unito ";3;102075
" Kellyville, Oklahoma ";3;102078
" Alamogordo, New Mexico ";3;102081
" Lawrence Township, New Jersey ";3;102084
" Fox Island, Washington ";3;102087
" East Greenwich, Rhode Island ";3;102090
" Hercules, California ";3;102093
" Taringa, Australia ";3;102096
" Bacolod, Filippine ";3;102099
" Port Alberni, Canada ";3;102102
" Rambouillet, Francia ";3;102105
" Dennis, Massachusetts ";3;102108
" Norrköping, Svezia ";3;102111
" Carbondale, Illinois ";3;102114
" Rugby, Regno Unito ";3;102117
" Leadville, Colorado ";3;102120
" Dundalk, Maryland ";3;102123
" Biggleswade, Regno Unito ";3;102126
" Montclair, California ";3;102129
" Kirkwood, Missouri ";3;102132
" San Carlos de Bariloche, Argentina ";3;102135
" Annandale, Australia ";3;102138
" Segovia, Spagna ";3;102141
" Witten, Germania ";3;102144
" Sant Andreu de Llavaneres, Spagna ";3;102147
" Bellbrook, Ohio ";3;102150
" Eagle Point, Oregon ";3;102153
" Mamaroneck, New York ";3;102156
" Ashdod, Israele ";3;102159
" Lake Havasu City, Arizona ";3;102162
" Loomis, California ";3;102165
" Seddon, Australia ";3;102168
" Bussum, Paesi Bassi ";3;102171
" Mishawaka, Indiana ";3;102174
" Kitzbühel, Austria ";3;102177
" Prineville, Oregon ";3;102180
" Hinckley, Regno Unito ";3;102183
" Bartlett, Tennessee ";3;102186
" Egham, Regno Unito ";3;102189
" Big Sky, Montana ";3;102192
" Marcq-en-Barul, Francia ";3;102195
" Biloxi, Mississippi ";3;102198
" Passavia, Germania ";3;102201
" Germantown, Maryland ";3;102204
" York, Maine ";3;102207
" Exmouth, Regno Unito ";3;102210
" Earley, Regno Unito ";3;102213
" Warren, Vermont ";3;102216
" Saint Simons Island, Georgia ";3;102219
" Caledonia, New York ";3;102222
" Perù ";3;102225
" Rowlett, Texas ";3;102228
" Lisboa, Portogallo ";3;102231
" Orion charter Township, Michigan ";3;102234
" Sidney, Canada ";3;102237
" Venezia, California ";3;102240
" Galapagar, Spagna ";3;102243
" Spring Valley, California ";3;102246
" Rocky Hill, Connecticut ";3;102249
" Brockenhurst, Regno Unito ";3;102252
" Vestal, New York ";3;102255
" Kensington, Maryland ";3;102258
" Wyoming, Michigan ";3;102261
" Charlton Kings, Regno Unito ";3;102264
" North Bend, Washington ";3;102267
" Paradise, California ";3;102270
" Brick, New Jersey ";3;102273
" Marlboro, New York ";3;102276
" Slingerlands, New York ";3;102279
" Wallingford, Regno Unito ";3;102282
" Lunenburg, Canada ";3;102285
" Geelong West, Australia ";3;102288
" Nilai, Malesia ";3;102291
" Monkton, Maryland ";3;102294
" Stettino, Polonia ";3;102297
" Wuxi, Cina ";3;102300
" Kiama Downs, Australia ";3;102303
" Vaasa, Finlandia ";3;102306
" Highlands Ranch, Colorado ";3;102309
" Limavady, Regno Unito ";3;102312
" Norwich, Vermont ";3;102315
" Hickory Corners, Michigan ";3;102318
" Lutz, Florida ";3;102321
" Tarpon Springs, Florida ";3;102324
" East Brunswick, New Jersey ";3;102327
" Skaneateles, New York ";3;102330
" Evesham Township, New Jersey ";3;102333
" Bakersville, North Carolina ";3;102336
" Muncie, Indiana ";3;102339
" Fenton, Missouri ";3;102342
" Leamington, Canada ";3;102345
" Holden, Massachusetts ";3;102348
" Antrim, Regno Unito ";3;102351
" Beaufort, North Carolina ";3;102354
" Best, Paesi Bassi ";3;102357
" Clevedon, Regno Unito ";3;102360
" Liberty Lake, Washington ";3;102363
" Camp Hill, Pennsylvania ";3;102366
" Fort Wright, Kentucky ";3;102369
" Martlesham, Regno Unito ";3;102372
" Clausthal-Zellerfeld, Germania ";3;102375
" Andover, Minnesota ";3;102378
" Giamaica ";3;102381
" Turchia ";3;102384
" Havelock North, Nuova Zelanda ";3;102387
" Agra, India ";3;102390
" East Lyme, Connecticut ";3;102393
" Speyer, Germania ";3;102396
" Heilbronn, Germania ";3;102399
" Orense, Spagna ";3;102402
" Pape'ete, Polinesia Francese ";3;102405
" Silkeborg, ";3;102408
" Montauk, New York ";3;102411
" Taito, Giappone ";3;102414
" Summerland, California ";3;102417
" Merion Station, Pennsylvania ";3;102420
" Oak Park, Australia ";3;102423
" Grimsargh, Regno Unito ";3;102426
" Yamba, Australia ";3;102429
" Dothan, Alabama ";3;102432
" Bonney Lake, Washington ";3;102435
" João Pessoa, Brasile ";3;102438
" Marlboro Township, New Jersey ";3;102441
" Chartres, Francia ";3;102444
" Coolangatta, Australia ";3;102447
" Groton, Connecticut ";3;102450
" Olsztyn, Polonia ";3;102453
" Seend, Regno Unito ";3;102456
" Nebraska, Stati Uniti ";3;102459
" Mission, Kansas ";3;102462
" Orange Park, Florida ";3;102465
" Glenwood Springs, Colorado ";3;102468
" Youngstown, Ohio ";3;102471
" Gijón, Spagna ";3;102474
" Lostwithiel, Regno Unito ";3;102477
" McCall, Idaho ";3;102480
" Fatih, Turchia ";3;102483
" Mildenhall, Regno Unito ";3;102486
" Southland, Nuova Zelanda ";3;102489
" Kew East, Australia ";3;102492
" Seaside, Oregon ";3;102495
" Leonberg, Germania ";3;102498
" Culpeper, Virginia ";3;102501
" Oud-Heverlee, Belgio ";3;102504
" Villeurbanne, Francia ";3;102507
" North Melbourne, Australia ";3;102510
" Distretto di Oporto, Portogallo ";3;102513
" Roodepoort, Sudafrica ";3;102516
" Findlay, Ohio ";3;102519
" Zihuatanejo, Messico ";3;102522
" Malahide, Irlanda ";3;102525
" Yerres, Francia ";3;102528
" Healesville, Australia ";3;102531
" Bradford-on-Avon, Regno Unito ";3;102534
" Smithtown, New York ";3;102537
" Fillmore, California ";3;102540
" Brenham, Texas ";3;102543
" Coleraine, Regno Unito ";3;102546
" Barking, Regno Unito ";3;102549
" Bishopbriggs, Regno Unito ";3;102552
" Dunchurch, Regno Unito ";3;102555
" Peterborough, New Hampshire ";3;102558
" Tring, Regno Unito ";3;102561
" Gaylord, Michigan ";3;102564
" Horsham, Pennsylvania ";3;102567
" Haverford, Pennsylvania ";3;102570
" Singleton, Australia ";3;102573
" Ucluelet, Canada ";3;102576
" Westcourt, Australia ";3;102579
" Shellharbour, Australia ";3;102582
" Pioneertown, California ";3;102585
" Kinvarra, Irlanda ";3;102588
" Whitchurch-Stouffville, Canada ";3;102591
" Coconut Creek, Florida ";3;102594
" Apopka, Florida ";3;102597
" Ipswich, Massachusetts ";3;102600
" Chinle, Arizona ";3;102603
" Berkeley Heights, New Jersey ";3;102606
" Kranj, Slovenia ";3;102609
" Antalya, Turchia ";3;102612
" Point Lookout, Australia ";3;102615
" Firenze, Montana ";3;102618
" Vic, Spagna ";3;102621
" Hatboro, Pennsylvania ";3;102624
" Point Reyes Station, California ";3;102627
" Blacktown, Australia ";3;102630
" Stromness, Regno Unito ";3;102633
" Dulwich Hill, Australia ";3;102636
" East Brisbane, Australia ";3;102639
" Fayetteville, New York ";3;102642
" Caulfield North, Australia ";3;102645
" Putney, Australia ";3;102648
" Jericho, New York ";3;102651
" Pompei, Italia ";3;102654
" Carrara, Australia ";3;102657
" Hampton, New Hampshire ";3;102660
" Grand Island, New York ";3;102663
" Machico, Portogallo ";3;102666
" Covington, Louisiana ";3;102669
" New Tecumseth, Canada ";3;102672
" Gulf Shores, Alabama ";3;102675
" Montenegro ";3;102678
" Brandeburgo, Germania ";3;102681
" Cadaqués, Spagna ";3;102684
" San Bernardino, California ";3;102687
" Woodbridge, Connecticut ";3;102690
" Cherrybrook, Australia ";3;102693
" Bearsden, Regno Unito ";3;102696
" Paarl, Sudafrica ";3;102699
" Rathmines, Irlanda ";3;102702
" Mooloolaba, Australia ";3;102705
" Krasnoyarsk, Russia ";3;102708
" Zermatt, Svizzera ";3;102711
" Illkirch, Francia ";3;102714
" Mar del Plata, Argentina ";3;102717
" Manuel Antonio, Costa Rica ";3;102720
" Hightstown, New Jersey ";3;102723
" Deventer, Paesi Bassi ";3;102726
" Bellmore, New York ";3;102729
" Preston, Australia ";3;102732
" Mount Pritchard, Australia ";3;102735
" Empoli, Italia ";3;102738
" Cannon Hill, Australia ";3;102741
" Woluwe-Saint-Pierre, Belgio ";3;102744
" Gütersloh, Germania ";3;102747
" Watertown, New York ";3;102750
" Clarkston, Washington ";3;102753
" Cameron Park, California ";3;102756
" Poggibonsi, Italia ";3;102759
" Port Colborne, Canada ";3;102762
" Liguria, Italia ";3;102765
" Kita, Giappone ";3;102768
" Ascot Vale, Australia ";3;102771
" St. Catharines, Canada ";3;102774
" Assisi, Italia ";3;102777
" Shelburne, Vermont ";3;102780
" Estepona, Spagna ";3;102783
" Prospect, Kentucky ";3;102786
" Bad Nauheim, Germania ";3;102789
" Tupelo, Mississippi ";3;102792
" Bedford, Texas ";3;102795
" Matara, Sri Lanka ";2;102797
" Avon, Colorado ";2;102799
" Drouin, Australia ";2;102801
" Zofingen, Svizzera ";2;102803
" Gosford, Australia ";2;102805
" Bussigny-près-Lausanne, Svizzera ";2;102807
" Landau, Germania ";2;102809
" Dunlap, Tennessee ";2;102811
" Pohang-si, Corea del Sud ";2;102813
" Piedmont, Italia ";2;102815
" Saint-Fons, Francia ";2;102817
" Pringy, Francia ";2;102819
" Saint James, New York ";2;102821
" Florissant, Missouri ";2;102823
" Brabante settentrionale, Paesi Bassi ";2;102825
" Fair Oaks Ranch, Texas ";2;102827
" Swan Creek, Australia ";2;102829
" Hubbards, Canada ";2;102831
" New Prague, Minnesota ";2;102833
" Formby, Regno Unito ";2;102835
" Lincolnwood, Illinois ";2;102837
" Krong Preah Sihanouk, Cambogia ";2;102839
" Varanasi, India ";2;102841
" Loßburg, Germania ";2;102843
" Caracas, Venezuela ";2;102845
" Oxford, Massachusetts ";2;102847
" Windermere, Florida ";2;102849
" Milford, New Hampshire ";2;102851
" Mount Eliza, Australia ";2;102853
" Lake Haven, Australia ";2;102855
" Sandy Bay, Australia ";2;102857
" Yamhill, Oregon ";2;102859
" Provincia di Istanbul, Turchia ";2;102861
" Dighton, Massachusetts ";2;102863
" Lake Forest, Illinois ";2;102865
" Trinidad, Cuba ";2;102867
" Wellington, Canada ";2;102869
" Loures, Portogallo ";2;102871
" Felben-Wellhausen, Svizzera ";2;102873
" Waterbury, Vermont ";2;102875
" Fairborn, Ohio ";2;102877
" Depoe Bay, Oregon ";2;102879
" Amherst, New York ";2;102881
" Bellinzona, Svizzera ";2;102883
" Hawkhurst, Regno Unito ";2;102885
" Cedar Grove, New Jersey ";2;102887
" Uriarra, Australia ";2;102889
" Kungsbacka, Svezia ";2;102891
" Bastimento, Panama ";2;102893
" Thame, Regno Unito ";2;102895
" Worthington, Ohio ";2;102897
" La Palma, California ";2;102899
" Smolensk, Russia ";2;102901
" Dorval, Canada ";2;102903
" Villard-de-Lans, Francia ";2;102905
" Roquebrune-Cap-Martin, Francia ";2;102907
" Berlino, New York ";2;102909
" Faenza, Italia ";2;102911
" Tryon, North Carolina ";2;102913
" Coolum Beach, Australia ";2;102915
" Ubatuba, Brasile ";2;102917
" Stuart Park, Australia ";2;102919
" Berwyn, Illinois ";2;102921
" Guildford, Australia ";2;102923
" Romanshorn, Svizzera ";2;102925
" Gibsonia, Pennsylvania ";2;102927
" Homebush, Australia ";2;102929
" Crawley Down, Regno Unito ";2;102931
" Fountain Hills, Arizona ";2;102933
" Frýdek-Místek, Repubblica Ceca ";2;102935
" Jönköping, Svezia ";2;102937
" Le Bourget, Francia ";2;102939
" New London, Connecticut ";2;102941
" North Andover, Massachusetts ";2;102943
" Alsace-Champagne-Ardenne-Lorraine, Francia ";2;102945
" Greenville, Illinois ";2;102947
" The Pas, Canada ";2;102949
" Tanabe, Giappone ";2;102951
" Ballina, Irlanda ";2;102953
" Clayton, North Carolina ";2;102955
" Bruchsal, Germania ";2;102957
" Havre de Grace, Maryland ";2;102959
" Port Lincoln, Australia ";2;102961
" Savoy, Illinois ";2;102963
" Mill Bay, Canada ";2;102965
" Bekesbourne, Regno Unito ";2;102967
" Nettetal, Germania ";2;102969
" Yucatan, Messico ";2;102971
" Bankstown, Australia ";2;102973
" Locust Grove, Virginia ";2;102975
" Teaneck, New Jersey ";2;102977
" Wiener Neudorf, Austria ";2;102979
" Aguada, Portorico ";2;102981
" Mexicali, Messico ";2;102983
" Goodlettsville, Tennessee ";2;102985
" Cuneo, Italia ";2;102987
" Gisborne, Nuova Zelanda ";2;102989
" Sete, Francia ";2;102991
" South Shields, Regno Unito ";2;102993
" Nicaragua ";2;102995
" Balaclava, Australia ";2;102997
" Pilar, Argentina ";2;102999
" Kyyiv, Ucraina ";2;103001
" San Gimignano, Italia ";2;103003
" West Nyack, New York ";2;103005
" Firenze, Arizona ";2;103007
" Eccles, Regno Unito ";2;103009
" Schagen, Paesi Bassi ";2;103011
" Smithfield, Australia ";2;103013
" Isola di Rab, Croazia ";2;103015
" Fingest, Regno Unito ";2;103017
" Castle Cove, Australia ";2;103019
" Waddinxveen, Paesi Bassi ";2;103021
" Oppland, Norvegia ";2;103023
" Tabernash, Colorado ";2;103025
" Decatur, Alabama ";2;103027
" Reading, Massachusetts ";2;103029
" Latham, New York ";2;103031
" Greenfield, Indiana ";2;103033
" Balwyn, Australia ";2;103035
" San Isidro de El General, Costa Rica ";2;103037
" Indian Trail, North Carolina ";2;103039
" Conception Bay South, Canada ";2;103041
" Dobbs Ferry, New York ";2;103043
" Griffin, Georgia ";2;103045
" Malmsbury, Australia ";2;103047
" East Victoria Park, Australia ";2;103049
" Waterbury Center, Vermont ";2;103051
" Narita, Giappone ";2;103053
" Mountain Center, California ";2;103055
" St Kilda West, Australia ";2;103057
" G?ira, Malta ";2;103059
" Rooty Hill, Australia ";2;103061
" Hyde Park, Vermont ";2;103063
" La Garenne-Colombes, Francia ";2;103065
" Big Omaha, Nuova Zelanda ";2;103067
" Watchung, New Jersey ";2;103069
" Kortenberg, Belgio ";2;103071
" Utica, Michigan ";2;103073
" Glendale Heights, Illinois ";2;103075
" High Springs, Florida ";2;103077
" Morris, Minnesota ";2;103079
" Varsavia, Indiana ";2;103081
" Plochingen, Germania ";2;103083
" Bulleen, Australia ";2;103085
" Bailey, Colorado ";2;103087
" Canby, Oregon ";2;103089
" Kenai, Alaska ";2;103091
" Mount Kisco, New York ";2;103093
" Live Oak, Florida ";2;103095
" Columbia, Connecticut ";2;103097
" Safety Harbor, Florida ";2;103099
" New Brighton, Minnesota ";2;103101
" Wigton, Regno Unito ";2;103103
" Sala Comacina, Italia ";2;103105
" Colville, Washington ";2;103107
" Baldwin, Maryland ";2;103109
" Fort Lee, New Jersey ";2;103111
" Upplands Väsby, Svezia ";2;103113
" Laurelville, Ohio ";2;103115
" Crace, Australia ";2;103117
" Arese, Italia ";2;103119
" Sint-Gillis-Waas, Belgio ";2;103121
" Reggiolo, Italia ";2;103123
" Las Condes, Cile ";2;103125
" Asker, Norvegia ";2;103127
" Stretford, Regno Unito ";2;103129
" Prefettura di Gunma, Giappone ";2;103131
" Hollister, California ";2;103133
" Vik, Islanda ";2;103135
" Laingsburg, Michigan ";2;103137
" Uddevalla, Svezia ";2;103139
" Brampton, Regno Unito ";2;103141
" Wasco, Oregon ";2;103143
" Old Orchard Beach, Maine ";2;103145
" Vernier, Svizzera ";2;103147
" Saint-Lazare, Canada ";2;103149
" Hamilton Township, New Jersey ";2;103151
" Catskill, New York ";2;103153
" Deià, Spagna ";2;103155
" Shiloh, Illinois ";2;103157
" Beldon, Australia ";2;103159
" Bramhall, Regno Unito ";2;103161
" Sharon, Connecticut ";2;103163
" Cooroibah, Australia ";2;103165
" Spring Hill, Australia ";2;103167
" Fushimi Ward, Giappone ";2;103169
" Greensburg, Pennsylvania ";2;103171
" Taranna, Australia ";2;103173
" Lockport, New York ";2;103175
" Porters Lake, Canada ";2;103177
" Camden, New Jersey ";2;103179
" Monte Argentario, Italia ";2;103181
" Amesbury, Massachusetts ";2;103183
" Saint-Jean-sur-Richelieu, Canada ";2;103185
" Talladega, Alabama ";2;103187
" Tenniken, Svizzera ";2;103189
" Angoulême, Francia ";2;103191
" South Gate, California ";2;103193
" Decatur, Indiana ";2;103195
" Marble Falls, Texas ";2;103197
" Bergschenhoek, Paesi Bassi ";2;103199
" Sint-Agatha-Berchem, Belgio ";2;103201
" Lansing, New York ";2;103203
" Pembroke, Canada ";2;103205
" The Bottom, Caraibi Olandesi ";2;103207
" Didcot, Regno Unito ";2;103209
" Farmingville, New York ";2;103211
" Spring Lake, Michigan ";2;103213
" Newtownabbey, Regno Unito ";2;103215
" Gold Bar, Washington ";2;103217
" Queen Creek, Arizona ";2;103219
" Carpentras, Francia ";2;103221
" South Brent, Regno Unito ";2;103223
" Ypsilanti Charter Township, Michigan ";2;103225
" Colmenar Viejo, Spagna ";2;103227
" Saint-Genest-Malifaux, Francia ";2;103229
" Watkinsville, Georgia ";2;103231
" Taylor, Michigan ";2;103233
" Ventnor City, New Jersey ";2;103235
" Greifswald, Germania ";2;103237
" San Jacinto, California ";2;103239
" Mosman, Australia ";2;103241
" Ipoh, Malesia ";2;103243
" Kagoshima, Giappone ";2;103245
" Spring Hill, Tennessee ";2;103247
" Stephens City, Virginia ";2;103249
" Sheboygan Falls, Wisconsin ";2;103251
" Lagos, Portogallo ";2;103253
" San Antonio, Cile ";2;103255
" Uruguay ";2;103257
" Saint Augustine Beach, Florida ";2;103259
" Roseville, Minnesota ";2;103261
" Rockport, Massachusetts ";2;103263
" Clontarf, Irlanda ";2;103265
" Manchester-by-the-Sea, Massachusetts ";2;103267
" Isola, Slovenia ";2;103269
" Mount Macedon, Australia ";2;103271
" Nanning, Cina ";2;103273
" Willow Vale, Australia ";2;103275
" Emerald Isle, North Carolina ";2;103277
" Charlestown, Rhode Island ";2;103279
" Ivins, Utah ";2;103281
" Montevarchi, Italia ";2;103283
" Murrysville, Pennsylvania ";2;103285
" Tagaytay, Filippine ";2;103287
" Rowledge, Regno Unito ";2;103289
" Ramsbottom, Regno Unito ";2;103291
" Iquitos, Perù ";2;103293
" Shelbyville, Kentucky ";2;103295
" Figi ";2;103297
" Agia Paraskevi, Grecia ";2;103299
" Ko Samui, Tailandia ";2;103301
" Hythe, Regno Unito ";2;103303
" Ridderkerk, Paesi Bassi ";2;103305
" Lachen, Svizzera ";2;103307
" Rocky River, Ohio ";2;103309
" Eagan, Minnesota ";2;103311
" Killara, Australia ";2;103313
" Viareggio, Italia ";2;103315
" New Iberia, Louisiana ";2;103317
" Mont Albert North, Australia ";2;103319
" Sarawak, Malesia ";2;103321
" Dickinson, North ";2;103323
" Sioux City, Iowa ";2;103325
" Frederica, Delaware ";2;103327
" Tres Cantos, Spagna ";2;103329
" Bath, Maine ";2;103331
" Zell am See, Austria ";2;103333
" Arkansas, Stati Uniti ";2;103335
" Krasnogorsk, Russia ";2;103337
" Westminster, Maryland ";2;103339
" Attadale, Australia ";2;103341
" Garbagnate Milanese, Italia ";2;103343
" Fleming Island, Florida ";2;103345
" Oatlands, Australia ";2;103347
" Saint-Sébastien-sur-Loire, Francia ";2;103349
" Summerfield, North Carolina ";2;103351
" Kingscliff, Australia ";2;103353
" Shawnigan Lake, Canada ";2;103355
" Monte Verde, Costa Rica ";2;103357
" Landenberg, Pennsylvania ";2;103359
" Neunkirchen-Seelscheid, Germania ";2;103361
" Clancy, Montana ";2;103363
" Langen, Germania ";2;103365
" Mount Hood, Oregon ";2;103367
" Rijswijk, Paesi Bassi ";2;103369
" Ter Apel, Paesi Bassi ";2;103371
" Guadalupe, Messico ";2;103373
" Quintana Roo, Messico ";2;103375
" Azzorre, Portogallo ";2;103377
" Williston, Vermont ";2;103379
" Sakuho, Giappone ";2;103381
" Piedmont, South Carolina ";2;103383
" Watermael-Boitsfort, Belgio ";2;103385
" San Ignacio, Belize ";2;103387
" Castanet-Tolosan, Francia ";2;103389
" Boechout, Belgio ";2;103391
" Kaohsiung, Taiwan ";2;103393
" Trebur, Germania ";2;103395
" Powell, Wyoming ";2;103397
" Orcas, Washington ";2;103399
" Ystad, Svezia ";2;103401
" Tomsk, Russia ";2;103403
" La Tour-de-Peilz, Svizzera ";2;103405
" Hawthorne, Australia ";2;103407
" Jouy-en-Josas, Francia ";2;103409
" Volta Redonda, Brasile ";2;103411
" Exton, Pennsylvania ";2;103413
" Hillerød, ";2;103415
" Notre ";2;103417
" Kerikeri, Nuova Zelanda ";2;103419
" Maribor, Slovenia ";2;103421
" Godella, Spagna ";2;103423
" Fayetteville, West Virginia ";2;103425
" Englefield Green, Regno Unito ";2;103427
" West Haddon, Regno Unito ";2;103429
" Joseph, Oregon ";2;103431
" Sussex, Wisconsin ";2;103433
" Rockwood, Canada ";2;103435
" Wädenswil, Svizzera ";2;103437
" Glenside, Pennsylvania ";2;103439
" Brandon, Regno Unito ";2;103441
" Orléans, Francia ";2;103443
" Kiryat Ata, Israele ";2;103445
" Mühlheim am Main, Germania ";2;103447
" Waterville, Irlanda ";2;103449
" Ede, Paesi Bassi ";2;103451
" Calne, Regno Unito ";2;103453
" Cuba ";2;103455
" Clwt-y-bont, Regno Unito ";2;103457
" Osbourn, Antigua e Barbuda ";2;103459
" Kotka, Finlandia ";2;103461
" Mooresville, North Carolina ";2;103463
" Pewaukee, Wisconsin ";2;103465
" Bar Beach, Australia ";2;103467
" Sun City West, Arizona ";2;103469
" Lostine, Oregon ";2;103471
" Sugar Hill, Georgia ";2;103473
" Tiverton, Regno Unito ";2;103475
" Alabama, Stati Uniti ";2;103477
" Haddon Township, New Jersey ";2;103479
" Maynooth, Irlanda ";2;103481
" Norton, Massachusetts ";2;103483
" Rottendorf, Germania ";2;103485
" Wood-Ridge, New Jersey ";2;103487
" Albany, Oregon ";2;103489
" Putzbrunn, Germania ";2;103491
" Cyberjaya, Malesia ";2;103493
" Chandigarh, India ";2;103495
" Kuopio, Finlandia ";2;103497
" Tiberias, Israele ";2;103499
" Stinson Beach, California ";2;103501
" Valhalla, New York ";2;103503
" Fentange, Lussemburgo ";2;103505
" Orvieto, Italia ";2;103507
" Lytham Saint Annes, Regno Unito ";2;103509
" Long Branch, New Jersey ";2;103511
" Troisdorf, Germania ";2;103513
" Los Cerrillos, New Mexico ";2;103515
" California, Maryland ";2;103517
" Saarlouis, Germania ";2;103519
" Aguadilla, Portorico ";2;103521
" Hazlemere, Regno Unito ";2;103523
" Goshen, Indiana ";2;103525
" Böblingen, Germania ";2;103527
" Woodburn, Oregon ";2;103529
" Cedar Creek, Texas ";2;103531
" Owings Mills, Maryland ";2;103533
" Shelter Island, New York ";2;103535
" Waitsfield, Vermont ";2;103537
" Burgas, Bulgaria ";2;103539
" Bodicote, Regno Unito ";2;103541
" Moorestown, New Jersey ";2;103543
" Orange, Connecticut ";2;103545
" Manteno, Illinois ";2;103547
" Ocean Shores, Australia ";2;103549
" Gibilterra ";2;103551
" Schwenksville, Pennsylvania ";2;103553
" Connells Point, Australia ";2;103555
" León, Spagna ";2;103557
" Nové Straecí, Repubblica Ceca ";2;103559
" Odesa, Ucraina ";2;103561
" Creta, Grecia ";2;103563
" Semaphore Park, Australia ";2;103565
" León, Nicaragua ";2;103567
" Schertz, Texas ";2;103569
" St. Albert, Canada ";2;103571
" Hebden Bridge, Regno Unito ";2;103573
" Vitoria, Brasile ";2;103575
" Suceava, Romania ";2;103577
" Sunbury-on-Thames, Regno Unito ";2;103579
" Cape Elizabeth, Maine ";2;103581
" La Grande, Oregon ";2;103583
" Erlanger, Kentucky ";2;103585
" Ad ";2;103587
" Burien, Washington ";2;103589
" Suffolk, Virginia ";2;103591
" Desenzano del Garda, Italia ";2;103593
" Bourne, Massachusetts ";2;103595
" Jamestown, New York ";2;103597
" Lakemba, Australia ";2;103599
" Everett, Massachusetts ";2;103601
" Isole Vergini Britanniche ";2;103603
" Brandon, Mississippi ";2;103605
" Manalapan Township, New Jersey ";2;103607
" Fort Erie, Canada ";2;103609
" Miura, Giappone ";2;103611
" Banyuwangi, Indonesia ";2;103613
" Prefettura di Kanagawa, Giappone ";2;103615
" New London, New Hampshire ";2;103617
" Lynden, Washington ";2;103619
" Manningham, Australia ";2;103621
" Plainview, New York ";2;103623
" Chadstone, Australia ";2;103625
" Irigny, Francia ";2;103627
" Burgh le Marsh, Regno Unito ";2;103629
" Moskovskaya oblast, Russia ";2;103631
" Gananoque, Canada ";2;103633
" Sunderland, Maryland ";2;103635
" Platanias, Grecia ";2;103637
" Granadilla, Spagna ";2;103639
" Seinäjoki, Finlandia ";2;103641
" Highgate Hill, Australia ";2;103643
" Rosmalen, Paesi Bassi ";2;103645
" Nakagyo Ward, Giappone ";2;103647
" Grandville, Michigan ";2;103649
" Kendallville, Indiana ";2;103651
" Zhejiang, Cina ";2;103653
" Piran, Slovenia ";2;103655
" Hyvinkää, Finlandia ";2;103657
" Amburgo, New York ";2;103659
" Wassenaar, Paesi Bassi ";2;103661
" Manosque, Francia ";2;103663
" Manasquan, New Jersey ";2;103665
" West Toodyay, Australia ";2;103667
" Hinsdale, Illinois ";2;103669
" Hampi, India ";2;103671
" Ashland, Virginia ";2;103673
" Voivodato della Polonia, Polonia ";2;103675
" Spenge, Germania ";2;103677
" Wandong, Australia ";2;103679
" Cile ";2;103681
" Blairstown, New Jersey ";2;103683
" Port St Lucie, Florida ";2;103685
" Huntsville, Utah ";2;103687
" Solomons, Maryland ";2;103689
" Homer Glen, Illinois ";2;103691
" Broadway, Virginia ";2;103693
" Battle Creek, Michigan ";2;103695
" Eastchester, New York ";2;103697
" Jefferson, New Jersey ";2;103699
" South Plainfield, New Jersey ";2;103701
" Covington, Kentucky ";2;103703
" Ensuès-la-Redonne, Francia ";2;103705
" Vittorio Veneto, Italia ";2;103707
" Southwest Harbor, Maine ";2;103709
" Lüdenscheid, Germania ";2;103711
" Elblag, Polonia ";2;103713
" Fort Washington, Maryland ";2;103715
" Kealakekua, Hawaii ";2;103717
" Motueka, Nuova Zelanda ";2;103719
" Palmira, Virginia ";2;103721
" Freehold Township, New Jersey ";2;103723
" Scherpenheuvel-Zichem, Belgio ";2;103725
" Alaçat?, Turchia ";2;103727
" Dingmans Ferry, Pennsylvania ";2;103729
" Cochin, India ";2;103731
" Fonsorbes, Francia ";2;103733
" Neenah, Wisconsin ";2;103735
" Chapel Hill, Australia ";2;103737
" Polonia, Maine ";2;103739
" Rishon LeTsiyon, Israele ";2;103741
" Sandgate, Regno Unito ";2;103743
" Talca, Cile ";2;103745
" Rouse Hill, Australia ";2;103747
" Fergus, Canada ";2;103749
" Caguas, Portorico ";2;103751
" Loose, Regno Unito ";2;103753
" Yukon, Oklahoma ";2;103755
" Fiandre, Belgio ";2;103757
" Moretown, Vermont ";2;103759
" Schwalmtal, Germania ";2;103761
" Rowington, Regno Unito ";2;103763
" Kiruna, Svezia ";2;103765
" Suquamish, Washington ";2;103767
" Ryazan, Russia ";2;103769
" Oria, Italia ";2;103771
" Merrill, Wisconsin ";2;103773
" Andover, Kansas ";2;103775
" Spring Grove, Illinois ";2;103777
" Murray, Kentucky ";2;103779
" Berkley, Michigan ";2;103781
" Tathra, Australia ";2;103783
" Fort Washington, Pennsylvania ";2;103785
" Ryde, Australia ";2;103787
" Rheine, Germania ";2;103789
" Whitehall, Pennsylvania ";2;103791
" Mudgee, Australia ";2;103793
" Emigrant, Montana ";2;103795
" Civitella Paganico, Italia ";2;103797
" Purley, Regno Unito ";2;103799
" Ascot Park, Australia ";2;103801
" Raseborg, Finlandia ";2;103803
" Kilauea, Hawaii ";2;103805
" Morrison, Colorado ";2;103807
" Nyon, Svizzera ";2;103809
" Bilgola, Australia ";2;103811
" West Wodonga, Australia ";2;103813
" Tavistock, Regno Unito ";2;103815
" Ramsgate, Regno Unito ";2;103817
" Oregon House, California ";2;103819
" Yallingup, Australia ";2;103821
" Bridgewater, Australia ";2;103823
" Newlyn, Regno Unito ";2;103825
" Portland, Michigan ";2;103827
" Stoke Gifford, Regno Unito ";2;103829
" Abrantes, Portogallo ";2;103831
" Klagenfurt, Austria ";2;103833
" Hackett, Australia ";2;103835
" Retford, Regno Unito ";2;103837
" Victoria Park, Australia ";2;103839
" Stjørdal, Norvegia ";2;103841
" Ridgeland, Mississippi ";2;103843
" Summerville, South Carolina ";2;103845
" Neuilly-Plaisance, Francia ";2;103847
" Woronora, Australia ";2;103849
" Lower Hutt, Nuova Zelanda ";2;103851
" Moose Jaw, Canada ";2;103853
" Campania, Italia ";2;103855
" Ringwood, Regno Unito ";2;103857
" Tenafly, New Jersey ";2;103859
" Grantham, New Hampshire ";2;103861
" Bovingdon, Regno Unito ";2;103863
" Taytay, Filippine ";2;103865
" Edinbane, Regno Unito ";2;103867
" King's Lynn, Regno Unito ";2;103869
" Voivodato Minore della Polonia, Polonia ";2;103871
" Floresville, Texas ";2;103873
" Duncraig, Australia ";2;103875
" Kings Park, Australia ";2;103877
" Bethel Park, Pennsylvania ";2;103879
" Ocean Shores, Washington ";2;103881
" Vermont, Australia ";2;103883
" Suffern, New York ";2;103885
" Antipolo, Filippine ";2;103887
" Atlantic Highlands, New Jersey ";2;103889
" Hershey, Pennsylvania ";2;103891
" Harelbeke, Belgio ";2;103893
" Russellville, Arkansas ";2;103895
" Liestal, Svizzera ";2;103897
" Le Plessis-Trévise, Francia ";2;103899
" Zutphen, Paesi Bassi ";2;103901
" North Coogee, Australia ";2;103903
" Isola di Camano, Washington ";2;103905
" Lyme, New Hampshire ";2;103907
" Shaftsbury, Vermont ";2;103909
" Brecon, Regno Unito ";2;103911
" Dominical, Costa Rica ";2;103913
" Knysna, Sudafrica ";2;103915
" La Honda, California ";2;103917
" Streamwood, Illinois ";2;103919
" Bellefonte, Pennsylvania ";2;103921
" Gardiner, New York ";2;103923
" Lone Tree, Colorado ";2;103925
" Kamas, Utah ";2;103927
" Camp Hill, Australia ";2;103929
" Bocholt, Germania ";2;103931
" Portage, Michigan ";2;103933
" Uebeschi, Svizzera ";2;103935
" Braintree, Massachusetts ";2;103937
" Positano, Italia ";2;103939
" Ballina, Australia ";2;103941
" Springfield Township, New Jersey ";2;103943
" Bowmanville, Canada ";2;103945
" Rosanna, Australia ";2;103947
" Florida, New York ";2;103949
" Venray, Paesi Bassi ";2;103951
" Gensac, Francia ";2;103953
" Mechanicsville, Maryland ";2;103955
" Brugg, Svizzera ";2;103957
" Del Rey Oaks, California ";2;103959
" Chofu, Giappone ";2;103961
" Fujiyoshida, Giappone ";2;103963
" Dudley, Regno Unito ";2;103965
" Mukdahan, Tailandia ";2;103967
" Dexter, Michigan ";2;103969
" Moss, Norvegia ";2;103971
" Valldemossa, Spagna ";2;103973
" Prestwood, Regno Unito ";2;103975
" Oakland, Maryland ";2;103977
" Gainesville, Texas ";2;103979
" Beavercreek, Ohio ";2;103981
" Keene Valley, New York ";2;103983
" Sayreville, New Jersey ";2;103985
" Corbeil-Essonnes, Francia ";2;103987
" Langhorne, Pennsylvania ";2;103989
" Villejuif, Francia ";2;103991
" Haaltert, Belgio ";2;103993
" Teneriffe, Australia ";2;103995
" Hasbrouck Heights, New Jersey ";2;103997
" Rønne, ";2;103999
" Absecon, New Jersey ";2;104001
" Taiyuan, Cina ";2;104003
" Hoffman Estates, Illinois ";2;104005
" Basle, Svizzera ";2;104007
" Shaker Heights, Ohio ";2;104009
" Hamilton, Ohio ";2;104011
" Austinmer, Australia ";2;104013
" Canóvanas, Portorico ";2;104015
" West Malling, Regno Unito ";2;104017
" Palmela, Portogallo ";2;104019
" Ascot, Regno Unito ";2;104021
" Superior, Colorado ";2;104023
" Ryegate, Vermont ";2;104025
" Fordingbridge, Regno Unito ";2;104027
" Franklin Lakes, New Jersey ";2;104029
" Ada, Michigan ";2;104031
" Benicasim, Spagna ";2;104033
" Gallatin, Tennessee ";2;104035
" Laconia, New Hampshire ";2;104037
" Polinesia Francese ";2;104039
" Tiller, Oregon ";2;104041
" Middelburg, Paesi Bassi ";2;104043
" Libano, New Jersey ";2;104045
" Bietigheim-Bissingen, Germania ";2;104047
" New Hamburg, Canada ";2;104049
" Hutchinson, Kansas ";2;104051
" Big Bear, California ";2;104053
" Morganton, North Carolina ";2;104055
" Mariehamn, Isole Aland ";2;104057
" Laie, Hawaii ";2;104059
" Colbert, Washington ";2;104061
" Banja Luka, Bosnia Erzegovina ";2;104063
" M?rupe, Lettonia ";2;104065
" Carleton Place, Canada ";2;104067
" Herxheim bei Landau/Pfalz, Germania ";2;104069
" Oldham, Regno Unito ";2;104071
" New Fairfield, Connecticut ";2;104073
" Møre og Romsdal, Norvegia ";2;104075
" Beauvais, Francia ";2;104077
" Buda, Texas ";2;104079
" Mitzpe Ramon, Israele ";2;104081
" Rottenburg, Germania ";2;104083
" Montgomery, New York ";2;104085
" Amherst, New Hampshire ";2;104087
" Mechanicsville, Virginia ";2;104089
" Semily, Repubblica Ceca ";2;104091
" Sachseln, Svizzera ";2;104093
" Seremban, Malesia ";2;104095
" Palisade, Colorado ";2;104097
" Monmouth, Regno Unito ";2;104099
" Ashtead, Regno Unito ";2;104101
" Middleton, Massachusetts ";2;104103
" Minturn, Colorado ";2;104105
" Bloomfield, Connecticut ";2;104107
" Woodend, Australia ";2;104109
" Freeport, Illinois ";2;104111
" Susanville, California ";2;104113
" Richmond, Indiana ";2;104115
" Wood ";2;104117
" Forest Hill, Maryland ";2;104119
" Mons-en-Barul, Francia ";2;104121
" Forest Row, Regno Unito ";2;104123
" West Valley City, Utah ";2;104125
" Egg Harbor Township, New Jersey ";2;104127
" Wilmington, Vermont ";2;104129
" Market Harborough, Regno Unito ";2;104131
" Brewster, Massachusetts ";2;104133
" Busselton, Australia ";2;104135
" Isla Mujeres, Messico ";2;104137
" Aubonne, Svizzera ";2;104139
" Roscoe, Illinois ";2;104141
" Buckeye, Arizona ";2;104143
" Mechanicsburg, Pennsylvania ";2;104145
" Sassenberg, Germania ";2;104147
" Lucknow, India ";2;104149
" Goatstown, Irlanda ";2;104151
" Cattolica, Italia ";2;104153
" Point Pleasant Beach, New Jersey ";2;104155
" Blackstone, Massachusetts ";2;104157
" Nelson, Regno Unito ";2;104159
" Interlaken, Svizzera ";2;104161
" Gibsons, Canada ";2;104163
" Pontevedra, Spagna ";2;104165
" Senec, Slovacchia ";2;104167
" San Juan, Filippine ";2;104169
" Twinsburg, Ohio ";2;104171
" Oberdorf, Svizzera ";2;104173
" Lofthouse, Regno Unito ";2;104175
" Church Point, Australia ";2;104177
" Parco nazionale di Yosemite, California ";2;104179
" Wangen bei Olten, Svizzera ";2;104181
" Tashkent, Uzbekistan ";2;104183
" Kamnik, Slovenia ";2;104185
" Marnhull, Regno Unito ";2;104187
" Santa Ynez, California ";2;104189
" Hillsboro, New Hampshire ";2;104191
" Stevensville, Montana ";2;104193
" Rivervale, Australia ";2;104195
" Garner, North Carolina ";2;104197
" Birmenstorf, Svizzera ";2;104199
" Redwood, New York ";2;104201
" Cuckfield, Regno Unito ";2;104203
" Leidschendam, Paesi Bassi ";2;104205
" Al Ain, Emirati Arabi Uniti ";2;104207
" Stoughton, Massachusetts ";2;104209
" Boucherville, Canada ";2;104211
" Alfama, Portogallo ";2;104213
" Cassis, Francia ";2;104215
" Charleroi, Belgio ";2;104217
" Schwabmünchen, Germania ";2;104219
" Schwetzingen, Germania ";2;104221
" Seogwipo-si, Corea del Sud ";2;104223
" Sparta, Tennessee ";2;104225
" McMinnville, Tennessee ";2;104227
" Firenze, Colorado ";2;104229
" Audubon, New Jersey ";2;104231
" Hacienda Heights, California ";2;104233
" Candia, New Hampshire ";2;104235
" Indiana, Pennsylvania ";2;104237
" Kissamos, Grecia ";2;104239
" Ampang Jaya, Malesia ";2;104241
" Himarë, Albania ";2;104243
" Subotica, Serbia ";2;104245
" Saint Vincent e Grenadines ";2;104247
" Waconia, Minnesota ";2;104249
" Huntington Park, California ";2;104251
" Hayden, Idaho ";2;104253
" Pequot Lakes, Minnesota ";2;104255
" Flörsheim am Main, Germania ";2;104257
" Frankston, Australia ";2;104259
" Dublin Airport, Irlanda ";2;104261
" San Antonio, Costa Rica ";2;104263
" Buenos Aires Province, Argentina ";2;104265
" Eccleston, Regno Unito ";2;104267
" Rayleigh, Regno Unito ";2;104269
" Inman, South Carolina ";2;104271
" Pueblo, Colorado ";2;104273
" New Romney, Regno Unito ";2;104275
" Esch-sur-Alzette, Lussemburgo ";2;104277
" Bermuda Dunes, California ";2;104279
" Wadsworth, Ohio ";2;104281
" Montgomery Village, Maryland ";2;104283
" Evergem, Belgio ";2;104285
" Butler, Pennsylvania ";2;104287
" Afula, Israele ";2;104289
" Dådran, Svezia ";2;104291
" Gorham, New Hampshire ";2;104293
" Ocean Township, New Jersey ";2;104295
" Pooler, Georgia ";2;104297
" Newcastle-under-Lyme, Regno Unito ";2;104299
" Glossop, Regno Unito ";2;104301
" Nieuw-Vennep, Paesi Bassi ";2;104303
" ?stanbul Province, Turchia ";2;104305
" Murcia, Spagna ";2;104307
" Pordenone, Italia ";2;104309
" Stafford, Regno Unito ";2;104311
" Priego de Córdoba, Spagna ";2;104313
" Artane, Irlanda ";2;104315
" Mechernich, Germania ";2;104317
" Mansfield, Ohio ";2;104319
" Griffith, Australia ";2;104321
" Collombey, Svizzera ";2;104323
" New Glasgow, Canada ";2;104325
" Bandera, Texas ";2;104327
" Tula, Russia ";2;104329
" Friendswood, Texas ";2;104331
" Brecksville, Ohio ";2;104333
" Quarrata, Italia ";2;104335
" Grantsville, Maryland ";2;104337
" Taranaki, Nuova Zelanda ";2;104339
" Saint-Germain-en-Laye, Francia ";2;104341
" Thompson, Connecticut ";2;104343
" Largs, Regno Unito ";2;104345
" Lenox, Massachusetts ";2;104347
" Tsingtao, Cina ";2;104349
" Blainville, Canada ";2;104351
" Mokelumne Hill, California ";2;104353
" Taoyuan, Taiwan ";2;104355
" Mount Hawthorn, Australia ";2;104357
" Misida, Malta ";2;104359
" Kurnell, Australia ";2;104361
" Zlin, Repubblica Ceca ";2;104363
" Biggar, Regno Unito ";2;104365
" Männedorf, Svizzera ";2;104367
" Sinalunga, Italia ";2;104369
" Drummondville, Canada ";2;104371
" New London, Wisconsin ";2;104373
" Chelsea, Michigan ";2;104375
" Salhouse, Regno Unito ";2;104377
" Lake Elmo, Minnesota ";2;104379
" Eastham, Massachusetts ";2;104381
" Boutersem, Belgio ";2;104383
" Bonnyville, Canada ";2;104385
" Fairway, Kansas ";2;104387
" Garden City, New York ";2;104389
" Algeri, Algeria ";2;104391
" West Boylston, Massachusetts ";2;104393
" North Haven, Connecticut ";2;104395
" East Rutherford, New Jersey ";2;104397
" Curzola, Croazia ";2;104399
" Albany, Georgia ";2;104401
" Lake Montezuma, Arizona ";2;104403
" Elkhorn, Wisconsin ";2;104405
" Nieuwerkerk aan den IJssel, Paesi Bassi ";2;104407
" Fond du Lac, Wisconsin ";2;104409
" Sunbury, Ohio ";2;104411
" Roermond, Paesi Bassi ";2;104413
" Weybridge, Vermont ";2;104415
" Kozani, Grecia ";2;104417
" Franklin, Wisconsin ";2;104419
" Adamstown, Australia ";2;104421
" Blenheim, Nuova Zelanda ";2;104423
" Emporia, Kansas ";2;104425
" Bangalow, Australia ";2;104427
" Shoalhaven Heads, Australia ";2;104429
" Albacete, Spagna ";2;104431
" Vilseck, Germania ";2;104433
" Yavne, Israele ";2;104435
" Portree, Regno Unito ";2;104437
" Tamarac, Florida ";2;104439
" Pleasant Plains, Illinois ";2;104441
" Le Gosier, Guadalupa ";2;104443
" Devonport, Australia ";2;104445
" Rauma, Finlandia ";2;104447
" Hinsdale, New Hampshire ";2;104449
" Tirolo, Austria ";2;104451
" Dolphin Point, Australia ";2;104453
" Newport, Vermont ";2;104455
" Alderley, Australia ";2;104457
" Fort Pierce, Florida ";2;104459
" Herston, Australia ";2;104461
" Temple Cloud, Regno Unito ";2;104463
" Ripponden, Regno Unito ";2;104465
" Blythewood, South Carolina ";2;104467
" Blaine, Washington ";2;104469
" County Dublin, Irlanda ";2;104471
" Willis, Texas ";2;104473
" Schleswig-Holstein, Germania ";2;104475
" Lindau, Germania ";2;104477
" San Donà di Piave, Italia ";2;104479
" Woodthorpe, Regno Unito ";2;104481
" Waikanae, Nuova Zelanda ";2;104483
" Long Beach, Mississippi ";2;104485
" Heerlen, Paesi Bassi ";2;104487
" Jamestown, Rhode Island ";2;104489
" Hanahan, South Carolina ";2;104491
" Prefettura di Yamanashi, Giappone ";2;104493
" Waitomo, Nuova Zelanda ";2;104495
" Alénya, Francia ";2;104497
" Apia, Samoa ";2;104499
" Carlton North, Australia ";2;104501
" Kerry, Irlanda ";2;104503
" Sint-Genesius-Rode, Belgio ";2;104505
" Birgu, Malta ";2;104507
" Germiston, Sudafrica ";2;104509
" Sandwich, Massachusetts ";2;104511
" Ikeda, Giappone ";2;104513
" Cuiabá, Brasile ";2;104515
" Johnstone, Regno Unito ";2;104517
" Colac, Australia ";2;104519
" Chuncheon-si, Corea del Sud ";2;104521
" Victoria, Texas ";2;104523
" Zemst, Belgio ";2;104525
" Urumqi, Cina ";2;104527
" Stoneham, Massachusetts ";2;104529
" Kokomo, Indiana ";2;104531
" Ampang, Malesia ";2;104533
" Onancock, Virginia ";2;104535
" Highgate, Australia ";2;104537
" Baden bei Wien, Austria ";2;104539
" Ajaccio, Francia ";2;104541
" Ludlow, Regno Unito ";2;104543
" Riegelsberg, Germania ";2;104545
" Solvang, California ";2;104547
" Saco, Maine ";2;104549
" Nha Trang, Vietnam ";2;104551
" Mentone, California ";2;104553
" Machida, Giappone ";2;104555
" Orly, Francia ";2;104557
" Forestville, California ";2;104559
" Chesterfield, Virginia ";2;104561
" La Grange, Illinois ";2;104563
" Thuwal, Arabia Saudita ";2;104565
" Malinska, Croazia ";2;104567
" Keremeos, Canada ";2;104569
" Bellagio, Italia ";2;104571
" Essendon, Australia ";2;104573
" Watertown, Wisconsin ";2;104575
" Sint-Truiden, Belgio ";2;104577
" Burleigh Heads, Australia ";2;104579
" Hull, Massachusetts ";2;104581
" Putignano, Italia ";2;104583
" Edinboro, Pennsylvania ";2;104585
" Lombard, Illinois ";2;104587
" Zollikon, Svizzera ";2;104589
" Samut Prakan, Tailandia ";2;104591
" Lisvane, Regno Unito ";2;104593
" Bowling Green, Ohio ";2;104595
" Ross, California ";2;104597
" Kolbotn, Norvegia ";2;104599
" Blairlogie, Regno Unito ";2;104601
" Changchun, Cina ";2;104603
" Conyers, Georgia ";2;104605
" Lutwyche, Australia ";2;104607
" Gainesville, Virginia ";2;104609
" Warminster, Pennsylvania ";2;104611
" Herne Hill, Australia ";2;104613
" Lanesboro, Minnesota ";2;104615
" Taivassalo, Finlandia ";2;104617
" Queens Park, Australia ";2;104619
" Glen Waverley, Australia ";2;104621
" Holly Hill, Florida ";2;104623
" Kirchlinteln, Germania ";2;104625
" Gansevoort, New York ";2;104627
" Coromandel, Nuova Zelanda ";2;104629
" Castellón de la Plana, Spagna ";2;104631
" Woodstock, New Hampshire ";2;104633
" Lewisburg, Pennsylvania ";2;104635
" Yeronga, Australia ";2;104637
" El Calafate, Argentina ";2;104639
" Kunming, Cina ";2;104641
" Henrieville, Utah ";2;104643
" Saint-Jean-de-Luz, Francia ";2;104645
" Houthulst, Belgio ";2;104647
" San Giovanni In Persiceto, Italia ";2;104649
" Hilton, Regno Unito ";2;104651
" Lommel, Belgio ";2;104653
" Foz do Iguaçu, Brasile ";2;104655
" Bluff, Utah ";2;104657
" West Dundee, Illinois ";2;104659
" Saluda, North Carolina ";2;104661
" Rockingham, Australia ";2;104663
" Mt Pleasant, South Carolina ";2;104665
" Richmond, Kentucky ";2;104667
" Thompson's Station, Tennessee ";2;104669
" Merewether, Australia ";2;104671
" Mount Airy, North Carolina ";2;104673
" Ponta Delgada, Portogallo ";2;104675
" Hexham, Regno Unito ";2;104677
" Auxerre, Francia ";2;104679
" Boadilla del Monte, Spagna ";2;104681
" Kohoku Ward, Giappone ";2;104683
" Timmins, Canada ";2;104685
" Giànnina, Grecia ";2;104687
" Milford, Ohio ";2;104689
" Bennekom, Paesi Bassi ";2;104691
" Rajkot, India ";2;104693
" Gallarate, Italia ";2;104695
" Groveland, California ";2;104697
" Ambler, Pennsylvania ";2;104699
" Greenwich, Regno Unito ";2;104701
" Höfn, Islanda ";2;104703
" Kent Town, Australia ";2;104705
" Avon Lake, Ohio ";2;104707
" East Montpelier, Vermont ";2;104709
" Penshurst, Australia ";2;104711
" Fügen, Austria ";2;104713
" Meerbusch, Germania ";2;104715
" Point Lonsdale, Australia ";2;104717
" Fanwood, New Jersey ";2;104719
" Wakerley, Australia ";2;104721
" Signes, Var, Francia ";2;104723
" Wayne, Michigan ";2;104725
" Carson City, Nevada ";2;104727
" Elkins, West Virginia ";2;104729
" Klaipeda, Lituania ";2;104731
" Wethersfield, Connecticut ";2;104733
" Puchheim, Germania ";2;104735
" Petersfield, Regno Unito ";2;104737
" Moss Beach, California ";2;104739
" Andover, Connecticut ";2;104741
" Dundrum, Irlanda ";2;104743
" Thira, Grecia ";2;104745
" Narragansett, Rhode Island ";2;104747
" Clearfield, Utah ";2;104749
" Portogruaro, Italia ";2;104751
" San Juan Bautista, California ";2;104753
" Templestowe, Australia ";2;104755
" Cheney, Washington ";2;104757
" Salisbury, North Carolina ";2;104759
" Hillerod, ";2;104761
" Mawson, Australia ";2;104763
" Waverly, Iowa ";2;104765
" Norwood, Massachusetts ";2;104767
" Cool, California ";2;104769
" Port Fairy, Australia ";2;104771
" Larbert, Regno Unito ";2;104773
" Le Perreux-sur-Marne, Francia ";2;104775
" Rhyl, Regno Unito ";2;104777
" Kilmore, Australia ";2;104779
" Palos Verdes Estates, California ";2;104781
" Whissendine, Regno Unito ";2;104783
" Marina di Ragusa, Italia ";2;104785
" Thimphu, Bhutan ";2;104787
" Burnham-on-Crouch, Regno Unito ";2;104789
" Selden, New York ";2;104791
" Austell, Georgia ";2;104793
" Ostfold, Norvegia ";2;104795
" Firenze, Kentucky ";2;104797
" Montebello, California ";2;104799
" Delhi, California ";2;104801
" Dollard-Des Ormeaux, Canada ";2;104803
" Washington, Pennsylvania ";2;104805
" Chuo, Giappone ";2;104807
" Carlton, Oregon ";2;104809
" Weimar, Germania ";2;104811
" Lorne, Australia ";2;104813
" Beaumont, Canada ";2;104815
" Wimborne Minster, Regno Unito ";2;104817
" Old Westbury, New York ";2;104819
" Puerto Princesa, Filippine ";2;104821
" Le Bourg-d'Oisans, Francia ";2;104823
" Somis, California ";2;104825
" Broadbeach Waters, Australia ";2;104827
" Englishtown, New Jersey ";2;104829
" Kings Park, New York ";2;104831
" Weiden, Germania ";2;104833
" Neffiès, Francia ";2;104835
" Nadur, Malta ";2;104837
" Atsugi, Giappone ";2;104839
" Alingsås, Svezia ";2;104841
" Kürten, Germania ";2;104843
" Kingsford, Australia ";2;104845
" Deer Park, New York ";2;104847
" Hoogstraten, Belgio ";2;104849
" Herent, Belgio ";2;104851
" Stalybridge, Regno Unito ";2;104853
" Jervis Bay Territory, Australia ";2;104855
" Brush Prairie, Washington ";2;104857
" Matapalo, Costa Rica ";2;104859
" Dunn, North Carolina ";2;104861
" Saint Austell, Regno Unito ";2;104863
" Oisterwijk, Paesi Bassi ";2;104865
" Latrobe, Pennsylvania ";2;104867
" Barnet, Vermont ";2;104869
" Bourg-Saint-Maurice, Francia ";2;104871
" Olney, Regno Unito ";2;104873
" Leek, Regno Unito ";2;104875
" Webster, Massachusetts ";2;104877
" Pai, Tailandia ";2;104879
" Wappingers Falls, New York ";2;104881
" Belmont, North Carolina ";2;104883
" Georgeham, Regno Unito ";2;104885
" Esher, Regno Unito ";2;104887
" Skåne län, Svezia ";2;104889
" La Grange Park, Illinois ";2;104891
" Anglet, Francia ";2;104893
" Vechta, Germania ";2;104895
" Christiansted, Isole Vergini Americane ";2;104897
" Almuñécar, Spagna ";2;104899
" Charles Town, West Virginia ";2;104901
" Zakopane, Polonia ";2;104903
" Bonsall, California ";2;104905
" Sotteville-lès-Rouen, Francia ";2;104907
" South Godstone, Regno Unito ";2;104909
" Chalford, Regno Unito ";2;104911
" Corby, Regno Unito ";2;104913
" Moneta, Virginia ";2;104915
" Distretto di Neptune, New Jersey ";2;104917
" San Pedro Sula, Honduras ";2;104919
" Rognac, Francia ";2;104921
" Bangor, Australia ";2;104923
" Herstmonceux, Regno Unito ";2;104925
" Benowa, Australia ";2;104927
" Swartz Creek, Michigan ";2;104929
" Hanau, Germania ";2;104931
" Levittown, New York ";2;104933
" Taunton, Massachusetts ";2;104935
" Cabo Frio, Brasile ";2;104937
" Ridgewood, Australia ";2;104939
" Saggart, Irlanda ";2;104941
" Waikoloa Village, Hawaii ";2;104943
" Blacklick, Ohio ";2;104945
" Port Perry, Canada ";2;104947
" Rochford, Regno Unito ";2;104949
" Rho, Italia ";2;104951
" Pozuelo, Spagna ";2;104953
" Pioltello, Italia ";2;104955
" Buntingford, Regno Unito ";2;104957
" Bicester, Regno Unito ";2;104959
" Chur, Svizzera ";2;104961
" Sunriver, Oregon ";2;104963
" Conway, Arkansas ";2;104965
" Somerville, New Jersey ";2;104967
" Allschwil, Svizzera ";2;104969
" Islip, New York ";2;104971
" East Melbourne, Australia ";2;104973
" Aartselaar, Belgio ";2;104975
" Grefrath, Germania ";2;104977
" Kukuihaele, Hawaii ";2;104979
" Jasper, Canada ";2;104981
" Draguignan, Francia ";2;104983
" Castlecrag, Australia ";2;104985
" Hudson, Ohio ";2;104987
" Sankt Augustin, Germania ";2;104989
" Grosse Pointe Farms, Michigan ";2;104991
" Mazatlán, Messico ";2;104993
" Cashmere, Washington ";2;104995
" North Fork, California ";2;104997
" Wargrave, Regno Unito ";2;104999
" North Aurora, Illinois ";2;105001
" Brisbane, California ";2;105003
" Marion, Massachusetts ";2;105005
" Budaörs, Ungheria ";2;105007
" Cottonwood Heights, Utah ";2;105009
" Gunpo-si, Corea del Sud ";2;105011
" Steyr, Austria ";2;105013
" Botany, Australia ";2;105015
" Melbourne Beach, Florida ";2;105017
" Stapleford, Regno Unito ";2;105019
" Colleyville, Texas ";2;105021
" Cuacos de Yuste, Spagna ";2;105023
" Angwin, California ";2;105025
" Stretton, Australia ";2;105027
" Rangiora, Nuova Zelanda ";2;105029
" Nathrop, Colorado ";2;105031
" Golden, Canada ";2;105033
" Mendota Heights, Minnesota ";2;105035
" Quepos, Costa Rica ";2;105037
" North Canton, Ohio ";2;105039
" Parkside, Australia ";2;105041
" Central, California ";2;105043
" Williamsport, Pennsylvania ";2;105045
" Alès, Francia ";2;105047
" Tonasket, Washington ";2;105049
" Crockett, California ";2;105051
" Lincolnville, Maine ";2;105053
" Centerport, New York ";2;105055
" Bocchignano, Italia ";2;105057
" Gardenvale, Australia ";2;105059
" Cannon Beach, Oregon ";2;105061
" Lismore, Australia ";2;105063
" Edwards, Colorado ";2;105065
" Bettendorf, Iowa ";2;105067
" Cygnet, Australia ";2;105069
" Hazelbrook, Australia ";2;105071
" Kangaroo Point, Australia ";2;105073
" Montague, California ";2;105075
" Deming, New Mexico ";2;105077
" Regione della Capitale, Islanda ";2;105079
" Leicester, Massachusetts ";2;105081
" Naramata, Canada ";2;105083
" Nova Lima, Brasile ";2;105085
" Székesfehérvár, Ungheria ";2;105087
" Windang, Australia ";2;105089
" Evere, Belgio ";2;105091
" Doetinchem, Paesi Bassi ";2;105093
" Brandon, Florida ";2;105095
" Syracuse, Utah ";2;105097
" University City, Missouri ";2;105099
" Saltford, Regno Unito ";2;105101
" Ashburton, Nuova Zelanda ";2;105103
" Pocatello, Idaho ";2;105105
" Marsden, Regno Unito ";2;105107
" Roy, Utah ";2;105109
" Krasnodar, Russia ";2;105111
" Riverton, New Jersey ";2;105113
" Ocean City, Maryland ";2;105115
" Southern Pines, North Carolina ";2;105117
" McLaren Vale, Australia ";2;105119
" Merritt, Canada ";2;105121
" Sankt Ingbert, Germania ";2;105123
" Witham, Regno Unito ";2;105125
" Sololá, Guatemala ";2;105127
" Marshfield, Vermont ";2;105129
" Banner Elk, North Carolina ";2;105131
" Stateline, Nevada ";2;105133
" Greensboro, Maryland ";2;105135
" La Orotava, Spagna ";2;105137
" Aarhus County, ";2;105139
" Allen Park, Michigan ";2;105141
" Alnwick, Regno Unito ";2;105143
" Westbury, New York ";2;105145
" Soletta, Svizzera ";2;105147
" Bethel, Vermont ";2;105149
" Sint-Pieters-Leeuw, Belgio ";2;105151
" Emerald, Australia ";2;105153
" Pikeville, Tennessee ";2;105155
" Vught, Paesi Bassi ";2;105157
" Newport Pagnell, Regno Unito ";2;105159
" Eastpointe, Michigan ";2;105161
" Châtillon, Francia ";2;105163
" Tybee Island, Georgia ";2;105165
" South Amboy, New Jersey ";2;105167
" Derwood, Maryland ";2;105169
" Berryville, Virginia ";2;105171
" El Monte, California ";2;105173
" Oreland, Pennsylvania ";2;105175
" Bergenfield, New Jersey ";2;105177
" Munster, Indiana ";2;105179
" Oostkamp, Belgio ";2;105181
" Vernal, Utah ";2;105183
" Melville, New York ";2;105185
" Eeklo, Belgio ";2;105187
" Colognac, Francia ";2;105189
" Pleasant Prairie, Wisconsin ";2;105191
" Bjärred, Svezia ";2;105193
" Corinth, Texas ";2;105195
" Westborough, Massachusetts ";2;105197
" São Brás de Alportel, Portogallo ";2;105199
" Valparaiso, Cile ";2;105201
" San Juan, Texas ";2;105203
" Glencoe, Illinois ";2;105205
" Enderby, Canada ";2;105207
" Cuenca, Spagna ";2;105209
" Kenwood, California ";2;105211
" El Prado, New Mexico ";2;105213
" Belle Vernon, Pennsylvania ";2;105215
" Schabs, Italia ";2;105217
" Holliston, Massachusetts ";2;105219
" Roberton, Regno Unito ";2;105221
" Aquilinia-Stramare, Italia ";2;105223
" Neckargemünd, Germania ";2;105225
" Pembroke, Massachusetts ";2;105227
" Wooburn Green, Regno Unito ";2;105229
" Ukmerg?, Lituania ";2;105231
" Willagee, Australia ";2;105233
" Winchendon, Massachusetts ";2;105235
" Rehoboth, Massachusetts ";2;105237
" Castellammare di Stabia, Italia ";2;105239
" Barmedman, Australia ";2;105241
" North Manly, Australia ";2;105243
" Pinckney, Michigan ";2;105245
" White River, Sudafrica ";2;105247
" Obninsk, Russia ";2;105249
" Laos ";2;105251
" Wading River, New York ";2;105253
" Semarang, Indonesia ";2;105255
" San Lorenzo, California ";2;105257
" Takarazuka, Giappone ";2;105259
" Clermont, Francia ";2;105261
" Woodstock, Virginia ";2;105263
" Nuenen, Paesi Bassi ";2;105265
" Ephrata, Pennsylvania ";2;105267
" Nagpur, India ";2;105269
" Cleves, Ohio ";2;105271
" Meyers, California ";2;105273
" Marsfield, Australia ";2;105275
" Kyneton, Australia ";2;105277
" Grimstad, Norvegia ";2;105279
" Törökbálint, Ungheria ";2;105281
" New Palestine, Indiana ";2;105283
" Saumur, Francia ";2;105285
" Allensmore, Regno Unito ";2;105287
" Sprockhövel, Germania ";2;105289
" Jordan, Minnesota ";2;105291
" Parkville, Australia ";2;105293
" Oshkosh, Wisconsin ";2;105295
" Cavan, Irlanda ";2;105297
" Wodonga, Australia ";2;105299
" Cudgen, Australia ";2;105301
" Braybrook, Australia ";2;105303
" Kammala, Tailandia ";2;105305
" Murphy, Texas ";2;105307
" Pleasant View, Utah ";2;105309
" Vejer de la Frontera, Spagna ";2;105311
" Leonia, New Jersey ";2;105313
" Sogn og Fjordane, Norvegia ";2;105315
" Granollers, Spagna ";2;105317
" Franklin, Massachusetts ";2;105319
" Matera, Italia ";2;105321
" Swadlincote, Regno Unito ";2;105323
" Beverly Hills, Michigan ";2;105325
" Pinehurst, North Carolina ";2;105327
" Klang, Malesia ";2;105329
" Figueira da Foz, Portogallo ";2;105331
" La Salina, Messico ";2;105333
" Braunau am Inn, Austria ";2;105335
" Perth Amboy, New Jersey ";2;105337
" Celina, Ohio ";2;105339
" Dewey-Humboldt, Arizona ";2;105341
" Napoli, New York ";2;105343
" Prefettura di Kyoto, Giappone ";2;105345
" Flushing, Michigan ";2;105347
" Taylors Hill, Australia ";2;105349
" Huntington, Indiana ";2;105351
" Fort Bragg, North Carolina ";2;105353
" Weatherford, Texas ";2;105355
" East Rockaway, New York ";2;105357
" Bella Vista, Arkansas ";2;105359
" East Syracuse, New York ";2;105361
" Libano, Indiana ";2;105363
" Hook Norton, Regno Unito ";2;105365
" Bègles, Francia ";2;105367
" Tenby, Regno Unito ";2;105369
" Newbury, Massachusetts ";2;105371
" Calistoga, California ";2;105373
" Gympie, Australia ";2;105375
" Roissy-en-France, Francia ";2;105377
" Rolling Meadows, Illinois ";2;105379
" Nedlands, Australia ";2;105381
" Waverly, Pennsylvania ";2;105383
" Adendorf, Germania ";2;105385
" Bells Beach, Australia ";2;105387
" Yukon Territory, Canada ";2;105389
" Courcelles, Belgio ";2;105391
" Kongsberg, Norvegia ";2;105393
" Salthill, Irlanda ";2;105395
" Petrópolis, Brasile ";2;105397
" Vis, Croazia ";2;105399
" De Meern, Paesi Bassi ";2;105401
" Olomouc, Repubblica Ceca ";2;105403
" Zamboanga, Filippine ";2;105405
" Rubery, Regno Unito ";2;105407
" Plainfield, Indiana ";2;105409
" Oceanport, New Jersey ";2;105411
" Wallagoot, Australia ";2;105413
" Angaston, Australia ";2;105415
" Newmarket, New Hampshire ";2;105417
" Guisborough, Regno Unito ";2;105419
" Glastonbury, Connecticut ";2;105421
" Haslemere, Regno Unito ";2;105423
" Uddingston, Regno Unito ";2;105425
" Sorell, Australia ";2;105427
" Hospitalet de Llobregat, Spagna ";2;105429
" Neptune Beach, Florida ";2;105431
" Cranbrook, Canada ";2;105433
" St. Pete Beach, Florida ";2;105435
" Covilha, Portogallo ";2;105437
" West Molesey, Regno Unito ";2;105439
" Saint-Augustin-de-Desmaures, Canada ";2;105441
" West Hempstead, New York ";2;105443
" Muir Beach, California ";2;105445
" Sylvan Lake, Canada ";2;105447
" The ";2;105449
" Shell Cove, Australia ";2;105451
" Blagnac, Francia ";2;105453
" Grosse Pointe, Michigan ";2;105455
" Hardwick, Vermont ";2;105457
" Narraweena, Australia ";2;105459
" Jasper, Georgia ";2;105461
" West Springfield, Massachusetts ";2;105463
" Corowa, Australia ";2;105465
" Clichy, Francia ";2;105467
" Compiègne, Francia ";2;105469
" Humlebæk, ";2;105471
" Kleve, Germania ";2;105473
" Capbreton, Francia ";2;105475
" Vitry-sur-Seine, Francia ";2;105477
" Demarest, New Jersey ";2;105479
" Weston, Vermont ";2;105481
" Neptune City, New Jersey ";2;105483
" Weinheim, Germania ";2;105485
" Waukesha, Wisconsin ";2;105487
" Apalachicola, Florida ";2;105489
" Swanville, Maine ";2;105491
" Barre, Vermont ";2;105493
" Ludwigshafen, Germania ";2;105495
" Beecroft, Australia ";2;105497
" Vilafranca del Penedès, Spagna ";2;105499
" Hoosick Falls, New York ";2;105501
" Châteauneuf-sur-Loire, Francia ";2;105503
" Frankfort, Illinois ";2;105505
" Tunbridge, Vermont ";2;105507
" Honesdale, Pennsylvania ";2;105509
" Tagbilaran, Filippine ";2;105511
" Bantry, Irlanda ";2;105513
" Telford, Pennsylvania ";2;105515
" Bedford Hills, New York ";2;105517
" Meppel, Paesi Bassi ";2;105519
" Madeira Beach, Florida ";2;105521
" Lindsay, California ";2;105523
" Morpeth, Regno Unito ";2;105525
" Pointe-Claire, Canada ";2;105527
" Turate, Italia ";2;105529
" Watermans Bay, Australia ";2;105531
" Port Matilda, Pennsylvania ";2;105533
" Waunakee, Wisconsin ";2;105535
" Hoorn, Paesi Bassi ";2;105537
" Taguig, Filippine ";2;105539
" Commerce City, Colorado ";2;105541
" Highland, Utah ";2;105543
" Roanoke, Texas ";2;105545
" Cap-d'Ail, Francia ";2;105547
" Grenzach-Wyhlen, Germania ";2;105549
" Doorn, Paesi Bassi ";2;105551
" Pulawy, Polonia ";2;105553
" Ely, Minnesota ";2;105555
" Council Bluffs, Iowa ";2;105557
" Pápa, Ungheria ";2;105559
" Dumont, New Jersey ";2;105561
" Xàbia , Spagna ";2;105563
" Pharr, Texas ";2;105565
" Lafayette Hill, Pennsylvania ";2;105567
" Cold Spring, New York ";2;105569
" Rhenen, Paesi Bassi ";2;105571
" Pouzd?any, Repubblica Ceca ";2;105573
" Safed, Israele ";2;105575
" Innisfail, Canada ";2;105577
" Bramhope, Regno Unito ";2;105579
" Herning, ";2;105581
" Great Falls, Virginia ";2;105583
" Yelm, Washington ";2;105585
" Midrand, Sudafrica ";2;105587
" Hossegor, Francia ";2;105589
" Denham Springs, Louisiana ";2;105591
" Belleville, Illinois ";2;105593
" Belgorod, Russia ";2;105595
" Ringsaker, Norvegia ";2;105597
" H?lualoa, Hawaii ";2;105599
" Mountain Home, Idaho ";2;105601
" Samara, Russia ";2;105603
" Plaisir, Francia ";2;105605
" Salon-de-Provence, Francia ";2;105607
" Dossenheim, Germania ";2;105609
" Manassas Park, Virginia ";2;105611
" Fontenay-aux-Roses, Francia ";2;105613
" Purmerend, Paesi Bassi ";2;105615
" Hemel Hempstead, Regno Unito ";2;105617
" Medina, Washington ";2;105619
" Nishi Ward, Giappone ";2;105621
" Hunters Hill, Australia ";2;105623
" Kusterdingen, Germania ";2;105625
" Vila Nova de Gaia, Portogallo ";2;105627
" Cumberland, Rhode Island ";2;105629
" Henrietta, New York ";2;105631
" Trollhättan, Svezia ";2;105633
" Miranda de Ebro, Spagna ";2;105635
" Ballsbridge, Irlanda ";2;105637
" East Haddam, Connecticut ";2;105639
" Brownsburg, Indiana ";2;105641
" Glen Cove, New York ";2;105643
" Manarola, Italia ";2;105645
" Hinton, Canada ";2;105647
" Traralgon, Australia ";2;105649
" Barsinghausen, Germania ";2;105651
" Spinea, Italia ";2;105653
" Galashiels, Regno Unito ";2;105655
" Soorts-Hossegor, Francia ";2;105657
" Cobham, Regno Unito ";2;105659
" Renwick, Nuova Zelanda ";2;105661
" Adrian, Michigan ";2;105663
" Sirmione, Italia ";2;105665
" Valdosta, Georgia ";2;105667
" Meridian, Mississippi ";2;105669
" Pistoia, Italia ";2;105671
" Cisternino, Italia ";2;105673
" Miyakojima Ward, Giappone ";2;105675
" Queensbury, New York ";2;105677
" Kaikoura, Nuova Zelanda ";2;105679
" Valladolid, Spagna ";2;105681
" Hernando, Florida ";2;105683
" Doncaster East, Australia ";2;105685
" Mandello del Lario, Italia ";2;105687
" Minnedosa, Canada ";2;105689
" Narrawallee, Australia ";2;105691
" Cicero, Illinois ";2;105693
" North Brunswick, New Jersey ";2;105695
" Thetford, Regno Unito ";2;105697
" Bastennes, Francia ";2;105699
" Bougival, Francia ";2;105701
" Benenden, Regno Unito ";2;105703
" Santa Rosa City, Filippine ";2;105705
" Dumaguete City, Filippine ";2;105707
" Springville, Utah ";2;105709
" Holiday, Florida ";2;105711
" Bowdoinham, Maine ";2;105713
" Cornville, Arizona ";2;105715
" Neustadt, Germania ";2;105717
" Inverness, Florida ";2;105719
" Kauniainen, Finlandia ";2;105721
" Medstead, Regno Unito ";2;105723
" Zakinthos, Grecia ";2;105725
" Brighton-Le-Sands, Australia ";2;105727
" Grange, Australia ";2;105729
" Port Saint Lucie, Florida ";2;105731
" Vallese, Svizzera ";2;105733
" Schofields, Australia ";2;105735
" North Port, Florida ";2;105737
" Thornlands, Australia ";2;105739
" Knightdale, North Carolina ";2;105741
" Union, Washington ";2;105743
" Enterprise, Alabama ";2;105745
" Enniskillen, Regno Unito ";2;105747
" Montrouge, Francia ";2;105749
" Lansdowne, Pennsylvania ";2;105751
" Littlebourne, Regno Unito ";2;105753
" Berwick, Australia ";2;105755
" Langley Township, Canada ";2;105757
" Nazareth, Israele ";2;105759
" Apple Valley, Minnesota ";2;105761
" Saint Clair Shores, Michigan ";2;105763
" Forney, Texas ";2;105765
" Port Vila, Vanuatu ";2;105767
" Rye, Australia ";2;105769
" Eger, Ungheria ";2;105771
" Oberwil, Svizzera ";2;105773
" Heerhugowaard, Paesi Bassi ";2;105775
" Annapolis Royal, Canada ";2;105777
" Bayswater, Australia ";2;105779
" East Kilbride, Regno Unito ";2;105781
" North Attleborough, Massachusetts ";2;105783
" Aviano, Italia ";2;105785
" Haldensleben, Germania ";2;105787
" Errol, Regno Unito ";2;105789
" Windsor, Connecticut ";2;105791
" Grafenwöhr, Germania ";2;105793
" Bagnolet, Francia ";2;105795
" Destelbergen, Belgio ";2;105797
" Wadebridge, Regno Unito ";2;105799
" Wyndham Vale, Australia ";2;105801
" Sutton Courtenay, Regno Unito ";2;105803
" Tiel, Paesi Bassi ";2;105805
" Elsternwick, Australia ";2;105807
" Vénissieux, Francia ";2;105809
" Sawtell, Australia ";2;105811
" Cambridge, Wisconsin ";2;105813
" Gaborone, Botswana ";2;105815
" Biella, Italia ";2;105817
" Loganville, Georgia ";2;105819
" Jordan River, Canada ";2;105821
" Derrimut, Australia ";2;105823
" Salcombe, Regno Unito ";2;105825
" Alpnach, Svizzera ";2;105827
" Arundel, Regno Unito ";2;105829
" Chestermere, Canada ";2;105831
" Dexter, Missouri ";2;105833
" Fornebu, Norvegia ";2;105835
" Smyrna, Tennessee ";2;105837
" Leusden, Paesi Bassi ";2;105839
" Wezep, Paesi Bassi ";2;105841
" Ticino, Svizzera ";2;105843
" North Miami, Florida ";2;105845
" Yokosuka, Giappone ";2;105847
" Bexleyheath, Regno Unito ";2;105849
" Puerto Madryn, Argentina ";2;105851
" Akumal, Messico ";2;105853
" Stawell, Australia ";2;105855
" Carolina Beach, North Carolina ";2;105857
" Kirchentellinsfurt, Germania ";2;105859
" Motril, Spagna ";2;105861
" Fronreute, Germania ";2;105863
" Antony, Francia ";2;105865
" Tahoe Vista, California ";2;105867
" Cooranbong, Australia ";2;105869
" Skipton, Regno Unito ";2;105871
" Tehachapi, California ";2;105873
" Corsham, Regno Unito ";2;105875
" La regione Västra Götaland, Svezia ";2;105877
" Zwevegem, Belgio ";2;105879
" Schulzendorf, Germania ";2;105881
" Beaumaris, Australia ";2;105883
" Cerne Abbas, Regno Unito ";2;105885
" Steffisburg, Svizzera ";2;105887
" Ulan-Ud?, Russia ";2;105889
" La Motte-Servolex, Francia ";2;105891
" St George, Utah ";2;105893
" Groton, Massachusetts ";2;105895
" Opole, Polonia ";2;105897
" China, Maine ";2;105899
" Wyong, Australia ";2;105901
" Lewiston, New York ";2;105903
" Taghazout, Marocco ";2;105905
" Sundsvall, Svezia ";2;105907
" Caracas Metropolitan District, Venezuela ";2;105909
" Lucan, Irlanda ";2;105911
" Postojna, Slovenia ";2;105913
" Idyllwild-Pine Cove, California ";2;105915
" River Forest, Illinois ";2;105917
" Paderborn, Germania ";2;105919
" Shamong, New Jersey ";2;105921
" Greenwood, South Carolina ";2;105923
" Parkland, Florida ";2;105925
" Drummoyne, Australia ";2;105927
" Yardley, Pennsylvania ";2;105929
" Fridley, Minnesota ";2;105931
" Penryn, Regno Unito ";2;105933
" Winter Haven, Florida ";2;105935
" Londonderry, Vermont ";2;105937
" Blue Springs, Missouri ";2;105939
" Hämeenlinna, Finlandia ";2;105941
" Ottawa, Illinois ";2;105943
" Stevensville, Maryland ";2;105945
" Seguin, Texas ";2;105947
" Overton, Regno Unito ";2;105949
" Binyamina-Giv'at Ada, Israele ";2;105951
" Ashington, Regno Unito ";2;105953
" Oderzo, Italia ";2;105955
" Rosenheim, Germania ";2;105957
" Hervey Bay, Australia ";2;105959
" Forest Lake, Minnesota ";2;105961
" El Prat de Llobregat, Spagna ";2;105963
" College Place, Washington ";2;105965
" Rafz, Svizzera ";2;105967
" Jericho, Vermont ";2;105969
" Haugesund, Norvegia ";2;105971
" Kigali, Ruanda ";2;105973
" Sykesville, Maryland ";2;105975
" Chestnut Ridge, New York ";2;105977
" Agios Nikolaos, Grecia ";2;105979
" Corozal, Belize ";2;105981
" Ingleside, Illinois ";2;105983
" Harvey, Louisiana ";2;105985
" Plymouth Charter Township, Michigan ";2;105987
" Jiangmen, Cina ";2;105989
" Thessaloníki, Grecia ";2;105991
" Boronia, Australia ";2;105993
" Alberobello, Italia ";2;105995
" Penn Valley, California ";2;105997
" Joliet, Illinois ";2;105999
" Palau, Italia ";2;106001
" Dungannon, Regno Unito ";2;106003
" Wavre, Belgio ";2;106005
" Morrill, Maine ";2;106007
" Niederlenz, Svizzera ";2;106009
" Willich, Germania ";2;106011
" Fuengirola, Spagna ";2;106013
" Ellesmere, Regno Unito ";2;106015
" Mt Desert, Maine ";2;106017
" Le Pré-Saint-Gervais, Francia ";2;106019
" Macclesfield, Australia ";2;106021
" Tuxtla Gutiérrez, Messico ";2;106023
" Naugatuck, Connecticut ";2;106025
" Lower Plenty, Australia ";2;106027
" Abingdon, Virginia ";2;106029
" Berlino, Maryland ";2;106031
" Arnsberg, Germania ";2;106033
" Oro Valley, Arizona ";2;106035
" Voorschoten, Paesi Bassi ";2;106037
" Inglewood, Australia ";2;106039
" Glenshaw, Pennsylvania ";2;106041
" Cronulla, Australia ";2;106043
" Cavite City, Filippine ";2;106045
" Blue Lake, California ";2;106047
" Ravensburg, Germania ";2;106049
" Lyndhurst, Ohio ";2;106051
" Brooklyn, Wisconsin ";2;106053
" Bonners Ferry, Idaho ";2;106055
" Dexter, Oregon ";2;106057
" Ostia, Italia ";2;106059
" Aix-les-Bains, Francia ";2;106061
" North Shields, Regno Unito ";2;106063
" Freestone, California ";2;106065
" Norton, Regno Unito ";2;106067
" Palisades Park, New Jersey ";2;106069
" Upper Lake, California ";2;106071
" Woodlesford, Regno Unito ";2;106073
" Suffield, Connecticut ";2;106075
" Bell Gardens, California ";2;106077
" Norfolk, Nebraska ";2;106079
" New Alresford, Regno Unito ";2;106081
" Badajoz, Spagna ";2;106083
" Pantin, Francia ";2;106085
" Zollikerberg, Svizzera ";2;106087
" Mykonos, Grecia ";2;106089
" Caldwell, New Jersey ";2;106091
" La Center, Washington ";2;106093
" Gustavia, San Bartolomeo ";2;106095
" Round Lake, Illinois ";2;106097
" Oak Brook, Illinois ";2;106099
" Yorkville, Illinois ";2;106101
" Alpine, California ";2;106103
" Basildon, Regno Unito ";2;106105
" Oxley, Australia ";2;106107
" Osijek, Croazia ";2;106109
" Whanganui, Nuova Zelanda ";2;106111
" Narrowsburg, New York ";2;106113
" Hesperange, Lussemburgo ";2;106115
" Milton, Australia ";2;106117
" Laatzen, Germania ";2;106119
" Harpers Ferry, West Virginia ";2;106121
" Rowville, Australia ";2;106123
" Piacenza, Italia ";2;106125
" Lititz, Pennsylvania ";2;106127
" Sunnyvale, Texas ";2;106129
" Rothes, Regno Unito ";2;106131
" Salem, Connecticut ";2;106133
" Lidingö, Svezia ";2;106135
" Santa Clara, Cuba ";2;106137
" Schilde, Belgio ";2;106139
" Wakefield, Canada ";2;106141
" Sittingbourne, Regno Unito ";2;106143
" Scotch Plains, New Jersey ";2;106145
" Madderty, Regno Unito ";2;106147
" Clinton, Utah ";2;106149
" Nanuet, New York ";2;106151
" Angleton, Texas ";2;106153
" Cockeysville, Maryland ";2;106155
" Beaver Falls, Pennsylvania ";2;106157
" Gambrills, Maryland ";2;106159
" Honduras ";2;106161
" Smithfield, Rhode Island ";2;106163
" Williston Park, New York ";2;106165
" Saint Albans, Australia ";2;106167
" Burgess Hill, Regno Unito ";2;106169
" Clemton Park, Australia ";2;106171
" Destin, Florida ";2;106173
" Oestrich-Winkel, Germania ";2;106175
" Cannock, Regno Unito ";2;106177
" Impington, Regno Unito ";2;106179
" Bateau Bay, Australia ";2;106181
" Potters Bar, Regno Unito ";2;106183
" Lemont, Illinois ";2;106185
" Canton, Massachusetts ";2;106187
" Thibodaux, Louisiana ";2;106189
" Hartsdale, New York ";2;106191
" Leverett, Massachusetts ";2;106193
" Gronau, Germania ";2;106195
" La Porte, Texas ";2;106197
" Blanchard, Oklahoma ";2;106199
" Carnegie, Australia ";2;106201
" Hastings-on-Hudson, New York ";2;106203
" Morley, Regno Unito ";2;106205
" Curridabat, Costa Rica ";2;106207
" Villeneuve-lès-Avignon, Francia ";2;106209
" Huskisson, Australia ";2;106211
" Stresa, Italia ";2;106213
" Tournon-sur-Rhône, Francia ";2;106215
" Warburton, Australia ";2;106217
" Clarkston, Michigan ";2;106219
" Leiderdorp, Paesi Bassi ";2;106221
" Markkleeberg, Germania ";2;106223
" Truro, Massachusetts ";2;106225
" Clareville, Australia ";2;106227
" Aussonne, Francia ";2;106229
" Harris Park, Australia ";2;106231
" Clonmel, Irlanda ";2;106233
" Unterschleißheim, Germania ";2;106235
" Fertile, Iowa ";2;106237
" Aschaffenburg, Germania ";2;106239
" Dübendorf, Svizzera ";2;106241
" Higashi Ward, Giappone ";2;106243
" Ramstein-Miesenbach, Germania ";2;106245
" Appleton, Regno Unito ";2;106247
" Beaumont, California ";2;106249
" Ridgway, Colorado ";2;106251
" Chesterfield, Regno Unito ";2;106253
" Bulimba, Australia ";2;106255
" Shutesbury, Massachusetts ";2;106257
" Aalter, Belgio ";2;106259
" Sinzing, Germania ";2;106261
" Qatar ";2;106263
" Campeche, Messico ";2;106265
" Port Louis, Mauritius ";2;106267
" Vilcabamba, Ecuador ";2;106269
" Cooper City, Florida ";2;106271
" Foggia, Italia ";2;106273
" Caister-on-Sea, Regno Unito ";2;106275
" Burlington, Wisconsin ";2;106277
" Eisenach, Germania ";2;106279
" Epe, Paesi Bassi ";2;106281
" Meursault, Francia ";2;106283
" Bucheon-si, Corea del Sud ";2;106285
" Wallasey, Regno Unito ";2;106287
" Monsey, New York ";2;106289
" Dunshaughlin, Irlanda ";2;106291
" Gaston, Oregon ";2;106293
" Canyon, Texas ";2;106295
" Knocklyon, Irlanda ";2;106297
" Temple, Texas ";2;106299
" Trumbull, Connecticut ";2;106301
" Ajo, Arizona ";2;106303
" Plantagenet, Canada ";2;106305
" Sandvika, Norvegia ";2;106307
" Sainte Rose, Guadalupa ";2;106309
" Negril, Giamaica ";2;106311
" Manly Vale, Australia ";2;106313
" Tarnowskie Gory, Polonia ";2;106315
" Lilyfield, Australia ";2;106317
" Giffnock, Regno Unito ";2;106319
" Wheelers Hill, Australia ";2;106321
" Vrhnika, Slovenia ";2;106323
" Oeiras, Portogallo ";2;106325
" Valley Center, California ";2;106327
" Dormagen, Germania ";2;106329
" Elko, Nevada ";2;106331
" Willoughby, Ohio ";2;106333
" Bethany, Connecticut ";2;106335
" Derrynane, Irlanda ";2;106337
" Pont-l'Abbé, Francia ";2;106339
" Huelva, Spagna ";2;106341
" Bobigny, Francia ";2;106343
" Road Town, Isole Vergini Britanniche ";2;106345
" Mölndal, Svezia ";2;106347
" Thurso, Regno Unito ";2;106349
" Harbor Springs, Michigan ";2;106351
" Bonita, California ";2;106353
" Ermelo, Paesi Bassi ";2;106355
" Recklinghausen, Germania ";2;106357
" Riverview, Australia ";2;106359
" Aurora, Ohio ";2;106361
" Exeter, California ";2;106363
" Tollesbury, Regno Unito ";2;106365
" Palaiseau, Francia ";2;106367
" Chicopee, Massachusetts ";2;106369
" Southport, Australia ";2;106371
" Goulburn, Australia ";2;106373
" Mazara del Vallo, Italia ";2;106375
" Kewarra Beach, Australia ";2;106377
" Ramat HaSharon, Israele ";2;106379
" Plainfield charter Township, Michigan ";2;106381
" Ore City, Texas ";2;106383
" Springvale South, Australia ";2;106385
" Central Java, Indonesia ";2;106387
" Sandymount, Irlanda ";2;106389
" New Castle, New Hampshire ";2;106391
" Stafford, Texas ";2;106393
" Loyalton, California ";2;106395
" Bekasi, Indonesia ";2;106397
" Sandusky, Ohio ";2;106399
" Calci, Italia ";2;106401
" Curaçao ";2;106403
" Kingsport, Tennessee ";2;106405
" Blauvelt, New York ";2;106407
" Ahaus, Germania ";2;106409
" Rishon Leziyyon, Israele ";2;106411
" Georgetown, Indiana ";2;106413
" Falun, Svezia ";2;106415
" Lérida, Spagna ";2;106417
" Paisley, Regno Unito ";2;106419
" Arundel, Australia ";2;106421
" Abergavenny, Regno Unito ";2;106423
" Chipping Norton, Regno Unito ";2;106425
" Newtonmore, Regno Unito ";2;106427
" Lambton, Australia ";2;106429
" Essex, Vermont ";2;106431
" Wentworth Falls, Australia ";2;106433
" Summerland, Canada ";2;106435
" Värmdö, Svezia ";2;106437
" Bedminster Township, New Jersey ";2;106439
" Candler, North Carolina ";2;106441
" Schorndorf, Germania ";2;106443
" Peekskill, New York ";2;106445
" Port Republic, Maryland ";2;106447
" Helensburgh, Australia ";2;106449
" Charkiv, Ucraina ";2;106451
" Audley, Regno Unito ";2;106453
" Casnate Con Bernate, Italia ";2;106455
" Choctaw, Oklahoma ";2;106457
" Cromwell, Connecticut ";2;106459
" Devizes, Regno Unito ";2;106461
" Bedford, Massachusetts ";2;106463
" Huntingdon, Pennsylvania ";2;106465
" Montego Bay, Giamaica ";2;106467
" Dungarvan, Irlanda ";2;106469
" Macomb, Michigan ";2;106471
" Calenzano, Italia ";2;106473
" Williams, Oregon ";2;106475
" Carlsbad, New Mexico ";2;106477
" Taillecourt, Francia ";2;106479
" Buskerud, Norvegia ";2;106481
" Bregenz, Austria ";2;106483
" Croydon North, Australia ";2;106485
" Gorey, Irlanda ";2;106487
" Erkrath, Germania ";2;106489
" Chatham-Kent, Canada ";2;106491
" Bra, Italia ";2;106493
" Pembroke, Bermuda ";2;106495
" Kaaawa, Hawaii ";2;106497
" Los Alamos, California ";2;106499
" Whitfield, Australia ";2;106501
" Charlton, Australia ";2;106503
" Jenks, Oklahoma ";2;106505
" Sunderland, Massachusetts ";2;106507
" Shirley, Regno Unito ";2;106509
" Bridgwater, Regno Unito ";2;106511
" Waldorf, Maryland ";2;106513
" Maldive ";2;106515
" Mill Park, Australia ";2;106517
" Tugun, Australia ";2;106519
" Glasnevin, Irlanda ";2;106521
" Vaduz, Liechtenstein ";2;106523
" Dunmurry, Regno Unito ";2;106525
" Elgg, Svizzera ";2;106527
" Saint-Omer, Francia ";2;106529
" Warner, New Hampshire ";2;106531
" Saint-Cyr-l'École, Francia ";2;106533
" Lake Country, Canada ";2;106535
" Statesville, North Carolina ";2;106537
" Granville, Massachusetts ";2;106539
" Fiesole, Italia ";2;106541
" Pittenweem, Regno Unito ";2;106543
" Yarker, Canada ";2;106545
" Ladysmith, Sudafrica ";2;106547
" Herrsching, Germania ";2;106549
" Langnau am Albis, Svizzera ";2;106551
" Millcreek, Utah ";2;106553
" Porvoo, Finlandia ";2;106555
" Mollymook, Australia ";2;106557
" Varkala, India ";2;106559
" Distretto di Lisbona, Portogallo ";2;106561
" Mells, Regno Unito ";2;106563
" Frenchs Forest, Australia ";2;106565
" Nafplion, Grecia ";2;106567
" Chincoteague Island, Virginia ";2;106569
" Mokena, Illinois ";2;106571
" Corralejo, Spagna ";2;106573
" Conway, New Hampshire ";2;106575
" Almería, Spagna ";2;106577
" Pollock Pines, California ";2;106579
" Ceres, California ";2;106581
" Beirut Governorate, Libano ";2;106583
" Kirov, Russia ";2;106585
" Vallegrande, Croazia ";2;106587
" Cumberland, Maine ";2;106589
" Pahrump, Nevada ";2;106591
" Carnelian Bay, California ";2;106593
" Lasarte-Oria, Spagna ";2;106595
" Veenendaal, Paesi Bassi ";2;106597
" Georgia ";2;106599
" Firenze, Alabama ";2;106601
" Calais, Vermont ";2;106603
" Naju-si, Corea del Sud ";2;106605
" Grasse, Francia ";2;106607
" Alcobendas, Spagna ";2;106609
" Huntingdale, Australia ";2;106611
" Ocean Grove, Australia ";2;106613
" Hoppers Crossing, Australia ";2;106615
" Murphys, California ";2;106617
" Valparaiso, Indiana ";2;106619
" Glostrup, ";2;106621
" Seyssinet-Pariset, Francia ";2;106623
" Narberth, Pennsylvania ";2;106625
" Abiansemal, Indonesia ";2;106627
" Tramore, Irlanda ";2;106629
" Glen Ellyn, Illinois ";2;106631
" Las Terrenas, Repubblica Dominicana ";2;106633
" Le Roy, New York ";2;106635
" Fairlawn, Ohio ";2;106637
" Pagewood, Australia ";2;106639
" Lopburi, Tailandia ";2;106641
" Antioquia, Colombia ";2;106643
" Worsley, Regno Unito ";2;106645
" Zaporizhzhya, Ucraina ";2;106647
" Karlskrona, Svezia ";2;106649
" Glenelg South, Australia ";2;106651
" Bensalem, Pennsylvania ";2;106653
" Kajang, Malesia ";2;106655
" La Tronche, Francia ";2;106657
" Rozelle, Australia ";2;106659
" Pinerolo, Italia ";2;106661
" Drøbak, Norvegia ";2;106663
" Long Beach, Australia ";2;106665
" Allauch, Francia ";2;106667
" Saiwai Ward, Giappone ";2;106669
" Nea Smyrni, Grecia ";2;106671
" Handewitt, Germania ";2;106673
" Frankston South, Australia ";2;106675
" Berg en ";2;106677
" Aledo, Texas ";2;106679
" McKees Rocks, Pennsylvania ";2;106681
" Sierra Madre, California ";2;106683
" Recco, Italia ";2;106685
" Crewkerne, Regno Unito ";2;106687
" Palos Heights, Illinois ";2;106689
" Gibson City, Illinois ";2;106691
" Milford Haven, Regno Unito ";2;106693
" Viterbo, Italia ";2;106695
" Harwood, Maryland ";2;106697
" Columbia City, Indiana ";2;106699
" Murwillumbah, Australia ";2;106701
" Ratingen, Germania ";2;106703
" Deltona, Florida ";2;106705
" West Boldon, Regno Unito ";2;106707
" Chester, New York ";2;106709
" Buderim, Australia ";2;106711
" Clonakilty, Irlanda ";2;106713
" Silverdale, Washington ";2;106715
" Port Huron, Michigan ";2;106717
" McKee, Kentucky ";2;106719
" Las Palmas, Spagna ";2;106721
" Bisley, Regno Unito ";2;106723
" Saragossa, Spagna ";2;106725
" Boo, Svezia ";2;106727
" Wettswil am Albis, Svizzera ";2;106729
" Steinhausen, Svizzera ";2;106731
" San Bartolomé de Tirajana, Spagna ";2;106733
" Verona, Wisconsin ";2;106735
" Dixon, Illinois ";2;106737
" Larnaca, Cipro ";2;106739
" Ladismith, Sudafrica ";2;106741
" Muravera, Italia ";2;106743
" North Royalton, Ohio ";2;106745
" Avon, Ohio ";2;106747
" Carlisle, Massachusetts ";2;106749
" The City, Regno Unito ";2;106751
" Fuchu, Giappone ";2;106753
" Bongaree, Australia ";2;106755
" Montecito, California ";2;106757
" Okatie, South Carolina ";2;106759
" Tega Cay, South Carolina ";2;106761
" Kodak, Tennessee ";2;106763
" Londonderry, New Hampshire ";2;106765
" Marcon, Italia ";2;106767
" Lerici, Italia ";2;106769
" Cammeray, Australia ";2;106771
" Bude, Regno Unito ";2;106773
" Balmain, Australia ";2;106775
" Puurs, Belgio ";2;106777
" Neuhausen auf den Fildern, Germania ";2;106779
" Ashbourne, Irlanda ";2;106781
" Macleod, Australia ";2;106783
" Windsor Heights, Iowa ";2;106785
" Williston, Florida ";2;106787
" Winter Park, Colorado ";2;106789
" Dickson, Tennessee ";2;106791
" Bundanoon, Australia ";2;106793
" Loxley, Alabama ";2;106795
" Quispamsis, Canada ";2;106797
" Baldwinsville, New York ";2;106799
" Baden, Canada ";2;106801
" Bellefontaine, Ohio ";2;106803
" Chioggia, Italia ";2;106805
" Bassa Austria, Austria ";2;106807
" Halfmoon Bay, Canada ";2;106809
" Florida, Massachusetts ";2;106811
" Alaska, Stati Uniti ";2;106813
" Olanda Meridionale, Paesi Bassi ";2;106815
" Keilor Downs, Australia ";2;106817
" Hagen, Germania ";2;106819
" Brier, Washington ";2;106821
" Chelles, Francia ";2;106823
" Neu-Ulm, Germania ";2;106825
" Risca, Regno Unito ";2;106827
" Downey, California ";2;106829
" Gatley, Regno Unito ";2;106831
" Agueda, Portogallo ";2;106833
" Riomaggiore, Italia ";2;106835
" South Morang, Australia ";2;106837
" Gazeran, Francia ";2;106839
" Katel Novi, Croazia ";2;106841
" Horley, Regno Unito ";2;106843
" Songkhla, Tailandia ";2;106845
" Brixen, Italia ";2;106847
" Bad Hersfeld, Germania ";2;106849
" Irvington, New York ";2;106851
" Monmouth, Oregon ";2;106853
" Ojo Caliente, New Mexico ";2;106855
" Wayzata, Minnesota ";2;106857
" Mafra National Palace, Portogallo ";2;106859
" Widnes, Regno Unito ";2;106861
" Wylie, Texas ";2;106863
" Newfoundland and Labrador, Canada ";2;106865
" Lichfield, Regno Unito ";2;106867
" Emu Plains, Australia ";2;106869
" Windsor, Vermont ";2;106871
" Point Roberts, Washington ";2;106873
" Cams Wharf, Australia ";2;106875
" Stare Babice, Polonia ";2;106877
" Cleveland, Georgia ";2;106879
" Maribyrnong, Australia ";2;106881
" San Isidro, Perù ";2;106883
" Mont-Tremblant, Canada ";2;106885
" Poitiers, Francia ";2;106887
" Clophill, Regno Unito ";2;106889
" Huningue, Francia ";2;106891
" Merzouga, Marocco ";2;106893
" Warrensburg, Missouri ";2;106895
" Hertford, Regno Unito ";2;106897
" Westbury, Regno Unito ";2;106899
" Linden, New Jersey ";2;106901
" Bauru, Brasile ";2;106903
" Lake Wylie, South Carolina ";2;106905
" Bennett, Wisconsin ";2;106907
" Oak Hill, Florida ";2;106909
" Niederkassel, Germania ";2;106911
" Ashford, Irlanda ";2;106913
" Solingen, Germania ";2;106915
" Manitoba, Canada ";2;106917
" Nimes, Francia ";2;106919
" Pforzheim, Germania ";2;106921
" Hartland, Vermont ";2;106923
" Moore, Oklahoma ";2;106925
" Hebron, Connecticut ";2;106927
" Moonee Ponds, Australia ";2;106929
" Flourtown, Pennsylvania ";2;106931
" Cambourne, Regno Unito ";2;106933
" Whitewater, Wisconsin ";2;106935
" Hamm, Germania ";2;106937
" Trim, Irlanda ";2;106939
" Franklin, Michigan ";2;106941
" Smithville, Missouri ";2;106943
" Brookfield, Connecticut ";2;106945
" Ishoj, ";2;106947
" Cedar Hills, Utah ";2;106949
" Columbia, Tennessee ";2;106951
" Underhill, Vermont ";2;106953
" Gummersbach, Germania ";2;106955
" Iloilo City, Filippine ";2;106957
" Alta Austria, Austria ";2;106959
" Kennington, Regno Unito ";2;106961
" Greeneville, Tennessee ";2;106963
" North Salt Lake, Utah ";2;106965
" Puglia, Italia ";2;106967
" Varsity Lakes, Australia ";2;106969
" Murnau am Staffelsee, Germania ";2;106971
" Legnica, Polonia ";2;106973
" Fish Creek, Australia ";2;106975
" Castaic, California ";2;106977
" Hamilton, Australia ";2;106979
" Madison, South ";2;106981
" Motovun, Croazia ";2;106983
" Plettenberg Bay, Sudafrica ";2;106985
" Westwood, New Jersey ";2;106987
" Barton-upon-Humber, Regno Unito ";2;106989
" Centerville, Ohio ";2;106991
" Hughson, California ";2;106993
" Burgdorf, Svizzera ";2;106995
" West Milford, New Jersey ";2;106997
" Bradville, Regno Unito ";2;106999
" Rockport, Texas ";2;107001
" Niseko, Giappone ";2;107003
" Tyresö, Svezia ";2;107005
" Portland, Pennsylvania ";2;107007
" Packwood, Washington ";2;107009
" Glen Ellen, California ";2;107011
" Middle Park, Australia ";2;107013
" Clarksburg, Maryland ";2;107015
" Bethel, Maine ";2;107017
" Westcott, Regno Unito ";2;107019
" Ilion, New York ";2;107021
" Kirchheim unter Teck, Germania ";2;107023
" Kapaau, Hawaii ";2;107025
" Highett, Australia ";2;107027
" Saint Helens, Regno Unito ";2;107029
" Millersville, Maryland ";2;107031
" Greenbelt, Maryland ";2;107033
" Bridge of Allan, Regno Unito ";2;107035
" Morelia, Messico ";2;107037
" Woollahra, Australia ";2;107039
" New Market, Virginia ";2;107041
" Créteil, Francia ";2;107043
" Niwot, Colorado ";2;107045
" Burgos, Spagna ";2;107047
" Monroe, North Carolina ";2;107049
" Codroipo, Italia ";2;107051
" Nowy Targ, Polonia ";2;107053
" Little Silver, New Jersey ";2;107055
" Beppu, Giappone ";2;107057
" North Saanich, Canada ";2;107059
" Corlette, Australia ";2;107061
" Cahuita, Costa Rica ";2;107063
" Rethimnon, Grecia ";2;107065
" Järna, Svezia ";2;107067
" Groveland, Massachusetts ";2;107069
" Obfelden, Svizzera ";2;107071
" Ijamsville, Maryland ";2;107073
" St John's, Canada ";2;107075
" Monroe, Connecticut ";2;107077
" Launceston, Australia ";2;107079
" El Granada, California ";2;107081
" Middletown, Delaware ";2;107083
" Luleå, Svezia ";2;107085
" Uckfield, Regno Unito ";2;107087
" Flowood, Mississippi ";2;107089
" Lacey, Washington ";2;107091
" Horsforth, Regno Unito ";2;107093
" Castel San Pietro Terme, Italia ";2;107095
" Hordaland, Norvegia ";2;107097
" Lytton, Australia ";2;107099
" West Nusa Tenggara, Indonesia ";2;107101
" Norderstedt, Germania ";2;107103
" Bayonne, Francia ";2;107105
" Pekin, Illinois ";2;107107
" Lituania ";2;107109
" Brookfield, Wisconsin ";2;107111
" Harderwijk, Paesi Bassi ";2;107113
" Wheathampstead, Regno Unito ";2;107115
" Dolton, Illinois ";2;107117
" Pleasant Hill, Missouri ";2;107119
" Natural Heritage Area Trang, Vietnam ";2;107121
" Dunkirk, Francia ";2;107123
" Portchester, Regno Unito ";2;107125
" Chelsea, Massachusetts ";2;107127
" Clovelly, Australia ";2;107129
" Southington, Connecticut ";2;107131
" Petropavlovsk-Kamchatskiy, Russia ";2;107133
" Douglas, Isola di Man ";2;107135
" Boiling Springs, South Carolina ";2;107137
" Collaroy, Australia ";2;107139
" Wanneroo, Australia ";2;107141
" Lunéville, Francia ";2;107143
" Gex, Francia ";2;107145
" Safford, Arizona ";2;107147
" Meudon, Francia ";2;107149
" Somers, Connecticut ";2;107151
" Saint Pölten, Austria ";2;107153
" Coulsdon, Regno Unito ";2;107155
" Halle, Germania ";2;107157
" Landstuhl, Germania ";2;107159
" Dover, Regno Unito ";2;107161
" Detmold, Germania ";2;107163
" Ivry-sur-Seine, Francia ";2;107165
" Reisterstown, Maryland ";2;107167
" Äänekoski, Finlandia ";2;107169
" Keystone, Colorado ";2;107171
" Paoli, Pennsylvania ";2;107173
" Belrose, Australia ";2;107175
" Villeneuve-d'Ascq, Francia ";2;107177
" Çanakkale, Turchia ";2;107179
" Picnic Point, Australia ";2;107181
" Saint Helier, Jersey ";2;107183
" Drysdale, Australia ";2;107185
" Mossel Bay, Sudafrica ";2;107187
" Crownsville, Maryland ";2;107189
" Berghem, Paesi Bassi ";2;107191
" Morristown, Tennessee ";2;107193
" San Donato Milanese, Italia ";2;107195
" Orting, Washington ";2;107197
" Madison Heights, Michigan ";2;107199
" Louth, Irlanda ";2;107201
" Avon, Connecticut ";2;107203
" Riverbank, California ";2;107205
" Denair, California ";2;107207
" Fort Saskatchewan, Canada ";2;107209
" Camargo, Spagna ";2;107211
" Port Aransas, Texas ";2;107213
" Sri Jayawardenepura Kotte, Sri Lanka ";2;107215
" Setúbal, Portogallo ";2;107217
" Plymouth, Michigan ";2;107219
" Palencia, Spagna ";2;107221
" Opwijk, Belgio ";2;107223
" Kempsey, Regno Unito ";2;107225
" Smiths Falls, Canada ";2;107227
" Lörrach, Germania ";2;107229
" Newark, Ohio ";2;107231
" Cortona, Italia ";2;107233
" Conversano, Italia ";2;107235
" Sursee, Svizzera ";2;107237
" Notting Hill, Australia ";2;107239
" Boulder City, Nevada ";2;107241
" Cesenatico, Italia ";2;107243
" Givatayim, Israele ";2;107245
" Jackson, New Hampshire ";2;107247
" Monroe, Michigan ";2;107249
" Jaca, Spagna ";2;107251
" Rafina, Grecia ";2;107253
" Pecos, New Mexico ";2;107255
" Saint-Sulpice, Svizzera ";2;107257
" Bowling Green, Kentucky ";2;107259
" Wyandotte, Michigan ";2;107261
" Pancevo, Serbia ";2;107263
" Endeavour Hills, Australia ";2;107265
" Grafton, Australia ";2;107267
" Sóller, Spagna ";2;107269
" Sheridan, Oregon ";2;107271
" Tlalnepantla, Messico ";2;107273
" Gilford, New Hampshire ";2;107275
" Farum, ";2;107277
" Pascoe Vale, Australia ";2;107279
" Eastleigh, Regno Unito ";2;107281
" Wythenshawe, Regno Unito ";2;107283
" Nivelles, Belgio ";2;107285
" Seregno, Italia ";2;107287
" Takamatsu, Giappone ";2;107289
" Rensselaerville, New York ";2;107291
" Powell, Tennessee ";2;107293
" Clifton Hill, Australia ";2;107295
" Hopewell Junction, New York ";2;107297
" Kilmarnock, Regno Unito ";2;107299
" Southampton, Pennsylvania ";2;107301
" Woolloongabba, Australia ";2;107303
" Lansing, Illinois ";2;107305
" Randolph, New Jersey ";2;107307
" Anshan, Cina ";2;107309
" Panev?ys, Lituania ";2;107311
" Goshen, Vermont ";2;107313
" Dunsborough, Australia ";2;107315
" Canonsburg, Pennsylvania ";2;107317
" Nipomo, California ";2;107319
" Oldina, Australia ";2;107321
" Clayfield, Australia ";2;107323
" Dorado, Portorico ";2;107325
" Alpine Meadows, California ";2;107327
" Hamilton, Virginia ";2;107329
" Morton, Pennsylvania ";2;107331
" Alessandria, Italia ";2;107333
" Murray Bridge, Australia ";2;107335
" Campbelltown, Australia ";2;107337
" Fredericia, ";2;107339
" Fitchburg, Wisconsin ";2;107341
" Eggenstein-Leopoldshafen, Germania ";2;107343
" Johnstown, Pennsylvania ";2;107345
" Oberrieden, Svizzera ";2;107347
" Richards Bay, Sudafrica ";2;107349
" Colne, Regno Unito ";2;107351
" Blackburn, Regno Unito ";2;107353
" Weyauwega, Wisconsin ";2;107355
" Bedum, Paesi Bassi ";2;107357
" Sydney, Canada ";2;107359
" Xerta, Spagna ";2;107361
" Greenport, New York ";2;107363
" Trumansburg, New York ";2;107365
" La Petite-Pierre, Francia ";2;107367
" Lappeenranta, Finlandia ";2;107369
" Champigny-sur-Marne, Francia ";2;107371
" Plover, Wisconsin ";2;107373
" Massa Lubrense, Italia ";2;107375
" Castor, Canada ";2;107377
" Double Bay, Australia ";2;107379
" Fernvale, Australia ";2;107381
" Raynham, Massachusetts ";2;107383
" Groesbeek, Paesi Bassi ";2;107385
" Sonning Common, Regno Unito ";2;107387
" West Bend, Wisconsin ";2;107389
" Interlochen, Michigan ";2;107391
" Superior, Wisconsin ";2;107393
" Emmerich, Germania ";2;107395
" Asse, Belgio ";2;107397
" Pokhara, Nepal ";2;107399
" Circle Pines, Minnesota ";2;107401
" Babylon, New York ";2;107403
" Canton, North Carolina ";2;107405
" Burlington, Washington ";2;107407
" Johannesburg South, Sudafrica ";2;107409
" Ronda, Spagna ";2;107411
" Ringwood, New Jersey ";2;107413
" Bonbeach, Australia ";2;107415
" Sutton Coldfield, Regno Unito ";2;107417
" Rainham, Regno Unito ";2;107419
" Swedesboro, New Jersey ";2;107421
" Great Ayton, Regno Unito ";2;107423
" Carencro, Louisiana ";2;107425
" Vallauris, Francia ";2;107427
" Ingersoll, Canada ";2;107429
" Olaine, Lettonia ";2;107431
" Eastend, Canada ";2;107433
" Averill Park, New York ";2;107435
" Everton Park, Australia ";2;107437
" Meriden, Connecticut ";2;107439
" Okehampton, Regno Unito ";2;107441
" Gettysburg, Pennsylvania ";2;107443
" Amherst, Wisconsin ";2;107445
" Porter, Texas ";2;107447
" Saint ";2;107449
" Boxford, Massachusetts ";2;107451
" Woonsocket, Rhode Island ";2;107453
" Perkasie, Pennsylvania ";2;107455
" Liederbach am Taunus, Germania ";2;107457
" Rogue River, Oregon ";2;107459
" Bridgend, Regno Unito ";2;107461
" Woodcliff Lake, New Jersey ";2;107463
" Arncliffe, Australia ";2;107465
" Glendale, Wisconsin ";2;107467
" Icking, Germania ";2;107469
" Panajachel, Guatemala ";2;107471
" South Perth, Australia ";2;107473
" Aberfeldie, Australia ";2;107475
" Washington Township, New Jersey ";2;107477
" Pasay, Filippine ";2;107479
" Ranchos de Taos, New Mexico ";2;107481
" Bromsgrove, Regno Unito ";2;107483
" Pierrelatte, Francia ";2;107485
" Bridport, Regno Unito ";2;107487
" Hopkinton, New Hampshire ";2;107489
" Minocqua, Wisconsin ";2;107491
" Haines, Alaska ";2;107493
" Hampden, Maine ";2;107495
" Fairhope, Alabama ";2;107497
" Terlingua, Texas ";2;107499
" Clinton, Mississippi ";2;107501
" Arrowtown, Nuova Zelanda ";2;107503
" Saint-Genis-Pouilly, Francia ";2;107505
" Santa Maria, Capo Verde ";2;107507
" Ingworth, Regno Unito ";2;107509
" Enna, Italia ";2;107511
" Bruneck, Italia ";2;107513
" Tønder, ";2;107515
" Keego Harbor, Michigan ";2;107517
" Avondale Estates, Georgia ";2;107519
" Ellsworth, Maine ";2;107521
" Letchworth Garden City, Regno Unito ";2;107523
" Stourport-on-Severn, Regno Unito ";2;107525
" Farmington, Minnesota ";2;107527
" Sankt Leon-Rot, Germania ";2;107529
" Castres, Francia ";2;107531
" Brighouse, Regno Unito ";2;107533
" Vlissingen, Paesi Bassi ";2;107535
" Gosport, Regno Unito ";2;107537
" Portales, New Mexico ";2;107539
" New Port Richey, Florida ";2;107541
" Jamestown, Colorado ";2;107543
" Fort Lee, Virginia ";2;107545
" East Side, Australia ";2;107547
" Congleton, Regno Unito ";2;107549
" East Haven, Connecticut ";2;107551
" Oak View, California ";2;107553
" Arcueil, Francia ";2;107555
" Sulzberg, Germania ";2;107557
" Lindon, Utah ";2;107559
" Plankstadt, Germania ";2;107561
" Stanwood, Washington ";2;107563
" Royse City, Texas ";2;107565
" Rheinfelden, Svizzera ";2;107567
" South Beach, Florida ";2;107569
" Trnava, Slovacchia ";2;107571
" Plantation, Florida ";2;107573
" Hampton, Connecticut ";2;107575
" San Simeon, California ";2;107577
" Humacao, Portorico ";2;107579
" Big Bear City, California ";2;107581
" Jan Juc, Australia ";2;107583
" Liverpool, New York ";2;107585
" Haberfield, Australia ";2;107587
" Waterbury, Connecticut ";2;107589
" Lacave, Francia ";2;107591
" Thornbury, Regno Unito ";2;107593
" Puntarenas Province, Costa Rica ";2;107595
" Saint-Thibault-des-Vignes, Francia ";2;107597
" Brookfield, Illinois ";2;107599
" Sycamore, Illinois ";2;107601
" Clontarf, Australia ";2;107603
" Wangaratta, Australia ";2;107605
" Clinton, Washington ";2;107607
" Seloncourt, Francia ";2;107609
" Peachtree Corners, Georgia ";2;107611
" Wadhurst, Regno Unito ";2;107613
" Wellington, Colorado ";2;107615
" Severna Park, Maryland ";2;107617
" Gaißach, Germania ";1;107618
" Oostzaan, Paesi Bassi ";1;107619
" Crofton, Nebraska ";1;107620
" Castleton, Vermont ";1;107621
" Piara Waters, Australia ";1;107622
" Mercer, Pennsylvania ";1;107623
" Limeray, Francia ";1;107624
" Burlada, Spagna ";1;107625
" Bullaburra, Australia ";1;107626
" Glengarriff, Irlanda ";1;107627
" Camp Verde, Arizona ";1;107628
" Pilsen, Repubblica Ceca ";1;107629
" Lèves, Francia ";1;107630
" Wamuran, Australia ";1;107631
" Toongabbie, Australia ";1;107632
" Mundaka, Spagna ";1;107633
" Holme, Regno Unito ";1;107634
" Saint-Tropez, Francia ";1;107635
" Dublin, New Hampshire ";1;107636
" Volo, Grecia ";1;107637
" Livingstone Cove, Canada ";1;107638
" Lakebay, Washington ";1;107639
" Delano, Minnesota ";1;107640
" Medanales, New Mexico ";1;107641
" Manorville, New York ";1;107642
" Ruskin, Florida ";1;107643
" Shelby, North Carolina ";1;107644
" Coxen Hole/Roatán, Honduras ";1;107645
" Thürnen, Svizzera ";1;107646
" Reyðarfjörður, Islanda ";1;107647
" Karvina, Repubblica Ceca ";1;107648
" Kilross, Irlanda ";1;107649
" Blue Hill, Maine ";1;107650
" Port Saint Joe, Florida ";1;107651
" Binz, Svizzera ";1;107652
" Marktzeuln, Germania ";1;107653
" Fremont, Nebraska ";1;107654
" Merelbeke, Belgio ";1;107655
" Wylam, Regno Unito ";1;107656
" Santa Paula, California ";1;107657
" Noordwolde, Paesi Bassi ";1;107658
" Zavala, Croazia ";1;107659
" Northwood, Ohio ";1;107660
" Eschenbach, Svizzera ";1;107661
" Glenelg, Regno Unito ";1;107662
" Adell, Wisconsin ";1;107663
" Stuyvesant, New York ";1;107664
" Vesilahti, Finlandia ";1;107665
" Windale, Australia ";1;107666
" Montblanc, Francia ";1;107667
" St. Ansgar, Iowa ";1;107668
" Baltonsborough, Regno Unito ";1;107669
" Hettange-Grande, Francia ";1;107670
" Montesano, Washington ";1;107671
" Bréhal, Francia ";1;107672
" Boiceville, New York ";1;107673
" L'Ametlla del Vallès, Spagna ";1;107674
" Fall City, Washington ";1;107675
" Waimanalo, Hawaii ";1;107676
" Thrakomakedones, Grecia ";1;107677
" Trebeurden, Francia ";1;107678
" Mbabane, Swaziland ";1;107679
" Maragogi, Brasile ";1;107680
" Eulomogo, Australia ";1;107681
" Ancona, Italia ";1;107682
" Hue, Vietnam ";1;107683
" Belt, Montana ";1;107684
" Westmeston, Regno Unito ";1;107685
" Ul'janovsk, Russia ";1;107686
" La Roche-Bernard, Francia ";1;107687
" Westerstede, Germania ";1;107688
" Maardu, Estonia ";1;107689
" Westwego, Louisiana ";1;107690
" Bishop's Castle, Regno Unito ";1;107691
" Tweed Heads West, Australia ";1;107692
" Coloma, Wisconsin ";1;107693
" Penallt, Regno Unito ";1;107694
" Cockwood, Regno Unito ";1;107695
" Vernon, Connecticut ";1;107696
" Savigny, Svizzera ";1;107697
" Sainte-Terre, Francia ";1;107698
" Niederbuchsiten, Svizzera ";1;107699
" Yacolt, Washington ";1;107700
" Bedwas, Regno Unito ";1;107701
" Castelnuovo Rangone, Italia ";1;107702
" Drumnadrochit, Regno Unito ";1;107703
" Durrës, Albania ";1;107704
" Müllheim, Germania ";1;107705
" Prior Velho, Portogallo ";1;107706
" Lanester, Francia ";1;107707
" Budenbach, Germania ";1;107708
" Quattro Torri, Italia ";1;107709
" Chesapeake Beach, Maryland ";1;107710
" Manapouri, Nuova Zelanda ";1;107711
" Follonica, Italia ";1;107712
" Clinton, Tennessee ";1;107713
" Gottmadingen, Germania ";1;107714
" Ekali, Grecia ";1;107715
" Pingtung, Taiwan ";1;107716
" Kemer, Turchia ";1;107717
" Yarnton, Regno Unito ";1;107718
" Santiago de Cuba, Cuba ";1;107719
" Cape Canaveral, Florida ";1;107720
" Okegawa, Giappone ";1;107721
" Vinita, Oklahoma ";1;107722
" Prince Albert, Canada ";1;107723
" Aguaí, Brasile ";1;107724
" Cranleigh, Regno Unito ";1;107725
" Milford, Massachusetts ";1;107726
" Maple Shade Township, New Jersey ";1;107727
" Macedonia, Ohio ";1;107728
" Keyser, West Virginia ";1;107729
" Avoca Beach, Australia ";1;107730
" Marrowstone, Washington ";1;107731
" Cavaillon, Francia ";1;107732
" Seligenstadt, Germania ";1;107733
" San Lazzaro, Italia ";1;107734
" Llantwit Major, Regno Unito ";1;107735
" East Hartford, Connecticut ";1;107736
" Santa María, Cile ";1;107737
" Valley Springs, South ";1;107738
" Turrialba, Costa Rica ";1;107739
" Gossau, Svizzera ";1;107740
" Linkenheim-Hochstetten, Germania ";1;107741
" Coorparoo, Australia ";1;107742
" Groves, Texas ";1;107743
" Seward, Alaska ";1;107744
" Terno D'isola, Italia ";1;107745
" Rishpon, Israele ";1;107746
" Allithwaite, Regno Unito ";1;107747
" Dionysos, Grecia ";1;107748
" Nevatim, Israele ";1;107749
" Bettona, Italia ";1;107750
" Fort Stockton, Texas ";1;107751
" Mocksville, North Carolina ";1;107752
" Montara, California ";1;107753
" Fairview, Texas ";1;107754
" Ringleben, Germania ";1;107755
" Godmanchester, Regno Unito ";1;107756
" Richmond Hill, Georgia ";1;107757
" Mulgoa, Australia ";1;107758
" Aspley, Australia ";1;107759
" Okeechobee, Florida ";1;107760
" South Pambula, Australia ";1;107761
" Ashford, Washington ";1;107762
" Barham, Australia ";1;107763
" Rochelle, Illinois ";1;107764
" San Severo, Italia ";1;107765
" Barano D'ischia, Italia ";1;107766
" Caulfield South, Australia ";1;107767
" Csömör, Ungheria ";1;107768
" Batu Feringghi, Malesia ";1;107769
" Twizel, Nuova Zelanda ";1;107770
" Rock Hall, Maryland ";1;107771
" Pontoise, Francia ";1;107772
" Islington, Regno Unito ";1;107773
" Warrandyte, Australia ";1;107774
" Hubertus, Wisconsin ";1;107775
" Beulah Valley, Colorado ";1;107776
" Jastrz?bie-Zdrój, Polonia ";1;107777
" Freienbach, Svizzera ";1;107778
" Pushkar, India ";1;107779
" Winfield, Illinois ";1;107780
" Slaithwaite, Regno Unito ";1;107781
" South Zeal, Regno Unito ";1;107782
" Clifton, Regno Unito ";1;107783
" Kuurne, Belgio ";1;107784
" Ojanco Nuevo, Cile ";1;107785
" Birkerød, ";1;107786
" Kamieniec, Polonia ";1;107787
" Sámara, Costa Rica ";1;107788
" Brønnøysund, Norvegia ";1;107789
" Molendinar, Australia ";1;107790
" Bradley Beach, New Jersey ";1;107791
" Prebberede, Germania ";1;107792
" Bosch en Duin, Paesi Bassi ";1;107793
" Arbúcies, Spagna ";1;107794
" Houghton, Michigan ";1;107795
" Kumara, Nuova Zelanda ";1;107796
" Macon, Missouri ";1;107797
" Arcachon, Francia ";1;107798
" San Marino ";1;107799
" Nappanee, Indiana ";1;107800
" Deep River, Canada ";1;107801
" Battaglia Terme, Italia ";1;107802
" Letovice, Repubblica Ceca ";1;107803
" Kinnelon, New Jersey ";1;107804
" Majors Creek, Australia ";1;107805
" Plant City, Florida ";1;107806
" Cittadella, Italia ";1;107807
" Talmont-Saint-Hilaire, Francia ";1;107808
" Koror, Palau ";1;107809
" Choeng Thale, Tailandia ";1;107810
" Brighton East, Australia ";1;107811
" Wallis, Svizzera ";1;107812
" Bryn Mawr-Skyway, Washington ";1;107813
" Toronto, Regno Unito ";1;107814
" Nassau, New York ";1;107815
" Guipavas, Francia ";1;107816
" Steißlingen, Germania ";1;107817
" Porthleven, Regno Unito ";1;107818
" Osage, Minnesota ";1;107819
" Arabia Saudita ";1;107820
" Kaluga, Russia ";1;107821
" Bühl, Germania ";1;107822
" Lewisburg, West Virginia ";1;107823
" Caterham, Regno Unito ";1;107824
" Bois d'Arcy, Francia ";1;107825
" Independence, Kansas ";1;107826
" Vadodara, India ";1;107827
" Deming, Washington ";1;107828
" Wieselburg, Austria ";1;107829
" Krom??í, Repubblica Ceca ";1;107830
" Llers, Spagna ";1;107831
" Herm, Francia ";1;107832
" Villaco, Austria ";1;107833
" Saint-Sauveur, Francia ";1;107834
" Gorizia, Italia ";1;107835
" Swannanoa, North Carolina ";1;107836
" Beuvry-la-Forêt, Francia ";1;107837
" Invermere, Canada ";1;107838
" Mungrisdale, Regno Unito ";1;107839
" Carole Park, Australia ";1;107840
" Mansfield, Australia ";1;107841
" Jackson, Wisconsin ";1;107842
" Santa Fe, Argentina ";1;107843
" Mount Cobb, Pennsylvania ";1;107844
" Park Hills, Missouri ";1;107845
" Großefehn, Germania ";1;107846
" DeBary, Florida ";1;107847
" Canyon Lake, Texas ";1;107848
" Ollantaytambo, Perù ";1;107849
" Gold Beach, Oregon ";1;107850
" Lognes, Francia ";1;107851
" La Vista, Nebraska ";1;107852
" Kempton, Pennsylvania ";1;107853
" Adliswil, Svizzera ";1;107854
" Khmelnytskyi, Ucraina ";1;107855
" Ostfildern, Germania ";1;107856
" Gerzensee, Svizzera ";1;107857
" Milton, Regno Unito ";1;107858
" Reichenbach, Germania ";1;107859
" Victor, New York ";1;107860
" Masaka, Uganda ";1;107861
" Stillman Valley, Illinois ";1;107862
" Risskov, ";1;107863
" Budock Water, Regno Unito ";1;107864
" Quartz Hill, California ";1;107865
" Shisui, Giappone ";1;107866
" Owasso, Oklahoma ";1;107867
" Criciúma, Brasile ";1;107868
" Truro, Canada ";1;107869
" Lac la Biche, Canada ";1;107870
" Saluzzo, Italia ";1;107871
" Armadale, Regno Unito ";1;107872
" Saint Andrews, Australia ";1;107873
" Christina Lake, Canada ";1;107874
" Uppermill, Regno Unito ";1;107875
" Loveston, Regno Unito ";1;107876
" Tecklenburg, Germania ";1;107877
" Barton Seagrave, Regno Unito ";1;107878
" Pully, Svizzera ";1;107879
" Waleska, Georgia ";1;107880
" Hefei, Cina ";1;107881
" Grimsby, Regno Unito ";1;107882
" Creston, Canada ";1;107883
" Kodiak, Alaska ";1;107884
" Hovås, Svezia ";1;107885
" Smithfield, Irlanda ";1;107886
" Hartwell, Georgia ";1;107887
" McDonald, Pennsylvania ";1;107888
" Notre-";1;107889
" Katikati, Nuova Zelanda ";1;107890
" Châteaurenard, Francia ";1;107891
" Cologna, Italia ";1;107892
" Officer, Australia ";1;107893
" Stockton, New Jersey ";1;107894
" Valmontone, Italia ";1;107895
" Lake Cavanaugh, Washington ";1;107896
" South ";1;107897
" Pleasantville, Ohio ";1;107898
" Contea di Harghita, Romania ";1;107899
" Sassuolo, Italia ";1;107900
" Antiparos, Grecia ";1;107901
" Salunga-Landisville, Pennsylvania ";1;107902
" Fritzens, Austria ";1;107903
" Musselburgh, Regno Unito ";1;107904
" Clyst Saint Lawrence, Regno Unito ";1;107905
" Magnolia, Delaware ";1;107906
" Bolsena, Italia ";1;107907
" Bang Muang, Tailandia ";1;107908
" San Francisco, Messico ";1;107909
" Montpelier, Virginia ";1;107910
" Fairfield, New Jersey ";1;107911
" Paquera, Costa Rica ";1;107912
" Foinikas, Grecia ";1;107913
" Ramsen, Germania ";1;107914
" Charmouth, Regno Unito ";1;107915
" Monterotondo, Italia ";1;107916
" Beacon Falls, Connecticut ";1;107917
" Scituate, Rhode Island ";1;107918
" Lihue, Hawaii ";1;107919
" Iron River, Michigan ";1;107920
" Glattfelden, Svizzera ";1;107921
" Axminster, Regno Unito ";1;107922
" Bottrop, Germania ";1;107923
" Saint-Louis, Francia ";1;107924
" Weston, Ohio ";1;107925
" Sukhothai, Tailandia ";1;107926
" Yorkeys Knob, Australia ";1;107927
" Saint-Avé, Francia ";1;107928
" Northfield, New Jersey ";1;107929
" Commerce, California ";1;107930
" Panacea, Florida ";1;107931
" North Platte, Nebraska ";1;107932
" Le Lamentin, Martinica ";1;107933
" Kloetinge, Paesi Bassi ";1;107934
" Figtree, Australia ";1;107935
" Vernazza, Italia ";1;107936
" Serpa, Portogallo ";1;107937
" Jersbek, Germania ";1;107938
" Runaway Bay, Giamaica ";1;107939
" Penryn, California ";1;107940
" Ennis, Texas ";1;107941
" Léglise, Belgio ";1;107942
" Chester, California ";1;107943
" Kriens, Svizzera ";1;107944
" Ibiúna, Brasile ";1;107945
" Fulton, Maryland ";1;107946
" North Olmsted, Ohio ";1;107947
" Juanico, Uruguay ";1;107948
" Cape Schanck, Australia ";1;107949
" Salaspils, Lettonia ";1;107950
" Coldwater, Michigan ";1;107951
" Hampton Falls, New Hampshire ";1;107952
" Emsworth, Regno Unito ";1;107953
" Hamilton, New York ";1;107954
" Burghfield Common, Regno Unito ";1;107955
" Bentleigh, Australia ";1;107956
" Ishøj, ";1;107957
" Forest, Belgio ";1;107958
" Punat, Croazia ";1;107959
" Gwangyang-si, Corea del Sud ";1;107960
" Borgetto, Italia ";1;107961
" Lakefield, Canada ";1;107962
" Vineland, New Jersey ";1;107963
" Kafr Qara, Israele ";1;107964
" Poria Illit, Israele ";1;107965
" Chigwell, Regno Unito ";1;107966
" Foxborough, Massachusetts ";1;107967
" Batumi, Georgia ";1;107968
" Jeufosse, Francia ";1;107969
" White Deer, Texas ";1;107970
" Newmarket, Regno Unito ";1;107971
" Weißenhorn, Germania ";1;107972
" Preble, New York ";1;107973
" Montgomeryville, Pennsylvania ";1;107974
" Keynsham, Regno Unito ";1;107975
" Medway, Massachusetts ";1;107976
" Uzès, Francia ";1;107977
" Coslada, Spagna ";1;107978
" Mansfield, Illinois ";1;107979
" Mormugao, India ";1;107980
" Laruns, Francia ";1;107981
" Brenzone sul Garda, Italia ";1;107982
" Spalt, Germania ";1;107983
" Kerwood, Canada ";1;107984
" Sant Adrià de Besòs, Spagna ";1;107985
" Ulricehamn, Svezia ";1;107986
" Halikko, Finlandia ";1;107987
" Haiming, Austria ";1;107988
" Montauroux, Francia ";1;107989
" Novi Ligure, Italia ";1;107990
" Guymon, Oklahoma ";1;107991
" Kon Tum, Vietnam ";1;107992
" Pound Ridge, New York ";1;107993
" Cruzville, New Mexico ";1;107994
" Nigrán, Spagna ";1;107995
" Newfane, New York ";1;107996
" Inchinnan, Regno Unito ";1;107997
" Halliday, North ";1;107998
" Premantura, Croazia ";1;107999
" Castellammare del Golfo, Italia ";1;108000
" Nouakchott, Mauritania ";1;108001
" Arlington, Vermont ";1;108002
" Huizhou, Cina ";1;108003
" Fincastle, Virginia ";1;108004
" Tepoztlán, Messico ";1;108005
" Katwijk, Paesi Bassi ";1;108006
" Edensor Park, Australia ";1;108007
" Highland, Indiana ";1;108008
" Værløse, ";1;108009
" Raymond, California ";1;108010
" Harwinton, Connecticut ";1;108011
" Bassenheim, Germania ";1;108012
" Nowe Gulczewo, Polonia ";1;108013
" Murrayville, Georgia ";1;108014
" Lake Bluff, Illinois ";1;108015
" Lincoln University, Pennsylvania ";1;108016
" Fiumefreddo Sicilia, Italia ";1;108017
" Ainsworth Hot Springs, Canada ";1;108018
" Pitman, New Jersey ";1;108019
" Croston, Regno Unito ";1;108020
" Mount Pleasant, Iowa ";1;108021
" Voivodato della Bassa Slesia, Polonia ";1;108022
" Saint-Mandé, Francia ";1;108023
" Vialonga, Portogallo ";1;108024
" Speicher, Svizzera ";1;108025
" Saint-Chinian, Francia ";1;108026
" Laupheim, Germania ";1;108027
" Hartfield, Regno Unito ";1;108028
" Beach City, Texas ";1;108029
" Rosburg, Washington ";1;108030
" Erftstadt, Germania ";1;108031
" Trofa, Portogallo ";1;108032
" Chipstead, Regno Unito ";1;108033
" Caggi, Italia ";1;108034
" Oberhausen-Rheinhausen, Germania ";1;108035
" Meyssac, Francia ";1;108036
" Belmar, New Jersey ";1;108037
" Laren, Paesi Bassi ";1;108038
" Pailton, Regno Unito ";1;108039
" Barsbüttel, Germania ";1;108040
" Roscoff, Francia ";1;108041
" Rochdale, Regno Unito ";1;108042
" Ilion, Grecia ";1;108043
" Swanbourne, Australia ";1;108044
" Briarcliff Manor, New York ";1;108045
" Stony Point, New York ";1;108046
" Gladwyne, Pennsylvania ";1;108047
" Wyoming, Stati Uniti ";1;108048
" Strahan, Australia ";1;108049
" Morecambe, Regno Unito ";1;108050
" Rutesheim, Germania ";1;108051
" Emersacker, Germania ";1;108052
" Sanger, Texas ";1;108053
" Saint Georges Basin, Australia ";1;108054
" Bischofszell, Svizzera ";1;108055
" Dunabogdány, Ungheria ";1;108056
" Oberderdingen, Germania ";1;108057
" Marienheide, Germania ";1;108058
" East Longmeadow, Massachusetts ";1;108059
" Corinne, Utah ";1;108060
" Hanford, California ";1;108061
" Spanish Town, Isole Vergini Britanniche ";1;108062
" Sülzetal, Germania ";1;108063
" Somersworth, New Hampshire ";1;108064
" Riverwood, Australia ";1;108065
" Wildwood, Missouri ";1;108066
" Winston Salem, North Carolina ";1;108067
" Vanduvres, Svizzera ";1;108068
" Jørpeland, Norvegia ";1;108069
" Pécs, Ungheria ";1;108070
" Bundaberg, Australia ";1;108071
" Ermoupoli, Grecia ";1;108072
" L'Estartit, Spagna ";1;108073
" Addison, Texas ";1;108074
" Belcamp, Maryland ";1;108075
" Black River Falls, Wisconsin ";1;108076
" Peja ";1;108077
" Satu Mare, Romania ";1;108078
" Gelendzhik, Russia ";1;108079
" Fivehead, Regno Unito ";1;108080
" Woodvale, Australia ";1;108081
" Mazarrón, Spagna ";1;108082
" Mount Carmel, Tennessee ";1;108083
" Kilimanjaro, Tanzania ";1;108084
" Port Orchard, Washington ";1;108085
" West Moors, Regno Unito ";1;108086
" San Juan Teotihuacán, Messico ";1;108087
" Swanscombe, Regno Unito ";1;108088
" Crevalcore, Italia ";1;108089
" North Myrtle Beach, South Carolina ";1;108090
" Roann, Indiana ";1;108091
" Bethesda, Regno Unito ";1;108092
" Gilbertsville, New York ";1;108093
" Falkenberg, Svezia ";1;108094
" Whitsundays, Australia ";1;108095
" Delano, California ";1;108096
" Westhill, Regno Unito ";1;108097
" Aloha, Oregon ";1;108098
" Auzielle, Francia ";1;108099
" Cromwell, Kentucky ";1;108100
" Karlovac, Croazia ";1;108101
" Box Hill North, Australia ";1;108102
" Warrenton, Oregon ";1;108103
" Patterson Lakes, Australia ";1;108104
" Barboursville, Virginia ";1;108105
" Goathland, Regno Unito ";1;108106
" St Huberts Island, Australia ";1;108107
" Lake George, New York ";1;108108
" Los Alcázares, Spagna ";1;108109
" Anantapur, India ";1;108110
" Lake Tabourie, Australia ";1;108111
" Stjordal, Norvegia ";1;108112
" Coppull, Regno Unito ";1;108113
" Newportville, Pennsylvania ";1;108114
" Gladbeck, Germania ";1;108115
" Gütenbach, Germania ";1;108116
" Rajec, Slovacchia ";1;108117
" Curno, Italia ";1;108118
" Maricopa, Arizona ";1;108119
" Monterrey, Colombia ";1;108120
" Cornish, New Hampshire ";1;108121
" Hann. Münden, Germania ";1;108122
" Beckett Ridge, Ohio ";1;108123
" Whitby, Regno Unito ";1;108124
" Gala?i, Romania ";1;108125
" Saint-Nicolas-du-Pélem, Francia ";1;108126
" Mödling, Austria ";1;108127
" Tallaght, Irlanda ";1;108128
" Sans Souci, Australia ";1;108129
" Beringen, Belgio ";1;108130
" Walcourt, Belgio ";1;108131
" Lacroix-Barrez, Francia ";1;108132
" O'Connor, Australia ";1;108133
" Sowerby Bridge, Regno Unito ";1;108134
" Farmers Branch, Texas ";1;108135
" North Nowra, Australia ";1;108136
" Lohne, Germania ";1;108137
" Del Rey, California ";1;108138
" Park Rapids, Minnesota ";1;108139
" Solms, Germania ";1;108140
" Rapallo, Italia ";1;108141
" Green Valley, Canada ";1;108142
" Maxville, Montana ";1;108143
" Etna, California ";1;108144
" San Sebastian de los Reyes, Spagna ";1;108145
" Jaisalmer, India ";1;108146
" Cottesmore, Regno Unito ";1;108147
" Garden City, Michigan ";1;108148
" Waterloo, New York ";1;108149
" Templeton, Massachusetts ";1;108150
" Frilsham, Regno Unito ";1;108151
" Arendal, Norvegia ";1;108152
" Haven, Kansas ";1;108153
" Tombstone, Arizona ";1;108154
" Harrison, Australia ";1;108155
" Tiverton, Rhode Island ";1;108156
" Kelkheim, Germania ";1;108157
" Cuxhaven, Germania ";1;108158
" Higashinada Ward, Giappone ";1;108159
" Vémars, Francia ";1;108160
" Cannara, Italia ";1;108161
" Vinci, Italia ";1;108162
" North Hero, Vermont ";1;108163
" Somerton, Regno Unito ";1;108164
" Prestwick, Regno Unito ";1;108165
" Honey Brook, Pennsylvania ";1;108166
" New Tripoli, Pennsylvania ";1;108167
" Würselen, Germania ";1;108168
" Coulee City, Washington ";1;108169
" Manger, Norvegia ";1;108170
" Playas de Vera, Spagna ";1;108171
" Killen, Alabama ";1;108172
" Genesee, Wisconsin ";1;108173
" Oak Park, Michigan ";1;108174
" Olgiate Molgora, Italia ";1;108175
" Herford, Germania ";1;108176
" Saint Julian's, Malta ";1;108177
" Schülp bei Nortorf, Germania ";1;108178
" Cabot, Arkansas ";1;108179
" Maysville, Kentucky ";1;108180
" Rottweil, Germania ";1;108181
" Royersford, Pennsylvania ";1;108182
" Beja, Portogallo ";1;108183
" Ellsworth, Michigan ";1;108184
" Duirinish, Regno Unito ";1;108185
" Sanford, Florida ";1;108186
" Schomberg, Canada ";1;108187
" Weinfelden, Svizzera ";1;108188
" Kaunas County, Lituania ";1;108189
" San Rafael, Argentina ";1;108190
" Rosneath, Regno Unito ";1;108191
" Colbert, Georgia ";1;108192
" Cooroy, Australia ";1;108193
" Camarate, Portogallo ";1;108194
" Lower Morton, Regno Unito ";1;108195
" Ismaning, Germania ";1;108196
" Coldwater, Ohio ";1;108197
" Soissons, Francia ";1;108198
" La Baule, Francia ";1;108199
" Slaggyford, Regno Unito ";1;108200
" Oryol, Russia ";1;108201
" Gwithian, Regno Unito ";1;108202
" Krimpen aan den IJssel, Paesi Bassi ";1;108203
" Belfast, Maine ";1;108204
" Augusta, Maine ";1;108205
" Scafati, Italia ";1;108206
" West Harrison, Indiana ";1;108207
" Georgetown Township, Michigan ";1;108208
" Saalfeld, Germania ";1;108209
" Kilkee, Irlanda ";1;108210
" Guadalupe, California ";1;108211
" Seyssins, Francia ";1;108212
" Waimate, Nuova Zelanda ";1;108213
" Fort Mitchell, Kentucky ";1;108214
" Baarle-Hertog, Belgio ";1;108215
" Sedalia, North Carolina ";1;108216
" Hohenstein-Ernstthal, Germania ";1;108217
" Collinsville, Illinois ";1;108218
" Walker, Louisiana ";1;108219
" Ahrensburg, Germania ";1;108220
" Franklin, North Carolina ";1;108221
" Easington, Regno Unito ";1;108222
" Tama Ward, Giappone ";1;108223
" Nitra, Slovacchia ";1;108224
" Moscow Mills, Missouri ";1;108225
" Drouwen, Paesi Bassi ";1;108226
" Lexington, Virginia ";1;108227
" Lake View, New York ";1;108228
" Watlington, Regno Unito ";1;108229
" Avon, Francia ";1;108230
" Muirhead, Australia ";1;108231
" Macquarie, Australia ";1;108232
" Auburn, Illinois ";1;108233
" Wombarra, Australia ";1;108234
" Castle Pines, Colorado ";1;108235
" Muriwai, Nuova Zelanda ";1;108236
" Branson, Missouri ";1;108237
" Gavi, Italia ";1;108238
" Heckmondwike, Regno Unito ";1;108239
" Anglesea, Australia ";1;108240
" North Branch, Minnesota ";1;108241
" Kintnersville, Pennsylvania ";1;108242
" Nettleham, Regno Unito ";1;108243
" Entebbe, Uganda ";1;108244
" Anguilla ";1;108245
" Lacey Township, New Jersey ";1;108246
" Littleton, New Hampshire ";1;108247
" Jüchen, Germania ";1;108248
" Port Shepstone, Sudafrica ";1;108249
" Bornova, Turchia ";1;108250
" Shannon, Canada ";1;108251
" Giacarta centrale, Indonesia ";1;108252
" Hoeselt, Belgio ";1;108253
" Tilton, New Hampshire ";1;108254
" Moosic, Pennsylvania ";1;108255
" Kappel am Albis, Svizzera ";1;108256
" Bottesford, Regno Unito ";1;108257
" Dutton, Virginia ";1;108258
" Thornford, Regno Unito ";1;108259
" marje-Sap, Slovenia ";1;108260
" Bernville, Pennsylvania ";1;108261
" Camogli, Italia ";1;108262
" Alsip, Illinois ";1;108263
" Hartford, Wisconsin ";1;108264
" Westfir, Oregon ";1;108265
" Llawryglyn, Regno Unito ";1;108266
" Cullen, Regno Unito ";1;108267
" Hixson, Tennessee ";1;108268
" Épalinges, Svizzera ";1;108269
" Askam-in-Furness, Regno Unito ";1;108270
" Beaver Island, Michigan ";1;108271
" Las Piñas City, Filippine ";1;108272
" Wenzhou, Cina ";1;108273
" Yangquan, Cina ";1;108274
" Stradbally, Irlanda ";1;108275
" Rheinau, Germania ";1;108276
" Fernie, Canada ";1;108277
" Perryville, Maryland ";1;108278
" Temerloh, Malesia ";1;108279
" Elk River, Minnesota ";1;108280
" Bad Wiessee, Germania ";1;108281
" Borgomanero, Italia ";1;108282
" Pearl City, Hawaii ";1;108283
" Lake City, Minnesota ";1;108284
" Saugatuck, Michigan ";1;108285
" Warner Robins, Georgia ";1;108286
" Wenonah, New Jersey ";1;108287
" Ronse, Belgio ";1;108288
" Machias, Maine ";1;108289
" Grand Marais, Minnesota ";1;108290
" Neuville-sur-Oise, Francia ";1;108291
" Schererville, Indiana ";1;108292
" Gilbertsville, Pennsylvania ";1;108293
" Southampton, Bermuda ";1;108294
" Figueres, Spagna ";1;108295
" Blind Bay, Canada ";1;108296
" Die, Francia ";1;108297
" Angelus Oaks, California ";1;108298
" Angeles, Filippine ";1;108299
" Abtswind, Germania ";1;108300
" Lake Wales, Florida ";1;108301
" Mansfield Woodhouse, Regno Unito ";1;108302
" Ely, Iowa ";1;108303
" Valthermond, Paesi Bassi ";1;108304
" Stein, Paesi Bassi ";1;108305
" Vila Velha, Brasile ";1;108306
" Tabanan, Indonesia ";1;108307
" Leavenworth, Kansas ";1;108308
" Eberbach, Germania ";1;108309
" Española, New Mexico ";1;108310
" Chimacum, Washington ";1;108311
" Saint Lucia ";1;108312
" Corfe Castle, Regno Unito ";1;108313
" Rozenburg, Paesi Bassi ";1;108314
" Chiswick, Australia ";1;108315
" Saint John's Town of ";1;108316
" Mountainside, New Jersey ";1;108317
" Hatfields Beach, Nuova Zelanda ";1;108318
" Yanchep, Australia ";1;108319
" Boyne Island, Australia ";1;108320
" Strabane, Regno Unito ";1;108321
" Floyd, Virginia ";1;108322
" Rivière-Héva, Canada ";1;108323
" Rye Harbour, Regno Unito ";1;108324
" Moore, South Carolina ";1;108325
" Happisburgh, Regno Unito ";1;108326
" Raelingen, Norvegia ";1;108327
" Portland, Australia ";1;108328
" Bernalillo, New Mexico ";1;108329
" Cle Elum, Washington ";1;108330
" Wyckoff, New Jersey ";1;108331
" Shepherds Flat, Australia ";1;108332
" Little Falls, New York ";1;108333
" Lovettsville, Virginia ";1;108334
" Bollendorf, Germania ";1;108335
" La Sal, Utah ";1;108336
" Eysines, Francia ";1;108337
" Visakhapatnam, India ";1;108338
" Italy, New York ";1;108339
" Evropouli, Grecia ";1;108340
" Barrington, Regno Unito ";1;108341
" Royton, Regno Unito ";1;108342
" Howard, Ohio ";1;108343
" Sonnenbühl, Germania ";1;108344
" Maroochy River, Australia ";1;108345
" Kevelaer, Germania ";1;108346
" Pyeongchang-gun, Corea del Sud ";1;108347
" Brugherio, Italia ";1;108348
" Mineral City, Ohio ";1;108349
" Myoko, Giappone ";1;108350
" Saint-Symphorien-d'Ozon, Francia ";1;108351
" Saint Simons, Georgia ";1;108352
" Whitby, Isole Turks e Caicos ";1;108353
" Willington, Connecticut ";1;108354
" Snowmass Village, Colorado ";1;108355
" Cherkassy, Ucraina ";1;108356
" Birsfelden, Svizzera ";1;108357
" Wyatts Green, Regno Unito ";1;108358
" Öreryd, Svezia ";1;108359
" Morgan City, Louisiana ";1;108360
" Königstein im Taunus, Germania ";1;108361
" Rockville, Utah ";1;108362
" High Ridge, Missouri ";1;108363
" Pawling, New York ";1;108364
" Thiene, Italia ";1;108365
" Settsu, Giappone ";1;108366
" Polignano a Mare, Italia ";1;108367
" Platina, California ";1;108368
" St Helens, Regno Unito ";1;108369
" Arnestown, Irlanda ";1;108370
" Unteregg, Germania ";1;108371
" Milano, Michigan ";1;108372
" Fataga, Spagna ";1;108373
" Luanda, Angola ";1;108374
" Nokomis, Florida ";1;108375
" Made, Paesi Bassi ";1;108376
" Cénac-et-Saint-Julien, Francia ";1;108377
" Franklinford, Australia ";1;108378
" Bessbrook, Regno Unito ";1;108379
" Niton, Regno Unito ";1;108380
" Minooka, Illinois ";1;108381
" Weir, Mississippi ";1;108382
" Three Hills, Canada ";1;108383
" Skelton-in-Cleveland, Regno Unito ";1;108384
" Valencia de Don Juan, Spagna ";1;108385
" Brive-la-Gaillarde, Francia ";1;108386
" Byfleet, Regno Unito ";1;108387
" Sidney, Ohio ";1;108388
" Balestrate, Italia ";1;108389
" Capolona, Italia ";1;108390
" Troutdale, Oregon ";1;108391
" Yarrawonga, Australia ";1;108392
" Chatteris, Regno Unito ";1;108393
" Oak Grove, Kentucky ";1;108394
" Dyer, Indiana ";1;108395
" Kri, Slovenia ";1;108396
" Le Châtelet-en-Brie, Francia ";1;108397
" Haan, Germania ";1;108398
" Roydon, Regno Unito ";1;108399
" Lechlade-on-Thames, Regno Unito ";1;108400
" Livingstone, Zambia ";1;108401
" Germantown, Wisconsin ";1;108402
" Seminole, Texas ";1;108403
" Smardzów, Polonia ";1;108404
" Luhansk, Ucraina ";1;108405
" Sparta, Wisconsin ";1;108406
" Heerenveen, Paesi Bassi ";1;108407
" Pineda de Mar, Spagna ";1;108408
" Regenstauf, Germania ";1;108409
" Woombye, Australia ";1;108410
" Pequea, Pennsylvania ";1;108411
" Big Valley, Canada ";1;108412
" Cornellà de Llobregat, Spagna ";1;108413
" Sulzfeld, Rhön-Grabfeld, Germania ";1;108414
" Camden, Delaware ";1;108415
" Mermaid Waters, Australia ";1;108416
" Bern, Svizzera ";1;108417
" Tunkhannock, Pennsylvania ";1;108418
" Collingham, Regno Unito ";1;108419
" Zenica, Bosnia Erzegovina ";1;108420
" Hannibal, Missouri ";1;108421
" Bolivar, Missouri ";1;108422
" Montreal, Missouri ";1;108423
" Tanawha, Australia ";1;108424
" Fourqueux, Francia ";1;108425
" Pongwe, Tanzania ";1;108426
" Marshfield, Regno Unito ";1;108427
" Boardman, Ohio ";1;108428
" Cantley, Canada ";1;108429
" Consecon, Canada ";1;108430
" Sologny, Francia ";1;108431
" Kane, Pennsylvania ";1;108432
" Le Claire, Iowa ";1;108433
" Nuovo Brunswick, Canada ";1;108434
" Idmiston, Regno Unito ";1;108435
" Nogales, Arizona ";1;108436
" Thaxted, Regno Unito ";1;108437
" Saint Francis, Wisconsin ";1;108438
" Leakey, Texas ";1;108439
" Sorø, ";1;108440
" Biot, Francia ";1;108441
" San Bartolomeo ";1;108442
" Icheon-si, Corea del Sud ";1;108443
" Kapalua, Hawaii ";1;108444
" Murdunna, Australia ";1;108445
" Concordia, Missouri ";1;108446
" Rzeszow, Polonia ";1;108447
" Grantown-on-Spey, Regno Unito ";1;108448
" Garbsen, Germania ";1;108449
" Puerto Ayora, Ecuador ";1;108450
" Alexandria, Egitto ";1;108451
" Swan Valley, Idaho ";1;108452
" Pella, Grecia ";1;108453
" Plitvi?ka Jezera, Croazia ";1;108454
" South Nutfield, Regno Unito ";1;108455
" Langerwehe, Germania ";1;108456
" Hammonds Plains, Canada ";1;108457
" Santa Elena, Costa Rica ";1;108458
" Salmiya, Kuwait ";1;108459
" General Trias, Filippine ";1;108460
" San Giuliano Milanese, Italia ";1;108461
" Heddington, Regno Unito ";1;108462
" Sarlhusen, Germania ";1;108463
" Vineyard, Utah ";1;108464
" Ma'alot-Tarshiha, Israele ";1;108465
" Burriana, Spagna ";1;108466
" Fleury-les-Aubrais, Francia ";1;108467
" Litchfield, Minnesota ";1;108468
" Matemwe, Tanzania ";1;108469
" Yodfat, Israele ";1;108470
" Leinsweiler, Germania ";1;108471
" Eastern Cape, Sudafrica ";1;108472
" Calabogie, Canada ";1;108473
" Hjorring, ";1;108474
" Binningen, Svizzera ";1;108475
" Wai?anae, Hawaii ";1;108476
" Ashley, Ohio ";1;108477
" Holywood, Regno Unito ";1;108478
" Penn Wynne, Pennsylvania ";1;108479
" Lodi, New York ";1;108480
" Parap, Australia ";1;108481
" Orland, California ";1;108482
" West Columbia, South Carolina ";1;108483
" Isole Vergini Americane ";1;108484
" Bavilliers, Francia ";1;108485
" Ballycarry, Regno Unito ";1;108486
" Ifold, Regno Unito ";1;108487
" Melle, Germania ";1;108488
" Imtarfa, Malta ";1;108489
" Chewton, Australia ";1;108490
" Jim Thorpe, Pennsylvania ";1;108491
" Whithorn, Regno Unito ";1;108492
" Forest Falls, California ";1;108493
" Brühl, Germania ";1;108494
" Gladsaxe, ";1;108495
" La Croisille-sur-Briance, Francia ";1;108496
" Weihai, Cina ";1;108497
" Bibra Lake, Australia ";1;108498
" Burton upon Trent, Regno Unito ";1;108499
" Crest, Francia ";1;108500
" Casco, Maine ";1;108501
" Plainsboro Township, New Jersey ";1;108502
" Whitefish, Montana ";1;108503
" Goole, Regno Unito ";1;108504
" Hubbard, Ohio ";1;108505
" Richhill, Regno Unito ";1;108506
" Klein-Neusiedl, Austria ";1;108507
" Bergen op Zoom, Paesi Bassi ";1;108508
" Fort-de-France, Martinica ";1;108509
" Robbinsdale, Minnesota ";1;108510
" Moranbah, Australia ";1;108511
" Johnson City, New York ";1;108512
" Chanhassen, Minnesota ";1;108513
" Sherwood, Arkansas ";1;108514
" Carate Urio, Italia ";1;108515
" Zalaegerszeg, Ungheria ";1;108516
" Hadley, Massachusetts ";1;108517
" Riverdale Park, Maryland ";1;108518
" Arroio do Meio, Brasile ";1;108519
" Dunkeld, Australia ";1;108520
" Menzies Creek, Australia ";1;108521
" Wolseley, Sudafrica ";1;108522
" Tulln, Austria ";1;108523
" Whitelaw, Wisconsin ";1;108524
" Braidwood, Australia ";1;108525
" London, Kentucky ";1;108526
" Campos, Brasile ";1;108527
" Hénin-Beaumont, Francia ";1;108528
" Sasebo, Giappone ";1;108529
" Wolcott, New York ";1;108530
" Attleboro, Massachusetts ";1;108531
" Gimli, Canada ";1;108532
" Speldhurst, Regno Unito ";1;108533
" Edgecliff, Australia ";1;108534
" Elburn, Illinois ";1;108535
" Wedemark, Germania ";1;108536
" Zuilen, Paesi Bassi ";1;108537
" Rollinsford, New Hampshire ";1;108538
" Playa Hermosa, Costa Rica ";1;108539
" Leimen, Germania ";1;108540
" Narvik, Norvegia ";1;108541
" Seaview, Washington ";1;108542
" Bahamas ";1;108543
" Biddeford, Maine ";1;108544
" Caerleon, Regno Unito ";1;108545
" Germantown Hills, Illinois ";1;108546
" Browns Wood, Regno Unito ";1;108547
" Mount Vernon, Texas ";1;108548
" Montepulciano, Italia ";1;108549
" Wakamatsu Ward, Giappone ";1;108550
" Cameron, North Carolina ";1;108551
" Hammond, Wisconsin ";1;108552
" Pulaski, Wisconsin ";1;108553
" Fremont, Michigan ";1;108554
" Green Cove Springs, Florida ";1;108555
" San Pantaleo, Italia ";1;108556
" Distretto Federale, Brasile ";1;108557
" Loxley, Regno Unito ";1;108558
" Hadleigh, Regno Unito ";1;108559
" New Marlborough, Massachusetts ";1;108560
" Aguas Calientes, Perù ";1;108561
" Lyme, Connecticut ";1;108562
" Louin, Mississippi ";1;108563
" West Point, Utah ";1;108564
" Ciudad Jardín Lomas de Palomar, Argentina ";1;108565
" Waldems, Germania ";1;108566
" Manchester, Michigan ";1;108567
" Marchena, Spagna ";1;108568
" Port-of-Spain, Trinidad e Tobago ";1;108569
" Shepshed, Regno Unito ";1;108570
" Itu, Brasile ";1;108571
" Bleiswijk, Paesi Bassi ";1;108572
" Quincy, Illinois ";1;108573
" Raphine, Virginia ";1;108574
" Azusa, California ";1;108575
" Dipartimento di Rivas, Nicaragua ";1;108576
" Ponsacco, Italia ";1;108577
" Roquebrune-sur-Argens, Francia ";1;108578
" Pougny, Francia ";1;108579
" Tavernier, Florida ";1;108580
" Rawang, Malesia ";1;108581
" Ghiffa, Italia ";1;108582
" Hawley Beach, Australia ";1;108583
" Uffelte, Paesi Bassi ";1;108584
" Candes-Saint-Martin, Francia ";1;108585
" Byblos, Libano ";1;108586
" Little Horwood, Regno Unito ";1;108587
" Platja d'Aro, Spagna ";1;108588
" Mount Holly, North Carolina ";1;108589
" Belleville, Wisconsin ";1;108590
" Wigston, Regno Unito ";1;108591
" Oosterend, Paesi Bassi ";1;108592
" P?íbram, Repubblica Ceca ";1;108593
" Lawton, Oklahoma ";1;108594
" Wolcott, Connecticut ";1;108595
" Graham, Washington ";1;108596
" Gelterkinden, Svizzera ";1;108597
" Glenridding, Regno Unito ";1;108598
" Searsport, Maine ";1;108599
" Clayton, Georgia ";1;108600
" Saint-Cyr-sur-Loire, Francia ";1;108601
" La Mulatière, Francia ";1;108602
" Montfort-l'Amaury, Francia ";1;108603
" South Toms River, New Jersey ";1;108604
" Regents Park, Australia ";1;108605
" Dodges Ferry, Australia ";1;108606
" Étables-sur-Mer, Francia ";1;108607
" Selyatino, Russia ";1;108608
" Bogotá Distrito Capital, Colombia ";1;108609
" Waterloo, Belgio ";1;108610
" Boonsboro, Maryland ";1;108611
" Freeland, Pennsylvania ";1;108612
" Liep?ja, Lettonia ";1;108613
" Ramonville-Saint-Agne, Francia ";1;108614
" Corsley, Regno Unito ";1;108615
" Gulpen, Paesi Bassi ";1;108616
" Nottingham, Maryland ";1;108617
" Kingwood, West Virginia ";1;108618
" Solnechnogorsk, Russia ";1;108619
" Ciechanow, Polonia ";1;108620
" San Biagio di Callalta, Italia ";1;108621
" Columbia Heights, Minnesota ";1;108622
" Bacoor City, Filippine ";1;108623
" Montady, Francia ";1;108624
" Avesta, Svezia ";1;108625
" Genval, Belgio ";1;108626
" Huhehaote, Cina ";1;108627
" Hazel Park, Michigan ";1;108628
" Tachikawa, Giappone ";1;108629
" East Pennant, Canada ";1;108630
" Sichuan, Cina ";1;108631
" Prestonpans, Regno Unito ";1;108632
" Helmsange, Lussemburgo ";1;108633
" inkovy, Repubblica Ceca ";1;108634
" West Ella, Regno Unito ";1;108635
" Atlantic Beach, North Carolina ";1;108636
" Holden, Maine ";1;108637
" Arendonk, Belgio ";1;108638
" El-Aaiún ";1;108639
" Seraing, Belgio ";1;108640
" Unstruttal, Germania ";1;108641
" Gross-Umstadt, Germania ";1;108642
" alec, Slovenia ";1;108643
" Shepherdstown, West Virginia ";1;108644
" Fossalta Maggiore, Italia ";1;108645
" Tulare, California ";1;108646
" Emmaus, Pennsylvania ";1;108647
" Luxor, Egitto ";1;108648
" Denham, Regno Unito ";1;108649
" Cabramatta West, Australia ";1;108650
" Feurs, Francia ";1;108651
" Pest County, Ungheria ";1;108652
" Clinton, Montana ";1;108653
" Medina, Minnesota ";1;108654
" Neidlingen, Germania ";1;108655
" Andenes, Norvegia ";1;108656
" Ala, Estonia ";1;108657
" Ploie?ti, Romania ";1;108658
" Bay Head, New Jersey ";1;108659
" Oka, Canada ";1;108660
" Oppenau, Germania ";1;108661
" Lake Hallie, Wisconsin ";1;108662
" Wennigsen, Germania ";1;108663
" Leetonia, Ohio ";1;108664
" Malta, Montana ";1;108665
" Gary, Indiana ";1;108666
" Hoensbroek, Paesi Bassi ";1;108667
" Pisino, Croazia ";1;108668
" Desert Hot Springs, California ";1;108669
" Hulshout, Belgio ";1;108670
" Abington, Pennsylvania ";1;108671
" Frascati, Italia ";1;108672
" Bristow, Virginia ";1;108673
" Port of Menteith, Regno Unito ";1;108674
" Maple Cross, Regno Unito ";1;108675
" Lockleys, Australia ";1;108676
" Cleone, California ";1;108677
" Edgworth, Regno Unito ";1;108678
" Sèvres, Francia ";1;108679
" Kamenec pod Vtá?nikom, Slovacchia ";1;108680
" Montville, Australia ";1;108681
" Kellyville, Australia ";1;108682
" Yea, Australia ";1;108683
" Montanita, Ecuador ";1;108684
" Senlis, Francia ";1;108685
" Jurupa Valley, California ";1;108686
" Aibonito, Portorico ";1;108687
" Affton, Missouri ";1;108688
" Xag?ra, Malta ";1;108689
" Saint-André-lez-Lille, Francia ";1;108690
" Port Arthur, Texas ";1;108691
" Biscayne Park, Florida ";1;108692
" South Salem, New York ";1;108693
" Scarisbrick, Regno Unito ";1;108694
" Gronsveld, Paesi Bassi ";1;108695
" Washington, Texas ";1;108696
" Sorbas, Spagna ";1;108697
" Blacon, Regno Unito ";1;108698
" Lomé, Togo ";1;108699
" Pinellas Park, Florida ";1;108700
" Williams Bay, Wisconsin ";1;108701
" Langenfeld, Germania ";1;108702
" Telopea, Australia ";1;108703
" Pardaces de Arriba, Spagna ";1;108704
" Mormoiron, Francia ";1;108705
" Thornton, Regno Unito ";1;108706
" Chevilly Larue, Francia ";1;108707
" Lake City, Colorado ";1;108708
" Estrées-Saint-Denis, Francia ";1;108709
" Genthod, Svizzera ";1;108710
" Zurigo, Canada ";1;108711
" Valado dos Frades, Portogallo ";1;108712
" Karben, Germania ";1;108713
" Scorzè, Italia ";1;108714
" Prilly, Svizzera ";1;108715
" Belén de Escobar, Argentina ";1;108716
" Riffa, Bahrein ";1;108717
" Biha?, Bosnia Erzegovina ";1;108718
" Shimogyo Ward, Giappone ";1;108719
" Nacka, Svezia ";1;108720
" Upper Sugarloaf Key, Florida ";1;108721
" Point Arena, California ";1;108722
" Athy, Irlanda ";1;108723
" Norton, Ohio ";1;108724
" Hvitsten, Norvegia ";1;108725
" Alexandroupoli, Grecia ";1;108726
" Wilson, Australia ";1;108727
" Heeslingen, Germania ";1;108728
" Petrolia, Canada ";1;108729
" Charlemagne, Canada ";1;108730
" Rijen, Paesi Bassi ";1;108731
" Buncrana, Irlanda ";1;108732
" Coburg, Germania ";1;108733
" Yigo, Guam ";1;108734
" Katzelsdorf, Austria ";1;108735
" Patillas, Portorico ";1;108736
" Valkenswaard, Paesi Bassi ";1;108737
" Basiglio, Italia ";1;108738
" Attica region, Grecia ";1;108739
" Roxbury, Vermont ";1;108740
" Pinar de Campoverde, Spagna ";1;108741
" Nijkerk, Paesi Bassi ";1;108742
" Penagos, Spagna ";1;108743
" Adams Center, New York ";1;108744
" Little Lever, Regno Unito ";1;108745
" Golden Lake, Canada ";1;108746
" Chiampo, Italia ";1;108747
" Martinborough, Nuova Zelanda ";1;108748
" Euroka, Australia ";1;108749
" Canoas, Brasile ";1;108750
" Ashiya, Giappone ";1;108751
" Müstair, Svizzera ";1;108752
" Crick, Regno Unito ";1;108753
" Villiers-sur-Marne, Francia ";1;108754
" Mineola, New York ";1;108755
" Hombrechtikon, Svizzera ";1;108756
" Madison, Indiana ";1;108757
" Uhldingen-Mühlhofen, Germania ";1;108758
" Alexandra, Australia ";1;108759
" MacGregor, Australia ";1;108760
" Birkenau, Germania ";1;108761
" Richmondville, New York ";1;108762
" Merrickville-Wolford, Canada ";1;108763
" Volcán, Panama ";1;108764
" Dobrova, Slovenia ";1;108765
" Topsfield, Massachusetts ";1;108766
" Herenthout, Belgio ";1;108767
" Pullach, Germania ";1;108768
" Ida, Michigan ";1;108769
" Arcozelo, Portogallo ";1;108770
" Corfe Mullen, Regno Unito ";1;108771
" Clinton, Maine ";1;108772
" Pemulwuy, Australia ";1;108773
" Red Rock, Australia ";1;108774
" Ansbach, Germania ";1;108775
" Paradise, Texas ";1;108776
" Punta de Mita, Messico ";1;108777
" Kiowa, Kansas ";1;108778
" Tarnow, Polonia ";1;108779
" Adlestrop, Regno Unito ";1;108780
" Parkton, Maryland ";1;108781
" Hundested, ";1;108782
" Cookham, Regno Unito ";1;108783
" Lovech, Bulgaria ";1;108784
" South Lyon, Michigan ";1;108785
" Barcaldine, Australia ";1;108786
" Arkport, New York ";1;108787
" Sohar, Oman ";1;108788
" Cathlamet, Washington ";1;108789
" Salem, Ohio ";1;108790
" Klaip?dos rajonas, Lituania ";1;108791
" Pine Beach, New Jersey ";1;108792
" Chinnor, Regno Unito ";1;108793
" Garopaba, Brasile ";1;108794
" L'Île-Saint-Denis, Francia ";1;108795
" Clarence, New York ";1;108796
" São José, Brasile ";1;108797
" Cinderford, Regno Unito ";1;108798
" Vanderhoof, Canada ";1;108799
" Micco, Florida ";1;108800
" Montesson, Francia ";1;108801
" Moore Creek, Australia ";1;108802
" Épinay-sur-Orge, Francia ";1;108803
" Liberty Hill, Texas ";1;108804
" Kolinec, Repubblica Ceca ";1;108805
" Winchester, California ";1;108806
" Obersulm, Germania ";1;108807
" Goodwood, Australia ";1;108808
" Sutton, Vermont ";1;108809
" Vila Franca Do Campo, Portogallo ";1;108810
" Aspendale Gardens, Australia ";1;108811
" Louveciennes, Francia ";1;108812
" Hostivice, Repubblica Ceca ";1;108813
" Villa Park, Illinois ";1;108814
" Reuilly, Francia ";1;108815
" Lint, Belgio ";1;108816
" Thixendale, Regno Unito ";1;108817
" North Queensferry, Regno Unito ";1;108818
" Totowa, New Jersey ";1;108819
" Le Landeron, Svizzera ";1;108820
" Castelli, Italia ";1;108821
" Manzano, Italia ";1;108822
" Wadesville, Indiana ";1;108823
" Perthville, Australia ";1;108824
" Freetown, Sierra Leone ";1;108825
" Bell Buckle, Tennessee ";1;108826
" Cubelles, Spagna ";1;108827
" Phú Qu?c, Vietnam ";1;108828
" Furore, Italia ";1;108829
" Cadolzburg, Germania ";1;108830
" Minchinbury, Australia ";1;108831
" iauliai, Lituania ";1;108832
" Urmston, Regno Unito ";1;108833
" Allaman, Svizzera ";1;108834
" Pearcedale, Australia ";1;108835
" Evart, Michigan ";1;108836
" Ikast, ";1;108837
" Stockum-Püschen, Germania ";1;108838
" Butel Municipality, Macedonia ";1;108839
" Salida, California ";1;108840
" Aigueblanche, Francia ";1;108841
" Wallington, New Jersey ";1;108842
" Komoro, Giappone ";1;108843
" Roanoke, Indiana ";1;108844
" Oosternijkerk, Paesi Bassi ";1;108845
" Fish Creek, Wisconsin ";1;108846
" Myrskylä, Finlandia ";1;108847
" Hidden Valley Lake, California ";1;108848
" Kloten, Svizzera ";1;108849
" Moji-Mirim, Brasile ";1;108850
" Rousset, Francia ";1;108851
" La Bañeza, Spagna ";1;108852
" Warkworth, Nuova Zelanda ";1;108853
" Saint-Florent-sur-Auzonnet, Francia ";1;108854
" Addlestone, Regno Unito ";1;108855
" Giubiasco, Svizzera ";1;108856
" Granville, Illinois ";1;108857
" Sippersfeld, Germania ";1;108858
" Valencia, Venezuela ";1;108859
" Melrose Park, Illinois ";1;108860
" Hornsby Heights, Australia ";1;108861
" Piatra Neam?, Romania ";1;108862
" Bad Rothenfelde, Germania ";1;108863
" Jaco, Costa Rica ";1;108864
" Shady ";1;108865
" Tomahawk, Wisconsin ";1;108866
" East Concord, New York ";1;108867
" Golden Beach, Australia ";1;108868
" Schönhorst, Germania ";1;108869
" Mirecourt, Francia ";1;108870
" Painswick, Regno Unito ";1;108871
" Larkollen, Norvegia ";1;108872
" Alexandroupolis, Grecia ";1;108873
" Moha, Hungary, Ungheria ";1;108874
" Monticello, Florida ";1;108875
" Gislev, ";1;108876
" North Riverside, Illinois ";1;108877
" Merchtem, Belgio ";1;108878
" Fiskardo, Grecia ";1;108879
" Centerton, Arkansas ";1;108880
" San Pablo, California ";1;108881
" Saint-Antonin-Noble-Val, Francia ";1;108882
" Secaucus, New Jersey ";1;108883
" Västerås Municipality, Svezia ";1;108884
" Falkensee, Germania ";1;108885
" Carryduff, Regno Unito ";1;108886
" Whyalla, Australia ";1;108887
" Ravenna, Nebraska ";1;108888
" Nord-Trondelag, Norvegia ";1;108889
" Zaventem, Belgio ";1;108890
" Gatersleben, Germania ";1;108891
" Nizhny Novgorod, Russia ";1;108892
" River Falls, Wisconsin ";1;108893
" Nuernberg, Germania ";1;108894
" Glendale, Colorado ";1;108895
" Wixom, Michigan ";1;108896
" Onalaska, Wisconsin ";1;108897
" Penzberg, Germania ";1;108898
" Cambridge-Narrows, Canada ";1;108899
" Llansamlet, Regno Unito ";1;108900
" Oak Ridge, North Carolina ";1;108901
" West Greenwich, Rhode Island ";1;108902
" Studley, Regno Unito ";1;108903
" Le Cannet-des-Maures, Francia ";1;108904
" Reutigen, Svizzera ";1;108905
" Landsberg am Lech, Germania ";1;108906
" Cashmere, Australia ";1;108907
" Quickborn, Germania ";1;108908
" Klundert, Paesi Bassi ";1;108909
" Capri, Italia ";1;108910
" Palermo, Maine ";1;108911
" Fairbury, Illinois ";1;108912
" Voivodato della Varmia-Masuria, Polonia ";1;108913
" Nuwara Eliya, Sri Lanka ";1;108914
" Chermside West, Australia ";1;108915
" Talin, Armenia ";1;108916
" Penwortham, Regno Unito ";1;108917
" Wauneta, Nebraska ";1;108918
" Harlow, Regno Unito ";1;108919
" Diegten, Svizzera ";1;108920
" Flint, Texas ";1;108921
" Holderness, New Hampshire ";1;108922
" Haslet, Texas ";1;108923
" Naarden, Paesi Bassi ";1;108924
" Unionville, Connecticut ";1;108925
" Hillegom, Paesi Bassi ";1;108926
" Boryeong-si, Corea del Sud ";1;108927
" Vaugneray, Francia ";1;108928
" Timnath, Colorado ";1;108929
" Mørkhøj, ";1;108930
" West Melbourne, Florida ";1;108931
" Delgany, Irlanda ";1;108932
" Nuku'alofa, Tonga ";1;108933
" Edgewood, Kentucky ";1;108934
" Stroud, Oklahoma ";1;108935
" Husthwaite, Regno Unito ";1;108936
" Pocola, Oklahoma ";1;108937
" Évian-les-Bains, Francia ";1;108938
" Kilflynn, Irlanda ";1;108939
" Touchet, Washington ";1;108940
" Küçükçekmece, Turchia ";1;108941
" Trafalgar, Australia ";1;108942
" Grimbergen, Belgio ";1;108943
" Boncath, Regno Unito ";1;108944
" East End, Regno Unito ";1;108945
" Park Hills, Kentucky ";1;108946
" Sempach, Svizzera ";1;108947
" Nongoma, Sudafrica ";1;108948
" Gymea Bay, Australia ";1;108949
" Kajaani, Finlandia ";1;108950
" Pontecesures, Spagna ";1;108951
" Nablus ";1;108952
" Tregurrian, Regno Unito ";1;108953
" Ransomville, New York ";1;108954
" Mesilla, New Mexico ";1;108955
" Rolla, Missouri ";1;108956
" De Pijp, Paesi Bassi ";1;108957
" Ossenzijl, Paesi Bassi ";1;108958
" Shippenville, Pennsylvania ";1;108959
" Eastport, Maine ";1;108960
" Burns, Kansas ";1;108961
" Vianen, Paesi Bassi ";1;108962
" Glenelg, Maryland ";1;108963
" Greenbrier, Tennessee ";1;108964
" Parkdale, Australia ";1;108965
" Shannon, Irlanda ";1;108966
" Rahway, New Jersey ";1;108967
" Hinton Ampner, Regno Unito ";1;108968
" DuPont, Washington ";1;108969
" Torpoint, Regno Unito ";1;108970
" Coniston, Regno Unito ";1;108971
" Amigny-Rouy, Francia ";1;108972
" Alièze, Francia ";1;108973
" Cham, Svizzera ";1;108974
" Malua Bay, Australia ";1;108975
" Clinton, Maryland ";1;108976
" Västerbottens län, Svezia ";1;108977
" Yamaguchi, Giappone ";1;108978
" Oye-Plage, Francia ";1;108979
" Hartville, Ohio ";1;108980
" Workington, Regno Unito ";1;108981
" Gilching, Germania ";1;108982
" Odell, Regno Unito ";1;108983
" Stafford Heights, Australia ";1;108984
" Kusatsu, Giappone ";1;108985
" Póvoa de Santo Adrião, Portogallo ";1;108986
" La Granja de San Ildefonso, Spagna ";1;108987
" Labergement-Sainte-Marie, Francia ";1;108988
" Chester Township, New Jersey ";1;108989
" Manstad, Norvegia ";1;108990
" Meerssen, Paesi Bassi ";1;108991
" Warren, Indiana ";1;108992
" Budens, Portogallo ";1;108993
" Reith bei Seefeld, Austria ";1;108994
" Maulbronn, Germania ";1;108995
" Advance, North Carolina ";1;108996
" Barryville, New York ";1;108997
" Santana, Sao Tomé e Príncipe ";1;108998
" Gelsa, Croazia ";1;108999
" Jindalee, Australia ";1;109000
" Miranda, Australia ";1;109001
" Holetown, Barbados ";1;109002
" Bad Oeynhausen, Germania ";1;109003
" Fleetwood, Pennsylvania ";1;109004
" Springfield, Australia ";1;109005
" Thomaston, Connecticut ";1;109006
" Broadway, Regno Unito ";1;109007
" Winnweiler, Germania ";1;109008
" Condrieu, Francia ";1;109009
" Moriya, Giappone ";1;109010
" Randolph, Vermont ";1;109011
" Castlegar, Canada ";1;109012
" Iserlohn, Germania ";1;109013
" Bray, Regno Unito ";1;109014
" Wayland, New York ";1;109015
" Grantham, Regno Unito ";1;109016
" Redondela, Spagna ";1;109017
" Loftus, Australia ";1;109018
" Kellogg, Idaho ";1;109019
" Le Grand-Bourg, Francia ";1;109020
" Chester, Maryland ";1;109021
" Berwick-upon-Tweed, Regno Unito ";1;109022
" Dursley, Regno Unito ";1;109023
" Carrigatogher, Irlanda ";1;109024
" Hughesville, Maryland ";1;109025
" Beuningen, Paesi Bassi ";1;109026
" Plympton, Massachusetts ";1;109027
" Eyguières, Francia ";1;109028
" Voorheesville, New York ";1;109029
" Issel, Francia ";1;109030
" Timperley, Regno Unito ";1;109031
" Saanen, Svizzera ";1;109032
" Whittlesey, Wisconsin ";1;109033
" Egeo, Grecia ";1;109034
" Auerbach in der Oberpfalz, Germania ";1;109035
" Herblay, Francia ";1;109036
" Orleans, California ";1;109037
" Frauenfeld, Svizzera ";1;109038
" Warman, Canada ";1;109039
" Palomino, Colombia ";1;109040
" Mont-le-Vignoble, Francia ";1;109041
" Graben-Neudorf, Germania ";1;109042
" Stone, Regno Unito ";1;109043
" Ozark, Arkansas ";1;109044
" Oostende, Belgio ";1;109045
" Pyrbaum, Germania ";1;109046
" Camden Town, Regno Unito ";1;109047
" Tappen, Canada ";1;109048
" Bad Abbach, Germania ";1;109049
" Hemlock, New York ";1;109050
" Fürstenfeldbruck, Germania ";1;109051
" Sedbergh, Regno Unito ";1;109052
" Wilhelmshaven, Germania ";1;109053
" Twin Bridges, Montana ";1;109054
" Cascavel, Brasile ";1;109055
" Oberkirch, Germania ";1;109056
" Brighton, Canada ";1;109057
" La Puebla, New Mexico ";1;109058
" El Médano, Spagna ";1;109059
" Plumtree, North Carolina ";1;109060
" Sister Bay, Wisconsin ";1;109061
" Santa Cruz, Costa Rica ";1;109062
" St. George Island, Florida ";1;109063
" Hepburn, Australia ";1;109064
" Schiltach, Germania ";1;109065
" Pacé, Francia ";1;109066
" Acre, Israele ";1;109067
" Hanscom Air Force Base, Massachusetts ";1;109068
" Serinyà, Spagna ";1;109069
" Newmarket on Fergus, Irlanda ";1;109070
" Hillside, New Jersey ";1;109071
" Chieti, Italia ";1;109072
" North Street, Michigan ";1;109073
" Lockport, Illinois ";1;109074
" Ngatea, Nuova Zelanda ";1;109075
" Stanthorpe, Australia ";1;109076
" Bungay, Regno Unito ";1;109077
" Sullivan's Island, South Carolina ";1;109078
" Seville, Florida ";1;109079
" Longlane, Regno Unito ";1;109080
" Ghana ";1;109081
" Pinon Hills, California ";1;109082
" Orzens, Svizzera ";1;109083
" Meiringen, Svizzera ";1;109084
" Leningradskaya oblast, Russia ";1;109085
" Madurai, India ";1;109086
" Osseo, Michigan ";1;109087
" Velp, Paesi Bassi ";1;109088
" Malton, Regno Unito ";1;109089
" Fréjus, Francia ";1;109090
" Murphy, North Carolina ";1;109091
" Lamoine, Maine ";1;109092
" Essex, Maryland ";1;109093
" Badalona, Spagna ";1;109094
" Colgate, Wisconsin ";1;109095
" Dunstable, Massachusetts ";1;109096
" Elgin, Regno Unito ";1;109097
" Gipf-Oberfrick, Svizzera ";1;109098
" Sarre, Italia ";1;109099
" Augusta, Italia ";1;109100
" Jining, Cina ";1;109101
" North ";1;109102
" Yankeetown, Florida ";1;109103
" Edgewood, Maryland ";1;109104
" Whitewood, South ";1;109105
" Nottawa, Canada ";1;109106
" Móstoles, Spagna ";1;109107
" North Logan, Utah ";1;109108
" Moldavia ";1;109109
" Lorsch, Germania ";1;109110
" Taynuilt, Regno Unito ";1;109111
" Námestovo, Slovacchia ";1;109112
" Doolin, Irlanda ";1;109113
" Langdon Hills, Regno Unito ";1;109114
" Bishkek, Kirghizistan ";1;109115
" Barbadás, Spagna ";1;109116
" Avelin, Francia ";1;109117
" Zaporizhia, Ucraina ";1;109118
" Blackburn, Australia ";1;109119
" Stamford Bridge, Regno Unito ";1;109120
" Boulbon, Francia ";1;109121
" Escaldes-Engordany, Andorra ";1;109122
" Maurens, Francia ";1;109123
" Saku, Estonia ";1;109124
" Devils Tower, Wyoming ";1;109125
" North Potomac, Maryland ";1;109126
" Woodbury, Tennessee ";1;109127
" Wansford, Regno Unito ";1;109128
" Hanstedt, Germania ";1;109129
" The Blue Mountains, Canada ";1;109130
" Portstewart, Regno Unito ";1;109131
" Santa Teresa, Costa Rica ";1;109132
" Hope, Maine ";1;109133
" L'Isle-sur-la-Sorgue, Francia ";1;109134
" Mount Compass, Australia ";1;109135
" Forest Hill, Australia ";1;109136
" Philmont, New York ";1;109137
" Rivercourse, Canada ";1;109138
" Eagle River, Michigan ";1;109139
" Lakeland, Minnesota ";1;109140
" Choisy-le-Roi, Francia ";1;109141
" Pilot Point, Texas ";1;109142
" Wheaton-Glenmont, Maryland ";1;109143
" Champion Lakes, Australia ";1;109144
" Eling, Regno Unito ";1;109145
" Ash Vale, Regno Unito ";1;109146
" Westbury-on-Severn, Regno Unito ";1;109147
" Valenzuela, Filippine ";1;109148
" Agugliano, Italia ";1;109149
" Kutzenhausen, Francia ";1;109150
" Ray, Ohio ";1;109151
" Torrington, Connecticut ";1;109152
" Jabbeke, Belgio ";1;109153
" Kingsville, Texas ";1;109154
" Julianstown, Irlanda ";1;109155
" Trophy Club, Texas ";1;109156
" Turners Beach, Australia ";1;109157
" Kimberley, Canada ";1;109158
" Puerto Varas, Cile ";1;109159
" Casstown, Ohio ";1;109160
" Sudbury, Regno Unito ";1;109161
" Thallwitz, Germania ";1;109162
" Barnegat Township, New Jersey ";1;109163
" Muldestausee, Germania ";1;109164
" Paddockwood, Canada ";1;109165
" Upper Mount Gravatt, Australia ";1;109166
" Busteni, Romania ";1;109167
" Bellpuig, Spagna ";1;109168
" Victoria, Malta ";1;109169
" La Ferté-Gaucher, Francia ";1;109170
" Collecchio, Italia ";1;109171
" Sobreda, Portogallo ";1;109172
" Brockville, Canada ";1;109173
" Locust Valley, New York ";1;109174
" Conway, Massachusetts ";1;109175
" Twillingate, Canada ";1;109176
" Gordon, Australia ";1;109177
" Allevard, Francia ";1;109178
" Cangzhou, Cina ";1;109179
" Tierra Amarilla, New Mexico ";1;109180
" Gavà, Spagna ";1;109181
" Niceville, Florida ";1;109182
" Rodano Alpi, Francia ";1;109183
" Kallithea, Grecia ";1;109184
" Barbizon, Francia ";1;109185
" São Pedro de Penaferrim, Portogallo ";1;109186
" Wilton, New Hampshire ";1;109187
" Mystic, Connecticut ";1;109188
" South Fremantle, Australia ";1;109189
" Campagnano di Roma, Italia ";1;109190
" Slubice, Polonia ";1;109191
" Thomastown, Irlanda ";1;109192
" Orzola, Spagna ";1;109193
" Glen Gardner, New Jersey ";1;109194
" Isny im Allgäu, Germania ";1;109195
" Mantova, Italia ";1;109196
" Emst, Paesi Bassi ";1;109197
" Tonganoxie, Kansas ";1;109198
" Botkyrka, Svezia ";1;109199
" Doreen, Australia ";1;109200
" Tinos, Grecia ";1;109201
" Crest Hill, Illinois ";1;109202
" Saratoga, Wyoming ";1;109203
" Denbury, Regno Unito ";1;109204
" Munnar, India ";1;109205
" Jersey Village, Texas ";1;109206
" Oak Lawn, Illinois ";1;109207
" Epping, North ";1;109208
" Konz, Germania ";1;109209
" Montrollet, Francia ";1;109210
" Quintanar de la Orden, Spagna ";1;109211
" Vreeland, Paesi Bassi ";1;109212
" Franeker, Paesi Bassi ";1;109213
" Ivybridge, Regno Unito ";1;109214
" Partlow, Virginia ";1;109215
" Balsall Common, Regno Unito ";1;109216
" Bryce Canyon, Utah ";1;109217
" Betton, Regno Unito ";1;109218
" Santa Rita, Guam ";1;109219
" Penrose, North Carolina ";1;109220
" Chotýany, Repubblica Ceca ";1;109221
" Zahra, Kuwait ";1;109222
" Bulle, Svizzera ";1;109223
" Borgentreich, Germania ";1;109224
" Rollingstone, Australia ";1;109225
" Biberach, Germania ";1;109226
" Saint Albans Park, Australia ";1;109227
" Hanover, New Jersey ";1;109228
" Wangen im Allgäu, Germania ";1;109229
" Saint-Germain-des-Bois, Francia ";1;109230
" Semley, Regno Unito ";1;109231
" Mataró, Spagna ";1;109232
" Azul, Argentina ";1;109233
" Fondi, Italia ";1;109234
" Great Malvern, Regno Unito ";1;109235
" Alexander Heights, Australia ";1;109236
" Parkstetten, Germania ";1;109237
" Senj, Croazia ";1;109238
" Winchester, Indiana ";1;109239
" Kinrooi, Belgio ";1;109240
" La Bisbal d'Empordà, Spagna ";1;109241
" Indialantic, Florida ";1;109242
" Maple Plain, Minnesota ";1;109243
" Piccardia, Francia ";1;109244
" Metebach, Germania ";1;109245
" Kehl, Germania ";1;109246
" Novosedly, Repubblica Ceca ";1;109247
" Heidelberg Heights, Australia ";1;109248
" Cartago, Costa Rica ";1;109249
" Ch?ibská, Repubblica Ceca ";1;109250
" Saundersfoot, Regno Unito ";1;109251
" Saint-Priest, Francia ";1;109252
" Menasha, Wisconsin ";1;109253
" Cavaion Veronese, Italia ";1;109254
" Havelock, Nuova Zelanda ";1;109255
" Lochem, Paesi Bassi ";1;109256
" Blue Mountains, Canada ";1;109257
" Emskirchen, Germania ";1;109258
" Newington, Connecticut ";1;109259
" Duxbury, Vermont ";1;109260
" Thurstaston, Regno Unito ";1;109261
" Kings Meadows, Australia ";1;109262
" Ratoath, Irlanda ";1;109263
" Long Hill, New Jersey ";1;109264
" Verwood, Regno Unito ";1;109265
" Providence, Utah ";1;109266
" South Tipperary, Irlanda ";1;109267
" Arorangi District, Isole Cook ";1;109268
" Yankton, South ";1;109269
" Warriewood, Australia ";1;109270
" Monterey, Tennessee ";1;109271
" Carrajung, Australia ";1;109272
" Hamelin, Germania ";1;109273
" Saint George, Maine ";1;109274
" West Bromwich, Regno Unito ";1;109275
" High Peak, Regno Unito ";1;109276
" Langen bei Bregenz, Austria ";1;109277
" Oelde, Germania ";1;109278
" West Lavington, Regno Unito ";1;109279
" Goliad, Texas ";1;109280
" Kolpino, Russia ";1;109281
" West Plains, Missouri ";1;109282
" Denver, North Carolina ";1;109283
" Northwood, Regno Unito ";1;109284
" West Kirby, Regno Unito ";1;109285
" Dufur, Oregon ";1;109286
" Oak Park, California ";1;109287
" Esopus, New York ";1;109288
" Hanover, Maryland ";1;109289
" Nafferton, Regno Unito ";1;109290
" Monkey Mia, Australia ";1;109291
" South Milwaukee, Wisconsin ";1;109292
" Bertrange, Lussemburgo ";1;109293
" Irvington, New Jersey ";1;109294
" Canaan, New York ";1;109295
" Maccarese, Italia ";1;109296
" Kaslo, Canada ";1;109297
" Villanterio, Italia ";1;109298
" Red Hook, New York ";1;109299
" Marilla, New York ";1;109300
" Al Jubail, Arabia Saudita ";1;109301
" Brandon, Vermont ";1;109302
" Terzo, Italia ";1;109303
" Sainte-Anne, Guadalupa ";1;109304
" Greystones, Irlanda ";1;109305
" Dunnellon, Florida ";1;109306
" Shalford, Regno Unito ";1;109307
" Shelton, Washington ";1;109308
" Hometown, Illinois ";1;109309
" Teteringen, Paesi Bassi ";1;109310
" Saint-Martin-d'Uriage, Francia ";1;109311
" Villa Rica, Georgia ";1;109312
" Brearton, Regno Unito ";1;109313
" Hillside, Australia ";1;109314
" Peseux, Svizzera ";1;109315
" La Prairie, Canada ";1;109316
" Thongsbridge, Regno Unito ";1;109317
" Kirchen, Germania ";1;109318
" Råde, Norvegia ";1;109319
" Sellin, Germania ";1;109320
" Lawrence, Massachusetts ";1;109321
" Allenspark, Colorado ";1;109322
" Ripponlea, Australia ";1;109323
" Cooksville, Maryland ";1;109324
" Saint-Marcel-lès-Valence, Francia ";1;109325
" Moordrecht, Paesi Bassi ";1;109326
" Lindfield, Regno Unito ";1;109327
" Calenzana, Francia ";1;109328
" Montichiari, Italia ";1;109329
" Gedved, ";1;109330
" Campofelice di Roccella, Italia ";1;109331
" Visp, Svizzera ";1;109332
" Mantua, Utah ";1;109333
" Jefferson, Maine ";1;109334
" Inverurie, Regno Unito ";1;109335
" Craigmore, Australia ";1;109336
" Venango, Pennsylvania ";1;109337
" Metlika, Slovenia ";1;109338
" Hallett Cove, Australia ";1;109339
" Clifton Beach, Australia ";1;109340
" Drachten, Paesi Bassi ";1;109341
" Fern Bay, Australia ";1;109342
" Sutton, Irlanda ";1;109343
" Morondava, Madagascar ";1;109344
" Shahar, Israele ";1;109345
" Evans Head, Australia ";1;109346
" Bucuresti, Romania ";1;109347
" ilut?, Lituania ";1;109348
" Bonnieux, Francia ";1;109349
" Mühleberg, Svizzera ";1;109350
" Pateley Bridge, Regno Unito ";1;109351
" Lima, New York ";1;109352
" Jystrup, ";1;109353
" Eisenstadt, Austria ";1;109354
" Issenheim, Francia ";1;109355
" Bassum, Germania ";1;109356
" Aschau im Chiemgau, Germania ";1;109357
" Central Luzon, Filippine ";1;109358
" Fermoy, Irlanda ";1;109359
" Evans Mills, New York ";1;109360
" Roosendaal, Paesi Bassi ";1;109361
" La Ronge, Canada ";1;109362
" Meishar, Israele ";1;109363
" Northford, Connecticut ";1;109364
" Hemingford, Nebraska ";1;109365
" Castleford, Regno Unito ";1;109366
" Mesa Geitonia, Cipro ";1;109367
" Marsascala, Malta ";1;109368
" Harrisburg, Illinois ";1;109369
" Maraylya, Australia ";1;109370
" Barquisimeto, Venezuela ";1;109371
" Kirkel, Germania ";1;109372
" Buffalo, Minnesota ";1;109373
" Leonville, Louisiana ";1;109374
" Tapping, Australia ";1;109375
" Breice, Slovenia ";1;109376
" Hagenbuch, Svizzera ";1;109377
" Park Forest, Illinois ";1;109378
" Elx, Spagna ";1;109379
" Rural Ridge, Pennsylvania ";1;109380
" Choisy-au-Bac, Francia ";1;109381
" Hirosaki, Giappone ";1;109382
" Holzkirchen, Germania ";1;109383
" Carbonera, Italia ";1;109384
" Stewartsville, New Jersey ";1;109385
" Cormano, Italia ";1;109386
" Itchenor, Regno Unito ";1;109387
" Midlothian, Texas ";1;109388
" Uralsk, Kazakistan ";1;109389
" Mechanicville, New York ";1;109390
" Laytonsville, Maryland ";1;109391
" Batu Pahat, Malesia ";1;109392
" Meyrals, Francia ";1;109393
" Louangphrabang (Luang Prabang), Laos ";1;109394
" Cwmbran, Regno Unito ";1;109395
" Imatra, Finlandia ";1;109396
" Norville, Australia ";1;109397
" Hagstad, Svezia ";1;109398
" Deerlijk, Belgio ";1;109399
" Tri?, Slovenia ";1;109400
" Rogaka Slatina, Slovenia ";1;109401
" Wilmington, Ohio ";1;109402
" Otívar, Spagna ";1;109403
" Lucedale, Mississippi ";1;109404
" Eybens, Francia ";1;109405
" Thiruvannammalai, India ";1;109406
" Ciorescu, Moldavia ";1;109407
" Stramproy, Paesi Bassi ";1;109408
" Wolfisheim, Francia ";1;109409
" Emmering, Germania ";1;109410
" Moycullen, Irlanda ";1;109411
" Prades, Francia ";1;109412
" Worcester, Sudafrica ";1;109413
" Regione spalatino-dalmata, Croazia ";1;109414
" Groombridge, Regno Unito ";1;109415
" Pittsfield, Maine ";1;109416
" Crozet, Francia ";1;109417
" Weesp, Paesi Bassi ";1;109418
" San Miguel, Cile ";1;109419
" Evatt, Australia ";1;109420
" Gorham, Maine ";1;109421
" Runaway Bay, Texas ";1;109422
" H?na, Hawaii ";1;109423
" Saint-Nicolas, Francia ";1;109424
" Aston, Pennsylvania ";1;109425
" Lavrio, Grecia ";1;109426
" Ponderay, Idaho ";1;109427
" Alstonvale, Australia ";1;109428
" Gingins, Svizzera ";1;109429
" Las Longueras, Spagna ";1;109430
" Lampertheim, Germania ";1;109431
" Capel Saint Mary, Regno Unito ";1;109432
" Pascoe Vale South, Australia ";1;109433
" Sterling, Kansas ";1;109434
" Nundah, Australia ";1;109435
" Naga City, Filippine ";1;109436
" Sedgefield, Sudafrica ";1;109437
" Elmsdale, Canada ";1;109438
" Prefettura di Niigata, Giappone ";1;109439
" Sharon Hill, Pennsylvania ";1;109440
" Nabb, Indiana ";1;109441
" Chasseneuil-du-Poitou, Francia ";1;109442
" Van Buren, Arkansas ";1;109443
" City of Orange, New Jersey ";1;109444
" Saint-Julien-lès-Metz, Francia ";1;109445
" Oregon, Ohio ";1;109446
" Blackhall Mill, Regno Unito ";1;109447
" Centereach, New York ";1;109448
" Carine, Australia ";1;109449
" Vallon-Pont-d'Arc, Francia ";1;109450
" Tallmadge, Ohio ";1;109451
" Lakeside, California ";1;109452
" Iisalmi, Finlandia ";1;109453
" Mahwah, New Jersey ";1;109454
" Orange Grove, Australia ";1;109455
" Princeton, Canada ";1;109456
" Bussero, Italia ";1;109457
" Kronobergs län, Svezia ";1;109458
" Mandaue City, Filippine ";1;109459
" Glenties, Irlanda ";1;109460
" Vejen, ";1;109461
" Applecross, Australia ";1;109462
" Sakyo Ward, Giappone ";1;109463
" Moravia, New York ";1;109464
" Kangaroo Flat, Australia ";1;109465
" Karmiel, Israele ";1;109466
" Sant Mateu de Montnegre, Spagna ";1;109467
" Ocho Rios, Giamaica ";1;109468
" Big Lake, Alaska ";1;109469
" Lecompton, Kansas ";1;109470
" Mizuho, Giappone ";1;109471
" Vestmannaeyjar, Islanda ";1;109472
" Neunkirchen am Brand, Germania ";1;109473
" Kastav, Croazia ";1;109474
" Landgraaf, Paesi Bassi ";1;109475
" Piriápolis, Uruguay ";1;109476
" Sunshine Beach, Australia ";1;109477
" East Jakarta City, Indonesia ";1;109478
" Serpaize, Francia ";1;109479
" Ecuador ";1;109480
" Aveiro District, Portogallo ";1;109481
" Higgins, Australia ";1;109482
" Tewksbury, New Jersey ";1;109483
" Twin Peaks, California ";1;109484
" San Francisco del Rincón, Messico ";1;109485
" Vranov Dol, Croazia ";1;109486
" Lazise, Italia ";1;109487
" Crossville, Tennessee ";1;109488
" Caledonia, Canada ";1;109489
" Lake Tyers Beach, Australia ";1;109490
" Lapu-Lapu, Filippine ";1;109491
" Vecsés, Ungheria ";1;109492
" Abbadia Lariana, Italia ";1;109493
" Leoben, Austria ";1;109494
" Hamme, Belgio ";1;109495
" Torun, Polonia ";1;109496
" Uralla, Australia ";1;109497
" Pickett, Wisconsin ";1;109498
" Sturbridge, Massachusetts ";1;109499
" General Santos, Filippine ";1;109500
" Zibo, Cina ";1;109501
" Clacton-on-Sea, Regno Unito ";1;109502
" Ballyhaunis, Irlanda ";1;109503
" Township of Langley, Canada ";1;109504
" Walkington, Regno Unito ";1;109505
" Dudenhofen, Germania ";1;109506
" Azzate, Italia ";1;109507
" Hills, Minnesota ";1;109508
" Niddrie, Australia ";1;109509
" Pontypridd, Regno Unito ";1;109510
" Strawberry Plains, Tennessee ";1;109511
" Eastvale, California ";1;109512
" Shallow Lake, Canada ";1;109513
" Revel, Francia ";1;109514
" Le Roc, Francia ";1;109515
" Suze-la-Rousse, Francia ";1;109516
" Plouër-sur-Rance, Francia ";1;109517
" Tormini, Italia ";1;109518
" Vodice, Croazia ";1;109519
" Bad Vilbel, Germania ";1;109520
" Malvern, Regno Unito ";1;109521
" Quarnbek, Germania ";1;109522
" Thurnby, Regno Unito ";1;109523
" Wimmelburg, Germania ";1;109524
" Plymouth, California ";1;109525
" Hvidovre, ";1;109526
" Upper Orara, Australia ";1;109527
" Lichtenvoorde, Paesi Bassi ";1;109528
" Alexandra, Nuova Zelanda ";1;109529
" Pacific City, Oregon ";1;109530
" Ellijay, Georgia ";1;109531
" Therwil, Svizzera ";1;109532
" Blanchardstown, Irlanda ";1;109533
" Moniga del Garda, Italia ";1;109534
" Wendron, Regno Unito ";1;109535
" Morlaix, Francia ";1;109536
" Brinkworth, Regno Unito ";1;109537
" Highland, California ";1;109538
" Broken Bow, Nebraska ";1;109539
" Kato Gerakari, Grecia ";1;109540
" Harmelen, Paesi Bassi ";1;109541
" Salmon, Idaho ";1;109542
" Nagyk?rös, Ungheria ";1;109543
" Barford, Regno Unito ";1;109544
" Dreis, Germania ";1;109545
" Bydgoszcz, Polonia ";1;109546
" Rivedoux-Plage, Francia ";1;109547
" Shoham, Israele ";1;109548
" Wormer, Paesi Bassi ";1;109549
" Conty, Francia ";1;109550
" Elsworth, Regno Unito ";1;109551
" Toin, Giappone ";1;109552
" Surfside, Australia ";1;109553
" Sidcup, Regno Unito ";1;109554
" Guipry, Francia ";1;109555
" Ashland, Ohio ";1;109556
" Kilchberg, Svizzera ";1;109557
" uilly, Francia ";1;109558
" Lysekil, Svezia ";1;109559
" Wivenhoe, Regno Unito ";1;109560
" Clifton Heights, Pennsylvania ";1;109561
" Harborough Magna, Regno Unito ";1;109562
" Voula, Grecia ";1;109563
" Al Rayyan, Qatar ";1;109564
" St-Bruno-de-Montarville, Canada ";1;109565
" Hólar, Islanda ";1;109566
" Montespertoli, Italia ";1;109567
" Stony Plain, Canada ";1;109568
" Eden, Utah ";1;109569
" Reichshoffen, Francia ";1;109570
" Arcadia, Wisconsin ";1;109571
" Viljandi, Estonia ";1;109572
" Hales Corners, Wisconsin ";1;109573
" Kitanakagusuku, Giappone ";1;109574
" Zuidbroek, Paesi Bassi ";1;109575
" Teo, Spagna ";1;109576
" Great Easton, Regno Unito ";1;109577
" Castelnuovo, Italia ";1;109578
" Whitney Point, New York ";1;109579
" Westerlo, Belgio ";1;109580
" Riverside, New Jersey ";1;109581
" Irkutsk, Russia ";1;109582
" Sablayan, Filippine ";1;109583
" Boumalne ";1;109584
" Matlock, Regno Unito ";1;109585
" Ottawa Hills, Ohio ";1;109586
" Fiuggi, Italia ";1;109587
" Patagonia, Arizona ";1;109588
" Scottdale, Pennsylvania ";1;109589
" Bodajk, Ungheria ";1;109590
" East Knoyle, Regno Unito ";1;109591
" Lowestoft, Regno Unito ";1;109592
" Noale, Italia ";1;109593
" Powder Springs, Georgia ";1;109594
" Zebulon, Georgia ";1;109595
" Taif, Arabia Saudita ";1;109596
" Douglas, Michigan ";1;109597
" Lourdes, Francia ";1;109598
" Milano, Tennessee ";1;109599
" Lakeshore, Canada ";1;109600
" Wherwell, Regno Unito ";1;109601
" Cape Charles, Virginia ";1;109602
" Tollerton, Regno Unito ";1;109603
" Franklin Square, New York ";1;109604
" Grand Baie, Mauritius ";1;109605
" Villeneuve-sur-Bellot, Francia ";1;109606
" Ugine, Francia ";1;109607
" Franconville, Francia ";1;109608
" Vargem Grande Paulista, Brasile ";1;109609
" Delingsdorf, Germania ";1;109610
" Kosciusko, Mississippi ";1;109611
" Ozzano dell'Emilia, Italia ";1;109612
" Waldwick, New Jersey ";1;109613
" Zagersdorf, Austria ";1;109614
" Wil, Svizzera ";1;109615
" Yuzawa, Giappone ";1;109616
" Yandoit Hills, Australia ";1;109617
" Wrangle, Regno Unito ";1;109618
" Le Vigan, Francia ";1;109619
" Mena, Arkansas ";1;109620
" Tereglio, Italia ";1;109621
" Beetsterzwaag, Paesi Bassi ";1;109622
" Kvinesdal, Norvegia ";1;109623
" English Harbour, Antigua e Barbuda ";1;109624
" Bad Freienwalde, Germania ";1;109625
" Tewksbury, Massachusetts ";1;109626
" Thrumster, Regno Unito ";1;109627
" Kristianstad, Svezia ";1;109628
" Pope?ti, Romania ";1;109629
" Cala Gracio, Spagna ";1;109630
" Whitianga, Nuova Zelanda ";1;109631
" Jamesville, New York ";1;109632
" Göppingen, Germania ";1;109633
" Uxbridge, Massachusetts ";1;109634
" Panton Hill, Australia ";1;109635
" Kempston, Regno Unito ";1;109636
" Fosses-la-Ville, Belgio ";1;109637
" Penn Yan, New York ";1;109638
" Fallston, Maryland ";1;109639
" Moyon, Francia ";1;109640
" Constitution Hill, Australia ";1;109641
" Húsavík, Islanda ";1;109642
" Appenzell District, Svizzera ";1;109643
" Unity, Canada ";1;109644
" Errington, Canada ";1;109645
" Upper Hutt, Nuova Zelanda ";1;109646
" Lesmurdie, Australia ";1;109647
" Telde, Spagna ";1;109648
" Overath, Germania ";1;109649
" Nakhabino, Russia ";1;109650
" Nakhon Ratchasima, Tailandia ";1;109651
" Keswick, Regno Unito ";1;109652
" Bendestorf, Germania ";1;109653
" Williamsburg, Canada ";1;109654
" Lumnezia, Svizzera ";1;109655
" Scholes, Regno Unito ";1;109656
" Makanda, Illinois ";1;109657
" Platteville, Wisconsin ";1;109658
" Takanini, Nuova Zelanda ";1;109659
" Llanbedrog, Regno Unito ";1;109660
" Ostrohe, Germania ";1;109661
" Merlin, Oregon ";1;109662
" Galax, Virginia ";1;109663
" Neath, Regno Unito ";1;109664
" Zevio, Italia ";1;109665
" Mountlake Terrace, Washington ";1;109666
" Wezembeek-Oppem, Belgio ";1;109667
" New Providence, New Jersey ";1;109668
" Upperco, Maryland ";1;109669
" Tannersville, Pennsylvania ";1;109670
" Macatuba, Brasile ";1;109671
" Cricklade, Regno Unito ";1;109672
" Wakefield, Australia ";1;109673
" Maytown, Pennsylvania ";1;109674
" Swaffham Prior, Regno Unito ";1;109675
" Schloß Holte-Stukenbrock, Germania ";1;109676
" New Windsor, Maryland ";1;109677
" La Hulpe, Belgio ";1;109678
" Rudolstadt, Germania ";1;109679
" Oita, Giappone ";1;109680
" Shediac River, Canada ";1;109681
" Steinach am Brenner, Austria ";1;109682
" Châteauneuf-en-Thymerais, Francia ";1;109683
" Kettering, Australia ";1;109684
" Greenham, Regno Unito ";1;109685
" Stranraer, Regno Unito ";1;109686
" Veszprém, Ungheria ";1;109687
" Lachute, Canada ";1;109688
" Old Erowal Bay, Australia ";1;109689
" Nazareth, Belgio ";1;109690
" Lodi Vecchio, Italia ";1;109691
" Rochester, Australia ";1;109692
" South Coventry, Connecticut ";1;109693
" Russell Vale, Australia ";1;109694
" Gorinchem, Paesi Bassi ";1;109695
" Cockermouth, Regno Unito ";1;109696
" Fiorano Canavese, Italia ";1;109697
" Wachtberg, Germania ";1;109698
" Annonay, Francia ";1;109699
" Balmedie, Regno Unito ";1;109700
" Parachute, Colorado ";1;109701
" Yorkton, Canada ";1;109702
" Deauville, Francia ";1;109703
" Chatham, Illinois ";1;109704
" Pibrac, Francia ";1;109705
" Roadford, Irlanda ";1;109706
" Mason City, Iowa ";1;109707
" Avon, Massachusetts ";1;109708
" Bellevue, Ohio ";1;109709
" Monastir, Tunisia ";1;109710
" Ein Gedi, Israele ";1;109711
" Riverwoods, Illinois ";1;109712
" Cefn Mably, Regno Unito ";1;109713
" Lagny-sur-Marne, Francia ";1;109714
" Bath Township, Michigan ";1;109715
" Malang, Indonesia ";1;109716
" Inwood, West Virginia ";1;109717
" Meredith, New Hampshire ";1;109718
" Larochette, Lussemburgo ";1;109719
" Plockton, Regno Unito ";1;109720
" Utila, Honduras ";1;109721
" Othello, Washington ";1;109722
" Prefettura di Saitama, Giappone ";1;109723
" Waynesville, Missouri ";1;109724
" Wamboin, Australia ";1;109725
" Keele, Regno Unito ";1;109726
" Chester, New Jersey ";1;109727
" Wagga Wagga, Australia ";1;109728
" Mooroolbark, Australia ";1;109729
" Savigny-le-Temple, Francia ";1;109730
" Lac du Flambeau, Wisconsin ";1;109731
" Drumshanbo, Irlanda ";1;109732
" Kosd, Ungheria ";1;109733
" Warfield, Regno Unito ";1;109734
" Annapolis, California ";1;109735
" Capelas, Portogallo ";1;109736
" Cenon, Francia ";1;109737
" Las Lajas, Panama ";1;109738
" Seville, Ohio ";1;109739
" Bousignies-sur-Roc, Francia ";1;109740
" Woodfin, North Carolina ";1;109741
" Atene, Illinois ";1;109742
" Mt Gilead, Ohio ";1;109743
" Freixo de Numão, Portogallo ";1;109744
" Aguas Buenas, Portorico ";1;109745
" Bush, Regno Unito ";1;109746
" tp. Hu?, Vietnam ";1;109747
" Lustenau, Austria ";1;109748
" Lahti, Finlandia ";1;109749
" Numurkah, Australia ";1;109750
" Saint-Ismier, Francia ";1;109751
" Springfield, New Hampshire ";1;109752
" Rachub, Regno Unito ";1;109753
" Cottondale, Alabama ";1;109754
" Niederurnen, Svizzera ";1;109755
" Salento, Colombia ";1;109756
" Bad Dürkheim, Germania ";1;109757
" Vendelsö, Svezia ";1;109758
" Via, Regno Unito ";1;109759
" Los Altos Hills, California ";1;109760
" Preston, Connecticut ";1;109761
" Andorra ";1;109762
" Lehigh Acres, Florida ";1;109763
" Valdemoro, Spagna ";1;109764
" Greymouth, Nuova Zelanda ";1;109765
" Plymouth Meeting, Pennsylvania ";1;109766
" Ilida, Bosnia Erzegovina ";1;109767
" South Turramurra, Australia ";1;109768
" Bieldside, Regno Unito ";1;109769
" Faggeto Lario, Italia ";1;109770
" São Luís, Portogallo ";1;109771
" Paynesville, Minnesota ";1;109772
" Brandywine, Maryland ";1;109773
" Affligem, Belgio ";1;109774
" Cinebar, Washington ";1;109775
" Prilep, Macedonia ";1;109776
" Myerstown, Pennsylvania ";1;109777
" Lamlash, Regno Unito ";1;109778
" Breakfast Point, Australia ";1;109779
" Appenzell, Svizzera ";1;109780
" Huntingdon, Regno Unito ";1;109781
" Invergowrie, Australia ";1;109782
" Monterey, Indiana ";1;109783
" Parma, Ohio ";1;109784
" Passo Fundo, Brasile ";1;109785
" The Hill, Australia ";1;109786
" Erfjord, Norvegia ";1;109787
" Dolceacqua, Italia ";1;109788
" Oriago, Italia ";1;109789
" Balquhidder, Regno Unito ";1;109790
" Hohhot, Cina ";1;109791
" Monessen, Pennsylvania ";1;109792
" Donnini, Italia ";1;109793
" Lions Bay, Canada ";1;109794
" Masqat, Oman ";1;109795
" Seabeck, Washington ";1;109796
" Bethany, Oklahoma ";1;109797
" Sant Feliu de Guíxols, Spagna ";1;109798
" Lake Jackson, Texas ";1;109799
" Clifton Forge, Virginia ";1;109800
" Hanover Park, Illinois ";1;109801
" Argyle, Texas ";1;109802
" Storm Lake, Iowa ";1;109803
" Lakka, Grecia ";1;109804
" Lyubertsy, Russia ";1;109805
" Senigallia, Italia ";1;109806
" Garnwerd, Paesi Bassi ";1;109807
" Aci Trezza, Italia ";1;109808
" Grafing, Germania ";1;109809
" North Arlington, New Jersey ";1;109810
" Assenede, Belgio ";1;109811
" Delmenhorst, Germania ";1;109812
" Walpole, Massachusetts ";1;109813
" Payson, Utah ";1;109814
" Lutterworth, Regno Unito ";1;109815
" Cheadle Hulme, Regno Unito ";1;109816
" Gunnedah, Australia ";1;109817
" Bergh Apton, Regno Unito ";1;109818
" Newton, New Jersey ";1;109819
" Wellington Point, Australia ";1;109820
" Carrington, Australia ";1;109821
" Stoddard, New Hampshire ";1;109822
" Eglisau, Svizzera ";1;109823
" Broughton Astley, Regno Unito ";1;109824
" Drogheda, Irlanda ";1;109825
" Runcorn, Australia ";1;109826
" Milvignes, Svizzera ";1;109827
" Sheldon, Australia ";1;109828
" Ribbesbüttel, Germania ";1;109829
" Canvey Island, Regno Unito ";1;109830
" Empuriabrava, Spagna ";1;109831
" Bass River, Canada ";1;109832
" Les Breuleux, Svizzera ";1;109833
" Pleasant Plains, Arkansas ";1;109834
" Boarhills, Regno Unito ";1;109835
" Southill, Regno Unito ";1;109836
" Aspen Hill, Maryland ";1;109837
" Thomas, West Virginia ";1;109838
" Tianshui, Cina ";1;109839
" Rivotorto, Italia ";1;109840
" Cosby, Regno Unito ";1;109841
" La Cruz de Huanacaxtle, Messico ";1;109842
" Calvià, Spagna ";1;109843
" Cundinamarca, Colombia ";1;109844
" Solbiate Olona, Italia ";1;109845
" Carrying Place, Canada ";1;109846
" Machynlleth, Regno Unito ";1;109847
" North Hobart, Australia ";1;109848
" Bentota, Sri Lanka ";1;109849
" Rezé, Francia ";1;109850
" Clyde, New York ";1;109851
" Great Bedwyn, Regno Unito ";1;109852
" Klæbu, Norvegia ";1;109853
" Giv'at Ze'ev ";1;109854
" Balaguier-d'Olt, Francia ";1;109855
" Cascade-Chipita Park, Colorado ";1;109856
" Anttola, Finlandia ";1;109857
" Hastings, Nebraska ";1;109858
" Melrose, Florida ";1;109859
" Ilmenau, Germania ";1;109860
" Rosetta, Australia ";1;109861
" Pavenham, Regno Unito ";1;109862
" West Lakes, Australia ";1;109863
" Fremont, Ohio ";1;109864
" Sherborne Saint John, Regno Unito ";1;109865
" Woolsthorpe, Australia ";1;109866
" Evenskjer, Norvegia ";1;109867
" Berrien Springs, Michigan ";1;109868
" Tijuana Municipality, Messico ";1;109869
" Thorngate, Australia ";1;109870
" Crécy-la-Chapelle, Francia ";1;109871
" Ein Dor, Israele ";1;109872
" Ravels, Belgio ";1;109873
" Coulonges-sur-l'Autize, Francia ";1;109874
" Ophir, Australia ";1;109875
" Commerce charter Township, Michigan ";1;109876
" Weston, Massachusetts ";1;109877
" Schijndel, Paesi Bassi ";1;109878
" Certaldo, Italia ";1;109879
" Earlville, Australia ";1;109880
" East Palo Alto, California ";1;109881
" Chesterfield, New Hampshire ";1;109882
" Cornaredo, Italia ";1;109883
" Egg Harbor City, New Jersey ";1;109884
" Urbino, Italia ";1;109885
" Vittuone, Italia ";1;109886
" Mezzana Mortigliengo, Italia ";1;109887
" Koganei, Giappone ";1;109888
" Robins, Iowa ";1;109889
" Thiverval-Grignon, Francia ";1;109890
" Torelló, Spagna ";1;109891
" Benbrook, Texas ";1;109892
" Helen, Georgia ";1;109893
" Iquique, Cile ";1;109894
" Virginia, Minnesota ";1;109895
" Two Harbors, Minnesota ";1;109896
" Narborough, Regno Unito ";1;109897
" San Martino Valle Caudina, Italia ";1;109898
" Garran, Australia ";1;109899
" Hildale, Utah ";1;109900
" Fingal Head, Australia ";1;109901
" Newport, North Carolina ";1;109902
" Monster, Paesi Bassi ";1;109903
" Deerfield, New Hampshire ";1;109904
" Street, Maryland ";1;109905
" Watsons Bay, Australia ";1;109906
" Seignosse, Francia ";1;109907
" Puigcerdà, Spagna ";1;109908
" Saint Michaels, Maryland ";1;109909
" Portmagee, Irlanda ";1;109910
" Torremolinos, Spagna ";1;109911
" Staudach-Egerndach, Germania ";1;109912
" Fairmont, West Virginia ";1;109913
" South Point, Ohio ";1;109914
" West Woombye, Australia ";1;109915
" Hakodate, Giappone ";1;109916
" Magog, Canada ";1;109917
" The Rocks, Australia ";1;109918
" Huanggang, Cina ";1;109919
" Monkstown, Irlanda ";1;109920
" Halberstadt, Germania ";1;109921
" Osceola, Indiana ";1;109922
" Dixon, California ";1;109923
" Champagne-Ardenne, Francia ";1;109924
" Upper Tantallon, Canada ";1;109925
" Sáenz Peña, Argentina ";1;109926
" Xaghra, Malta ";1;109927
" Denzlingen, Germania ";1;109928
" Kowale, Polonia ";1;109929
" Cross Plains, Texas ";1;109930
" Maulden, Regno Unito ";1;109931
" Ponchatoula, Louisiana ";1;109932
" Lincoln, New Hampshire ";1;109933
" Galt, California ";1;109934
" Fort Payne, Alabama ";1;109935
" Brentwood, Tennessee ";1;109936
" Zhongshan, Cina ";1;109937
" Prost?jov, Repubblica Ceca ";1;109938
" Wasquehal, Francia ";1;109939
" Caraman, Francia ";1;109940
" Falcon, Australia ";1;109941
" Roselle, Illinois ";1;109942
" Gennep, Paesi Bassi ";1;109943
" Prefettura di Fukuoka, Giappone ";1;109944
" Wiarton, Canada ";1;109945
" Swanley, Regno Unito ";1;109946
" Margate, Australia ";1;109947
" Girne ";1;109948
" Cordeiro, Brasile ";1;109949
" Correggio, Italia ";1;109950
" Ruanda ";1;109951
" Middle Township, New Jersey ";1;109952
" Mascouche, Canada ";1;109953
" Cabuya, Costa Rica ";1;109954
" Ver?ce, Ungheria ";1;109955
" Lawford, Regno Unito ";1;109956
" Geneseo, New York ";1;109957
" Thonotosassa, Florida ";1;109958
" Dymchurch, Regno Unito ";1;109959
" Quetzaltenango, Guatemala ";1;109960
" Hubley, Canada ";1;109961
" Collado Villalba, Spagna ";1;109962
" Saverne, Francia ";1;109963
" De Leon Springs, Florida ";1;109964
" Walchwil, Svizzera ";1;109965
" Renwez, Francia ";1;109966
" Gland, Svizzera ";1;109967
" Cumberland, Canada ";1;109968
" Kumla, Svezia ";1;109969
" Alberton, Sudafrica ";1;109970
" Cobble Hill, Canada ";1;109971
" Seaford, Australia ";1;109972
" Oatley, Australia ";1;109973
" Ulbølle, ";1;109974
" Lasino, Italia ";1;109975
" Bruges, Francia ";1;109976
" Rain, Germania ";1;109977
" Granby, Massachusetts ";1;109978
" Tennessee Colony, Texas ";1;109979
" Ahrenviölfeld, Germania ";1;109980
" Archbold, Ohio ";1;109981
" Laird, Canada ";1;109982
" Sint-Katelijne-Waver, Belgio ";1;109983
" Monterosso Al Mare, Italia ";1;109984
" Karlsruhe, North ";1;109985
" Troon, Regno Unito ";1;109986
" Victoria Falls, Zimbabwe ";1;109987
" Aalten, Paesi Bassi ";1;109988
" Södra Sandby, Svezia ";1;109989
" Rümlang, Svizzera ";1;109990
" Lochristi, Belgio ";1;109991
" Shotley Gate, Regno Unito ";1;109992
" Gittisham, Regno Unito ";1;109993
" Tolleson, Arizona ";1;109994
" J?b?, Sudan del Sud ";1;109995
" West Islip, New York ";1;109996
" Eveleth, Minnesota ";1;109997
" Sutter Creek, California ";1;109998
" Verviers, Belgio ";1;109999
" Mondercange, Lussemburgo ";1;110000
" East Geelong, Australia ";1;110001
" Mont-Saint-Guibert, Belgio ";1;110002
" Choisy, Francia ";1;110003
" Send, Regno Unito ";1;110004
" Parramatta Park, Australia ";1;110005
" Farmington, New York ";1;110006
" Cheseaux-Noréaz, Svizzera ";1;110007
" Herkenbosch, Paesi Bassi ";1;110008
" De Bilt, Paesi Bassi ";1;110009
" Columbiaville, Michigan ";1;110010
" Altamura, Italia ";1;110011
" Agropoli, Italia ";1;110012
" Bodenrode-Westhausen, Germania ";1;110013
" Ayer, Massachusetts ";1;110014
" Kanchanaburi, Tailandia ";1;110015
" West Chester, Ohio ";1;110016
" Coublevie, Francia ";1;110017
" Villiers, Francia ";1;110018
" Aviemore, Regno Unito ";1;110019
" Toppenish, Washington ";1;110020
" De Winton, Canada ";1;110021
" Kings Point, New York ";1;110022
" Heist-op-den-Berg, Belgio ";1;110023
" Bulverde, Texas ";1;110024
" Boxborough, Massachusetts ";1;110025
" Kose, Estonia ";1;110026
" Bellevue Hill, Australia ";1;110027
" Cedarhurst, New York ";1;110028
" Narellan Vale, Australia ";1;110029
" Anmore, Canada ";1;110030
" Tandragee, Regno Unito ";1;110031
" Ocean City, New Jersey ";1;110032
" Gardner, Massachusetts ";1;110033
" Mabank, Texas ";1;110034
" Grant Park, Illinois ";1;110035
" Kad?köy, Turchia ";1;110036
" Norleywood, Regno Unito ";1;110037
" Villedieu-les-Poêles, Francia ";1;110038
" Menangle, Australia ";1;110039
" Sunnybank Hills, Australia ";1;110040
" Lucey, Francia ";1;110041
" Bharatpur, Nepal ";1;110042
" The Mumbles, Regno Unito ";1;110043
" Blundeston, Regno Unito ";1;110044
" Williamstown North, Australia ";1;110045
" Shandaken, New York ";1;110046
" Kashiwa, Giappone ";1;110047
" Amnéville, Francia ";1;110048
" Swallowcliffe, Regno Unito ";1;110049
" Lauterhofen, Germania ";1;110050
" Javea, Spagna ";1;110051
" Akademgorodok, Russia ";1;110052
" Cheadle, Regno Unito ";1;110053
" Poundstock, Regno Unito ";1;110054
" Main Beach, Australia ";1;110055
" Castelnau-de-Lévis, Francia ";1;110056
" Kingsbridge, Regno Unito ";1;110057
" Filton, Regno Unito ";1;110058
" Ravena, New York ";1;110059
" Hughenden Valley, Regno Unito ";1;110060
" Richmond, Rhode Island ";1;110061
" Greater Lakeburn, Canada ";1;110062
" O'Fallon, Missouri ";1;110063
" Décines-Charpieu, Francia ";1;110064
" Brownsville, Oregon ";1;110065
" Corinth, Mississippi ";1;110066
" Undy, Regno Unito ";1;110067
" Oxford, Connecticut ";1;110068
" Bridgewater, Canada ";1;110069
" Jingdezhen, Cina ";1;110070
" Saint-Pierre-d'Irube, Francia ";1;110071
" Alblasserdam, Paesi Bassi ";1;110072
" Wallsend, Australia ";1;110073
" Craftsbury Common, Vermont ";1;110074
" Plerguer, Francia ";1;110075
" New Edlington, Regno Unito ";1;110076
" Leerdam, Paesi Bassi ";1;110077
" Waynesboro, Pennsylvania ";1;110078
" River, Regno Unito ";1;110079
" Baden-Württemberg, Germania ";1;110080
" Stiring-Wendel, Francia ";1;110081
" Tinryland, Irlanda ";1;110082
" Botkins, Ohio ";1;110083
" Signal Mountain, Tennessee ";1;110084
" Haymarket, Australia ";1;110085
" Brixham, Regno Unito ";1;110086
" Rivas, Nicaragua ";1;110087
" Clamart, Francia ";1;110088
" De Cocksdorp, Paesi Bassi ";1;110089
" Port Chester, New York ";1;110090
" Agde, Francia ";1;110091
" Isle of Eigg, Regno Unito ";1;110092
" Torà, Spagna ";1;110093
" North Tustin, California ";1;110094
" Tanah Merah, Australia ";1;110095
" Motherwell, Regno Unito ";1;110096
" Hawford, Regno Unito ";1;110097
" Vitsyebsk, Bielorussia ";1;110098
" Ambleside, Regno Unito ";1;110099
" Dittingen, Svizzera ";1;110100
" Montale, Italia ";1;110101
" Streetsboro, Ohio ";1;110102
" Lons, Francia ";1;110103
" Meilen, Svizzera ";1;110104
" Beechboro, Australia ";1;110105
" Fodderty, Regno Unito ";1;110106
" La Romagne, Francia ";1;110107
" Anamosa, Iowa ";1;110108
" Valtice, Repubblica Ceca ";1;110109
" Jay, New York ";1;110110
" Il Cairo, Georgia ";1;110111
" Newney Green, Regno Unito ";1;110112
" Kemi, Finlandia ";1;110113
" Hoevelaken, Paesi Bassi ";1;110114
" Pregartsdorf, Austria ";1;110115
" Provesende, Portogallo ";1;110116
" Edgecomb, Maine ";1;110117
" Nanoose Bay, Canada ";1;110118
" Carpi, Italia ";1;110119
" Tigy, Francia ";1;110120
" Media?, Romania ";1;110121
" Cartersville, Georgia ";1;110122
" Thoiry, Francia ";1;110123
" Saint Albans City, Vermont ";1;110124
" New Okhla Industrial Development Area, India ";1;110125
" Viseu, Portogallo ";1;110126
" French Cay, Honduras ";1;110127
" Tunis, Tunisia ";1;110128
" Blandford, Massachusetts ";1;110129
" Beachwood, New Jersey ";1;110130
" Araxá, Brasile ";1;110131
" Marwitz, Germania ";1;110132
" Moorooka, Australia ";1;110133
" Armada, Michigan ";1;110134
" Delhi charter Township, Michigan ";1;110135
" Hermigua, Spagna ";1;110136
" Old Bar, Australia ";1;110137
" Freeville, New York ";1;110138
" Héricy, Francia ";1;110139
" Barrington, New Hampshire ";1;110140
" Foulsham, Regno Unito ";1;110141
" Saint Helena, Australia ";1;110142
" Vaud, Svizzera ";1;110143
" ?ebbu?, Malta ";1;110144
" Borger, Texas ";1;110145
" Bondy, Francia ";1;110146
" Warren, Connecticut ";1;110147
" Anse, Francia ";1;110148
" Benken, Svizzera ";1;110149
" Browns Summit, North Carolina ";1;110150
" Kawasaki, Giappone ";1;110151
" Galloway, New Jersey ";1;110152
" Murtaugh, Idaho ";1;110153
" Drimmelen, Paesi Bassi ";1;110154
" Albemarle, North Carolina ";1;110155
" Combs-la-Ville, Francia ";1;110156
" Tucumcari, New Mexico ";1;110157
" Sainte-Marthe-sur-le-Lac, Canada ";1;110158
" Anderson, California ";1;110159
" Edenton, North Carolina ";1;110160
" Skudeneshavn, Norvegia ";1;110161
" Shoreview, Minnesota ";1;110162
" Freshwater, Regno Unito ";1;110163
" Reichelsheim, Germania ";1;110164
" Brumath, Francia ";1;110165
" Napoleon, Michigan ";1;110166
" Tielt-Winge, Belgio ";1;110167
" Laugharne, Regno Unito ";1;110168
" Portishead, Regno Unito ";1;110169
" Cafayate, Argentina ";1;110170
" Van Horne, Iowa ";1;110171
" ?zmir, Turchia ";1;110172
" Old Colwyn, Regno Unito ";1;110173
" Grand Canyon Village, Arizona ";1;110174
" Dietikon, Svizzera ";1;110175
" Horseheads, New York ";1;110176
" Rohrersville, Maryland ";1;110177
" Willington, Regno Unito ";1;110178
" Åhus, Svezia ";1;110179
" Montelibretti, Italia ";1;110180
" Stekene, Belgio ";1;110181
" Llansawel, Regno Unito ";1;110182
" Yosemite Valley, California ";1;110183
" Killaloe, Irlanda ";1;110184
" Swisher, Iowa ";1;110185
" Rogersville, Missouri ";1;110186
" Loksa, Estonia ";1;110187
" Stollings, West Virginia ";1;110188
" Chatham, Massachusetts ";1;110189
" Eersel, Paesi Bassi ";1;110190
" Dorking, Regno Unito ";1;110191
" Assam, India ";1;110192
" Albissola Marina, Italia ";1;110193
" Guarulhos, Brasile ";1;110194
" Muret, Francia ";1;110195
" Schoonhoven, Paesi Bassi ";1;110196
" Töcksfors, Svezia ";1;110197
" Boutiliers Point, Canada ";1;110198
" Kaarina, Finlandia ";1;110199
" Palm Beach Shores, Florida ";1;110200
" Attard, Malta ";1;110201
" Clarence-Rockland, Canada ";1;110202
" L'Agulhas, Sudafrica ";1;110203
" Rathdrum, Idaho ";1;110204
" Jiutepec, Messico ";1;110205
" Mangawhai, Nuova Zelanda ";1;110206
" Warrensburg, Illinois ";1;110207
" Manta, Ecuador ";1;110208
" Alezio, Italia ";1;110209
" Pandino, Italia ";1;110210
" Tamworth, New Hampshire ";1;110211
" Güéjar Sierra, Spagna ";1;110212
" Greater Poland Voivodeship, Polonia ";1;110213
" Quinte West, Canada ";1;110214
" Farmington, Missouri ";1;110215
" Ski, Norvegia ";1;110216
" Breuna, Germania ";1;110217
" Central Tilba, Australia ";1;110218
" Spoleto, Italia ";1;110219
" Afton, Virginia ";1;110220
" Williamsville, New York ";1;110221
" Oamaru, Nuova Zelanda ";1;110222
" Lincolnton, Georgia ";1;110223
" Berlino, Massachusetts ";1;110224
" Labadie, Missouri ";1;110225
" Barneveld, New York ";1;110226
" Great Shelford, Regno Unito ";1;110227
" Berry Mountain, Australia ";1;110228
" Orillia, Canada ";1;110229
" Roccastrada, Italia ";1;110230
" Montigny-le-Bretonneux, Francia ";1;110231
" Saint-Prest, Francia ";1;110232
" Charenton-le-Pont, Francia ";1;110233
" Roseto degli Abruzzi, Italia ";1;110234
" Baie-Comeau, Canada ";1;110235
" Keedysville, Maryland ";1;110236
" Klettgau, Germania ";1;110237
" Broadmayne, Regno Unito ";1;110238
" Stockton, Kansas ";1;110239
" Welver, Germania ";1;110240
" Landers, California ";1;110241
" Gamston, Regno Unito ";1;110242
" Cradley Heath, Regno Unito ";1;110243
" Lodève, Francia ";1;110244
" Krupina, Slovacchia ";1;110245
" Guasila, Italia ";1;110246
" Glashütten, Germania ";1;110247
" Channahon, Illinois ";1;110248
" Binfield, Regno Unito ";1;110249
" Thorndale, Canada ";1;110250
" Minehead, Regno Unito ";1;110251
" Palau-Sator, Spagna ";1;110252
" Barendrecht, Paesi Bassi ";1;110253
" Albany Creek, Australia ";1;110254
" Mesa, Colorado ";1;110255
" Ashton under Hill, Regno Unito ";1;110256
" Gy?r, Ungheria ";1;110257
" Greenfield Center, New York ";1;110258
" Coulmiers, Francia ";1;110259
" Arzago d'Adda, Italia ";1;110260
" Allambie Heights, Australia ";1;110261
" Pantperthog, Regno Unito ";1;110262
" Brandizzo, Italia ";1;110263
" New Milton, Regno Unito ";1;110264
" Chehalis, Washington ";1;110265
" Bernareggio, Italia ";1;110266
" Luray, Virginia ";1;110267
" Cozad, Nebraska ";1;110268
" Minsterley, Regno Unito ";1;110269
" Palghar, India ";1;110270
" Lens, Francia ";1;110271
" Gordes, Francia ";1;110272
" Junction City, Oregon ";1;110273
" Vaalbeek, Belgio ";1;110274
" Zhurivka, Ucraina ";1;110275
" Lewistown, Montana ";1;110276
" Rio Maior, Portogallo ";1;110277
" Sharon Center, Ohio ";1;110278
" Montville, Ohio ";1;110279
" Myslowice, Polonia ";1;110280
" Bellarine, Australia ";1;110281
" Carry-le-Rouet, Francia ";1;110282
" Bensheim, Germania ";1;110283
" Ditzingen, Germania ";1;110284
" Palisades, New York ";1;110285
" Corinth, Vermont ";1;110286
" Broadus, Montana ";1;110287
" Beaminster, Regno Unito ";1;110288
" Putanges-Pont-Écrepin, Francia ";1;110289
" Whitney, Texas ";1;110290
" Gudensberg, Germania ";1;110291
" Hohenfels, Germania ";1;110292
" Kenoza Lake, New York ";1;110293
" Camden, Missouri ";1;110294
" Bukhara, Uzbekistan ";1;110295
" Gaziantep, Turchia ";1;110296
" Houdan, Francia ";1;110297
" Cadrezzate, Italia ";1;110298
" Gibbon, Minnesota ";1;110299
" Capel Iwan, Regno Unito ";1;110300
" Yecla DO, Spagna ";1;110301
" Virum, ";1;110302
" Saint-Florent, Francia ";1;110303
" Kent, Connecticut ";1;110304
" Haines City, Florida ";1;110305
" Toyohira Ward, Giappone ";1;110306
" Southwold, Regno Unito ";1;110307
" Wofford Heights, California ";1;110308
" South Bound Brook, New Jersey ";1;110309
" Deception Bay, Australia ";1;110310
" Dieppe, Canada ";1;110311
" Slangerup, ";1;110312
" Warrenpoint, Regno Unito ";1;110313
" Rossville, Tennessee ";1;110314
" Sutton, New Hampshire ";1;110315
" Nauheim, Germania ";1;110316
" Flims, Svizzera ";1;110317
" Mosier, Oregon ";1;110318
" Neauphle-le-Vieux, Francia ";1;110319
" Bakewell, Regno Unito ";1;110320
" Bethlehem, New Hampshire ";1;110321
" Cherry Valley, New York ";1;110322
" Holmfirth, Regno Unito ";1;110323
" Elmada?, Turchia ";1;110324
" Covington, Georgia ";1;110325
" Sestao, Spagna ";1;110326
" Tatachilla, Australia ";1;110327
" Easthampton, Massachusetts ";1;110328
" Saint-Herblain, Francia ";1;110329
" Monte San Pietro, Italia ";1;110330
" Reinbek, Germania ";1;110331
" Montcherand, Svizzera ";1;110332
" Angra do Heroísmo, Portogallo ";1;110333
" Braddon, Australia ";1;110334
" Plaisance-du-Touch, Francia ";1;110335
" Dowerin, Australia ";1;110336
" Hakuba, Giappone ";1;110337
" Miami, Australia ";1;110338
" Cabannes, Francia ";1;110339
" Timbuktu, Mali ";1;110340
" Wasseiges, Belgio ";1;110341
" Howick, Sudafrica ";1;110342
" Callicoon, New York ";1;110343
" Inglis, Canada ";1;110344
" Norwood, Australia ";1;110345
" Stanley, Australia ";1;110346
" Florey, Australia ";1;110347
" Buochs, Svizzera ";1;110348
" Nagasaki, Giappone ";1;110349
" Belém, Brasile ";1;110350
" Cáceres, Spagna ";1;110351
" Helsby, Regno Unito ";1;110352
" Saint-Georges-de-Windsor, Canada ";1;110353
" Várzea de Meruge, Portogallo ";1;110354
" Indianola, Iowa ";1;110355
" Gablitz, Austria ";1;110356
" Lodingen, Norvegia ";1;110357
" Berkeley Springs, West Virginia ";1;110358
" Zillingtal, Austria ";1;110359
" Surat, India ";1;110360
" Kahului, Hawaii ";1;110361
" Plumstead, Regno Unito ";1;110362
" Long Lawford, Regno Unito ";1;110363
" Sakae Ward, Giappone ";1;110364
" Essex Junction, Vermont ";1;110365
" Videbaek, ";1;110366
" Cantabria, Spagna ";1;110367
" Carterville, Illinois ";1;110368
" Topcroft, Regno Unito ";1;110369
" Senglea, Malta ";1;110370
" Hempstead, New York ";1;110371
" Maia Municipality, Portogallo ";1;110372
" Sar?yer, Turchia ";1;110373
" Thomaston, Georgia ";1;110374
" Hilderstone, Regno Unito ";1;110375
" Plön, Germania ";1;110376
" Mungyeong-si, Corea del Sud ";1;110377
" Kingsburgh, Regno Unito ";1;110378
" Angels Camp, California ";1;110379
" Wallsend, Regno Unito ";1;110380
" Sleepy Hollow, New York ";1;110381
" Shaanxi, Cina ";1;110382
" Fayence, Francia ";1;110383
" Hella, Islanda ";1;110384
" Prévessin-Moëns, Francia ";1;110385
" Kulnura, Australia ";1;110386
" Kernen, Germania ";1;110387
" Whitley Bay, Regno Unito ";1;110388
" Xaló, Spagna ";1;110389
" Wilno, Canada ";1;110390
" Breny, Francia ";1;110391
" Oregon, Wisconsin ";1;110392
" Bargersville, Indiana ";1;110393
" Standdaarbuiten, Paesi Bassi ";1;110394
" Wembley, Australia ";1;110395
" West Kill, New York ";1;110396
" Bladel, Paesi Bassi ";1;110397
" Hampstead, North Carolina ";1;110398
" Slocan Park, Canada ";1;110399
" Paju-si, Corea del Sud ";1;110400
" Pégairolles-de-l'Escalette, Francia ";1;110401
" Cairneyhill, Regno Unito ";1;110402
" Kilmacolm, Regno Unito ";1;110403
" Holgate, Australia ";1;110404
" Paramaribo, Suriname ";1;110405
" Ringgenberg, Svizzera ";1;110406
" Sauk Rapids, Minnesota ";1;110407
" San Antonio de Padua, Argentina ";1;110408
" Francestown, New Hampshire ";1;110409
" Sault Ste. Marie, Michigan ";1;110410
" Pozorrubio, Filippine ";1;110411
" Büren an der Aare, Svizzera ";1;110412
" Henderson, Kentucky ";1;110413
" Bridgeville, Pennsylvania ";1;110414
" Valier, Montana ";1;110415
" Isigny-le-Buat, Francia ";1;110416
" Lexington, Tennessee ";1;110417
" San Felipe, Messico ";1;110418
" Gosné, Francia ";1;110419
" Albany, New Hampshire ";1;110420
" Tecumseh, Michigan ";1;110421
" Mount Sinai, New York ";1;110422
" Carmel, New York ";1;110423
" Järvenpää, Finlandia ";1;110424
" Algés, Portogallo ";1;110425
" Sullivan, New Hampshire ";1;110426
" Nairn, Regno Unito ";1;110427
" Dyssegård, ";1;110428
" Emmerthal, Germania ";1;110429
" Arklow, Irlanda ";1;110430
" Oldsmar, Florida ";1;110431
" Lusaka, Zambia ";1;110432
" Gouvernorat de Tunis, Tunisia ";1;110433
" Mayfield, Kentucky ";1;110434
" La Forest-Landerneau, Francia ";1;110435
" Murrumba, Australia ";1;110436
" Bordighera, Italia ";1;110437
" Lucenec, Slovacchia ";1;110438
" Neuburg an der Donau, Germania ";1;110439
" Charantonnay, Francia ";1;110440
" Forest Lake, Australia ";1;110441
" Zuchwil, Svizzera ";1;110442
" Donville-les-Bains, Francia ";1;110443
" Wassenberg, Germania ";1;110444
" Ottenhöfen im Schwarzwald, Germania ";1;110445
" Vöcklabruck, Austria ";1;110446
" Lakeline, Ohio ";1;110447
" Washburn, Tennessee ";1;110448
" Clover, South Carolina ";1;110449
" Srigim-Li On, Israele ";1;110450
" Albion, New York ";1;110451
" Culbokie, Regno Unito ";1;110452
" Bigby, Regno Unito ";1;110453
" Ringkobing, ";1;110454
" Portsmouth, Ohio ";1;110455
" Morgantown, Kentucky ";1;110456
" Arroyo de la Encomienda, Spagna ";1;110457
" Mount Warrigal, Australia ";1;110458
" Oljato-Monument Valley, Utah ";1;110459
" Cerro Gordo, North Carolina ";1;110460
" Tromso, Norvegia ";1;110461
" Pirdop, Bulgaria ";1;110462
" Flat Rock, North Carolina ";1;110463
" Port Hope, Canada ";1;110464
" Willerby, Regno Unito ";1;110465
" Woodbury, Minnesota ";1;110466
" Crookwell, Australia ";1;110467
" Burton, Michigan ";1;110468
" White Salmon, Washington ";1;110469
" Marcoussis, Francia ";1;110470
" Saint-Rémy-de-Provence, Francia ";1;110471
" Kankakee, Illinois ";1;110472
" Etna, New Hampshire ";1;110473
" Minneola, Florida ";1;110474
" Limay, Francia ";1;110475
" Scheyern, Germania ";1;110476
" Nevele, Belgio ";1;110477
" Palmersville, Regno Unito ";1;110478
" Étrépagny, Francia ";1;110479
" Hammond Park, Australia ";1;110480
" Huldenberg, Belgio ";1;110481
" Airport West, Australia ";1;110482
" Millbrook, New York ";1;110483
" Bay Saint Louis, Mississippi ";1;110484
" Westerham, Regno Unito ";1;110485
" Ajman, Emirati Arabi Uniti ";1;110486
" Barum, Norvegia ";1;110487
" Orsay, Francia ";1;110488
" Brentwood, Australia ";1;110489
" Brompton on Swale, Regno Unito ";1;110490
" Chavannes-près-Renens, Svizzera ";1;110491
" Sliedrecht, Paesi Bassi ";1;110492
" Oakbank, Canada ";1;110493
" Saint-Bonnet-de-Mure, Francia ";1;110494
" Sergiev Posad, Russia ";1;110495
" Aguanga, California ";1;110496
" Glenhaven, Australia ";1;110497
" Ocaña, Spagna ";1;110498
" Stabio, Svizzera ";1;110499
" Süsel, Germania ";1;110500
" Sodankylä, Finlandia ";1;110501
" Boverton, Regno Unito ";1;110502
" Bunessan, Regno Unito ";1;110503
" Corato, Italia ";1;110504
" Betton, Francia ";1;110505
" Monte Rio, California ";1;110506
" Mauchline, Regno Unito ";1;110507
" Brøndby Strand, ";1;110508
" Epping, New Hampshire ";1;110509
" Jazan, Arabia Saudita ";1;110510
" Nederland, Texas ";1;110511
" Honeybourne, Regno Unito ";1;110512
" Glace Bay, Canada ";1;110513
" Govone, Italia ";1;110514
" Courtice, Canada ";1;110515
" Gräfelfing, Germania ";1;110516
" Pencoed, Regno Unito ";1;110517
" Kilmun, Regno Unito ";1;110518
" Edwinstowe, Regno Unito ";1;110519
" Auch, Francia ";1;110520
" Yering, Australia ";1;110521
" Maarsbergen, Paesi Bassi ";1;110522
" Coimbra District, Portogallo ";1;110523
" Long Ashton, Regno Unito ";1;110524
" Cheshunt, Regno Unito ";1;110525
" Holladay, Utah ";1;110526
" Fruit Heights, Utah ";1;110527
" DeForest, Wisconsin ";1;110528
" Katira, Costa Rica ";1;110529
" Brightlingsea, Regno Unito ";1;110530
" Palmer Heights, Pennsylvania ";1;110531
" Dolanog, Regno Unito ";1;110532
" Le Mesnil-le-Roi, Francia ";1;110533
" Saratov, Russia ";1;110534
" Canyon Country, California ";1;110535
" Bet Shemesh, Israele ";1;110536
" Arthur's Pass, Nuova Zelanda ";1;110537
" La Couronne, Francia ";1;110538
" Emmetten, Svizzera ";1;110539
" Colwyn Bay, Regno Unito ";1;110540
" Sherborn, Massachusetts ";1;110541
" Santa Cruz, Cile ";1;110542
" San Cassiano, Croazia ";1;110543
" Tripoli, Libia ";1;110544
" Park Gate, Regno Unito ";1;110545
" Evandale, Australia ";1;110546
" Drums, Pennsylvania ";1;110547
" Jackson, Michigan ";1;110548
" Viana do Castelo, Portogallo ";1;110549
" Fumel, Francia ";1;110550
" Giengen, Germania ";1;110551
" Redwood Valley, California ";1;110552
" Pinopolis, South Carolina ";1;110553
" Amagerbro, ";1;110554
" Emmen, Paesi Bassi ";1;110555
" Mount Dora, Florida ";1;110556
" Bealeton, Virginia ";1;110557
" Millau, Francia ";1;110558
" Newport, Washington ";1;110559
" Tecuci, Romania ";1;110560
" Sturgis, Kentucky ";1;110561
" Valley Center, Kansas ";1;110562
" Salem, Utah ";1;110563
" Norridge, Illinois ";1;110564
" Swellendam, Sudafrica ";1;110565
" Dolan Springs, Arizona ";1;110566
" Shady Side, Maryland ";1;110567
" Mirebeau, Francia ";1;110568
" North Cape May, New Jersey ";1;110569
" Ma'agan Michael, Israele ";1;110570
" Meise, Belgio ";1;110571
" Port Hawkesbury, Canada ";1;110572
" Affing, Germania ";1;110573
" Orbe, Svizzera ";1;110574
" Village of Lakewood, Illinois ";1;110575
" Haps, Paesi Bassi ";1;110576
" Bixby, Oklahoma ";1;110577
" Edgewood, New Mexico ";1;110578
" Zirovnica, Slovenia ";1;110579
" Wesley Chapel, Florida ";1;110580
" Dnepropetrovsk, Ucraina ";1;110581
" Cumbernauld, Regno Unito ";1;110582
" Hibaldstow, Regno Unito ";1;110583
" Shoals, Indiana ";1;110584
" La Roche-sur-Foron, Francia ";1;110585
" Rotherham, Regno Unito ";1;110586
" Corral de Tierra, California ";1;110587
" Bexley, Regno Unito ";1;110588
" Miami Gardens, Florida ";1;110589
" Laneuveville-devant-Nancy, Francia ";1;110590
" Greensboro, Vermont ";1;110591
" Muncho Lake, Canada ";1;110592
" Yavne'el, Israele ";1;110593
" Nelson House, Canada ";1;110594
" Zhenjiang, Cina ";1;110595
" Franklin, Indiana ";1;110596
" Sao Jose do Rio Preto, Brasile ";1;110597
" Salter Point, Australia ";1;110598
" Brownville, New York ";1;110599
" Hethersett, Regno Unito ";1;110600
" Dunwoody, Georgia ";1;110601
" Suna, Italia ";1;110602
" Houston, Regno Unito ";1;110603
" Teltow, Germania ";1;110604
" Leesburg, Florida ";1;110605
" Ibarra, Ecuador ";1;110606
" Harvest, Alabama ";1;110607
" Bizerte, Tunisia ";1;110608
" Zephyr Cove-Round Hill Village, Nevada ";1;110609
" Ashikaga, Giappone ";1;110610
" Caserta, Italia ";1;110611
" Kawarau Falls, Nuova Zelanda ";1;110612
" La Selva Beach, California ";1;110613
" Dundrum, Regno Unito ";1;110614
" Cergy, Francia ";1;110615
" Volkel, Paesi Bassi ";1;110616
" Mead, Washington ";1;110617
" Seythenex, Francia ";1;110618
" Armação dos Búzios, Brasile ";1;110619
" Örebro County, Svezia ";1;110620
" Flinders View, Australia ";1;110621
" Giardini Naxos, Italia ";1;110622
" Cournonterral, Francia ";1;110623
" Musashino, Giappone ";1;110624
" Wilsonville, Oregon ";1;110625
" Kolkwitz, Germania ";1;110626
" Rowley, Massachusetts ";1;110627
" Swanton, Ohio ";1;110628
" Caravaca de la Cruz, Spagna ";1;110629
" Longuenesse, Francia ";1;110630
" Solutré-Pouilly, Francia ";1;110631
" Dokkum, Paesi Bassi ";1;110632
" Singen, Germania ";1;110633
" Lábod, Ungheria ";1;110634
" Elmwood Park, Illinois ";1;110635
" Castilleja de Guzmán, Spagna ";1;110636
" Redcliffe, Australia ";1;110637
" Ptuj, Slovenia ";1;110638
" Bryan, Texas ";1;110639
" Ferny Grove, Australia ";1;110640
" Radolfzell, Germania ";1;110641
" Orivesi, Finlandia ";1;110642
" Sandwich, Regno Unito ";1;110643
" Westmeadows, Australia ";1;110644
" Punta del Este, Uruguay ";1;110645
" Henstedt-Ulzburg, Germania ";1;110646
" Fucking, Austria ";1;110647
" Clermont-l'Hérault, Francia ";1;110648
" Blackalls Park, Australia ";1;110649
" Anderlecht, Belgio ";1;110650
" Yeruham, Israele ";1;110651
" Blackham, Regno Unito ";1;110652
" Bundagen, Australia ";1;110653
" Béthencourt-sur-Mer, Francia ";1;110654
" Zabrze, Polonia ";1;110655
" New Brighton, Pennsylvania ";1;110656
" Winkel, Svizzera ";1;110657
" Maylands, Australia ";1;110658
" Kursk, Russia ";1;110659
" Hildenborough, Regno Unito ";1;110660
" Attimis, Italia ";1;110661
" Suisio, Italia ";1;110662
" Osoyoos, Canada ";1;110663
" Revivim, Israele ";1;110664
" Ballintoy, Regno Unito ";1;110665
" New Aquitaine, Francia ";1;110666
" Nome, Alaska ";1;110667
" Mantoloking, New Jersey ";1;110668
" Crystal Falls, Michigan ";1;110669
" Rhosllanerchrugog, Regno Unito ";1;110670
" Kißlegg, Germania ";1;110671
" Cogny, Francia ";1;110672
" Glenbrook, Nevada ";1;110673
" San Giuliano, Malta ";1;110674
" Louriçal, Portogallo ";1;110675
" Romeoville, Illinois ";1;110676
" Botswana ";1;110677
" Lyons, Nebraska ";1;110678
" Ventnor, Australia ";1;110679
" Spotsylvania Courthouse, Virginia ";1;110680
" Velenje, Slovenia ";1;110681
" Reichenau, Germania ";1;110682
" Castricum, Paesi Bassi ";1;110683
" Aarschot, Belgio ";1;110684
" Kecskemét, Ungheria ";1;110685
" Zimbabwe ";1;110686
" Tatsuno, Giappone ";1;110687
" Eagle, Idaho ";1;110688
" Villena, Spagna ";1;110689
" Clare, Australia ";1;110690
" Kahuku, Hawaii ";1;110691
" Cottekill, New York ";1;110692
" Saint-Martin-de-Ré, Francia ";1;110693
" Pisgah Forest, North Carolina ";1;110694
" Fasana, Croazia ";1;110695
" Vredendal, Sudafrica ";1;110696
" Punthorst, Paesi Bassi ";1;110697
" Rinteln, Germania ";1;110698
" Crespano del Grappa, Italia ";1;110699
" Geyserville, California ";1;110700
" Cadillac, Michigan ";1;110701
" Bedford, Ohio ";1;110702
" Dingwall, Regno Unito ";1;110703
" Biloela, Australia ";1;110704
" Horsens, ";1;110705
" Canelli, Italia ";1;110706
" Holmbury Saint Mary, Regno Unito ";1;110707
" Henderson, Tennessee ";1;110708
" Woodstock, Vermont ";1;110709
" Tubala, Estonia ";1;110710
" O?awa, Polonia ";1;110711
" Château-Thierry, Francia ";1;110712
" Gmünd, Austria ";1;110713
" Engins, Francia ";1;110714
" Villa de Leyva, Colombia ";1;110715
" Roßdorf, Germania ";1;110716
" Uiwang-si, Corea del Sud ";1;110717
" Burbank, Australia ";1;110718
" Eupora, Mississippi ";1;110719
" Llanharan, Regno Unito ";1;110720
" Olivebridge, New York ";1;110721
" Albourne, Regno Unito ";1;110722
" Red Wing, Minnesota ";1;110723
" Liaocheng, Cina ";1;110724
" Stupava, Slovacchia ";1;110725
" Irapuato, Messico ";1;110726
" Beckley, West Virginia ";1;110727
" Lodz, Polonia ";1;110728
" Aranda de Duero, Spagna ";1;110729
" Caboolture, Australia ";1;110730
" Amboise, Francia ";1;110731
" Barstow, California ";1;110732
" Barrydale, Sudafrica ";1;110733
" Kenmore, Australia ";1;110734
" Galle, Sri Lanka ";1;110735
" Vandalia, Ohio ";1;110736
" Coquille, Oregon ";1;110737
" Larsmo, Finlandia ";1;110738
" Beuzeville, Francia ";1;110739
" Birchip, Australia ";1;110740
" Belleek, Regno Unito ";1;110741
" Amburgo, New Jersey ";1;110742
" Beaumont-de-Pertuis, Francia ";1;110743
" Genoa City, Wisconsin ";1;110744
" Cardrona, Regno Unito ";1;110745
" Kula, Hawaii ";1;110746
" Clifton, Illinois ";1;110747
" Lohe-Rickelshof, Germania ";1;110748
" Völkermarkt, Austria ";1;110749
" La Manga, Spagna ";1;110750
" Bradenstoke, Regno Unito ";1;110751
" Leganés, Spagna ";1;110752
" Moonlight Flat, Australia ";1;110753
" Hartley Wintney, Regno Unito ";1;110754
" Corclough East, Irlanda ";1;110755
" North Little Rock, Arkansas ";1;110756
" Oak Beach, Australia ";1;110757
" Middlesbrough, Regno Unito ";1;110758
" Drouvin-le-Marais, Francia ";1;110759
" Meco, Spagna ";1;110760
" Imperial, Missouri ";1;110761
" Portsmouth, Rhode Island ";1;110762
" Stourton, Regno Unito ";1;110763
" Huntington, Vermont ";1;110764
" East Devonport, Australia ";1;110765
" Einsiedeln, Svizzera ";1;110766
" Legri, Italia ";1;110767
" Myakka City, Florida ";1;110768
" Carstairs, Canada ";1;110769
" Linwood, New Jersey ";1;110770
" Zürich, Svizzera ";1;110771
" Gundary, Australia ";1;110772
" Terracina, Italia ";1;110773
" Kealba, Australia ";1;110774
" Sabaudia, Italia ";1;110775
" Hudsonville, Michigan ";1;110776
" Webster Groves, Missouri ";1;110777
" Ras Tanura, Arabia Saudita ";1;110778
" Wörth an der Donau, Germania ";1;110779
" Tottington, Regno Unito ";1;110780
" Milovice, Repubblica Ceca ";1;110781
" Anklam, Germania ";1;110782
" Calderino, Italia ";1;110783
" Monroe, Ohio ";1;110784
" Carrbridge, Regno Unito ";1;110785
" Laagri, Estonia ";1;110786
" Lucas, Kansas ";1;110787
" Sparks Glencoe, Maryland ";1;110788
" Müllheim, Svizzera ";1;110789
" San Patricio, Messico ";1;110790
" Steilacoom, Washington ";1;110791
" Beelitz, Germania ";1;110792
" Crieff, Regno Unito ";1;110793
" Reedley, California ";1;110794
" Rosendale Village, New York ";1;110795
" La Carlota, Spagna ";1;110796
" Qualicum Beach, Canada ";1;110797
" Queensferry, Regno Unito ";1;110798
" Saunderton, Regno Unito ";1;110799
" Horsham, Australia ";1;110800
" Alcanar, Spagna ";1;110801
" Sheep Creek, Canada ";1;110802
" Kodaikanal, India ";1;110803
" Berkel-Enschot, Paesi Bassi ";1;110804
" Chorley, Regno Unito ";1;110805
" Lappersdorf, Germania ";1;110806
" Chadron, Nebraska ";1;110807
" Serramazzoni, Italia ";1;110808
" Tammin, Australia ";1;110809
" Paracambi, Brasile ";1;110810
" Winford, Regno Unito ";1;110811
" Holbox, Messico ";1;110812
" Libano, Tennessee ";1;110813
" Old Town, Maine ";1;110814
" Jabriya, Kuwait ";1;110815
" Steenwerck, Francia ";1;110816
" Wendell, North Carolina ";1;110817
" Calumpit, Filippine ";1;110818
" Kropa, Slovenia ";1;110819
" Old Windsor, Regno Unito ";1;110820
" Long Lake, New York ";1;110821
" Kampen, Paesi Bassi ";1;110822
" Concho, Arizona ";1;110823
" Beasain, Spagna ";1;110824
" Axbridge, Regno Unito ";1;110825
" Jenner, California ";1;110826
" Grimma, Germania ";1;110827
" Précy-sur-Oise, Francia ";1;110828
" Ashhurst, Nuova Zelanda ";1;110829
" Dyer, Tennessee ";1;110830
" Inzai, Giappone ";1;110831
" Weston, Regno Unito ";1;110832
" Valinhos, Brasile ";1;110833
" Weeki Wachee, Florida ";1;110834
" Harlingen, Paesi Bassi ";1;110835
" Bow, Washington ";1;110836
" Howth, Irlanda ";1;110837
" Hemmant, Australia ";1;110838
" Moraira, Spagna ";1;110839
" Reedy Creek, Australia ";1;110840
" Mae Hong Son, Tailandia ";1;110841
" Monroeville, Pennsylvania ";1;110842
" Lake Macquarie, Australia ";1;110843
" Woodley, Regno Unito ";1;110844
" Navacchio, Italia ";1;110845
" Saint Thomas, Canada ";1;110846
" Ebenfurth, Austria ";1;110847
" West Hobart, Australia ";1;110848
" Greenville, Kentucky ";1;110849
" Kaprun, Austria ";1;110850
" Albion, Michigan ";1;110851
" Stanfield, North Carolina ";1;110852
" San Cristobal, Venezuela ";1;110853
" Ochsenfurt, Germania ";1;110854
" Sweet Springs, Missouri ";1;110855
" Mysore, India ";1;110856
" Kiora, Australia ";1;110857
" Normandy Park, Washington ";1;110858
" West Allis, Wisconsin ";1;110859
" Eagle Creek, Oregon ";1;110860
" Opotiki, Nuova Zelanda ";1;110861
" Yesud HaMa'ala, Israele ";1;110862
" Cumnor, Regno Unito ";1;110863
" Calexico, California ";1;110864
" Nelson Bay, Australia ";1;110865
" Gujan-Mestras, Francia ";1;110866
" Tieri, Australia ";1;110867
" Ascalona, Israele ";1;110868
" Forli, Italia ";1;110869
" Panjim, India ";1;110870
" Ponte Vedra, Florida ";1;110871
" Kaysville, Utah ";1;110872
" Níjar, Spagna ";1;110873
" Santovenia de Pisuerga, Spagna ";1;110874
" Bridgton, Maine ";1;110875
" Marnoz, Francia ";1;110876
" Lozzo Atestino, Italia ";1;110877
" Giussano, Italia ";1;110878
" Thornlie, Australia ";1;110879
" Edinburg, Virginia ";1;110880
" Raymond Island, Australia ";1;110881
" Egitto ";1;110882
" Chippewa Falls, Wisconsin ";1;110883
" Breaston, Regno Unito ";1;110884
" Turi, Italia ";1;110885
" Stanfordville, New York ";1;110886
" Fulda, Germania ";1;110887
" Catanzaro, Italia ";1;110888
" Phillip, Australia ";1;110889
" Prescott, Wisconsin ";1;110890
" Marion Bridge, Canada ";1;110891
" Maubec, Francia ";1;110892
" Chastre, Belgio ";1;110893
" Calhoun, Georgia ";1;110894
" Szczyg?ów, Polonia ";1;110895
" Morgantown, Indiana ";1;110896
" Sticklepath, Regno Unito ";1;110897
" Bishop's Hull, Regno Unito ";1;110898
" Chambersburg, Pennsylvania ";1;110899
" Riverview, Canada ";1;110900
" Warrensville, North Carolina ";1;110901
" dánice, Repubblica Ceca ";1;110902
" South Tangerang, Indonesia ";1;110903
" Casoria, Italia ";1;110904
" La Reina, Cile ";1;110905
" Toorak, Australia ";1;110906
" Sheidow Park, Australia ";1;110907
" Durrington, Regno Unito ";1;110908
" Kirkintilloch, Regno Unito ";1;110909
" Sukawati, Indonesia ";1;110910
" County Mayo, Irlanda ";1;110911
" High River, Canada ";1;110912
" Sluis, Paesi Bassi ";1;110913
" Baldivis, Australia ";1;110914
" Dietlikon, Svizzera ";1;110915
" Barakaldo, Spagna ";1;110916
" Gökova, Turchia ";1;110917
" Cholula de Rivadabia, Messico ";1;110918
" Hubbardston, Massachusetts ";1;110919
" Plantersville, Mississippi ";1;110920
" Maitland, Australia ";1;110921
" Höhenkirchen-Siegertsbrunn, Germania ";1;110922
" North Fort Myers, Florida ";1;110923
" Br?ila, Romania ";1;110924
" Port Richey, Florida ";1;110925
" Toowong, Australia ";1;110926
" Gesves, Belgio ";1;110927
" Chiriqui, Panama ";1;110928
" Cushendall, Regno Unito ";1;110929
" Mount Nelson, Australia ";1;110930
" Cestas, Francia ";1;110931
" Bainbridge, Ohio ";1;110932
" Goose Creek, South Carolina ";1;110933
" Minamiashigara, Giappone ";1;110934
" Rouveen, Paesi Bassi ";1;110935
" Lurgashall, Regno Unito ";1;110936
" Paihia, Nuova Zelanda ";1;110937
" Mayen, Germania ";1;110938
" West Down, Regno Unito ";1;110939
" Heath Springs, South Carolina ";1;110940
" Crystal, Minnesota ";1;110941
" Naniwa Ward, Giappone ";1;110942
" Santo André, Brasile ";1;110943
" Fresno, Texas ";1;110944
" Kirton, Regno Unito ";1;110945
" Minoo, Giappone ";1;110946
" Reid, Australia ";1;110947
" Parana, Argentina ";1;110948
" Geel, Belgio ";1;110949
" Sandbach, Regno Unito ";1;110950
" Harefield, Regno Unito ";1;110951
" Freeport, New York ";1;110952
" Chipley, Florida ";1;110953
" Tønsberg, Norvegia ";1;110954
" Keerbergen, Belgio ";1;110955
" Unterhaching, Germania ";1;110956
" Blytheville, Arkansas ";1;110957
" Freeport, Michigan ";1;110958
" Clinton, New York ";1;110959
" Pomona, Australia ";1;110960
" Germigny-l'Évêque, Francia ";1;110961
" Vinkeveen, Paesi Bassi ";1;110962
" Petah Tikva, Israele ";1;110963
" Andover, Ohio ";1;110964
" Wentzville, Missouri ";1;110965
" Labosse, Francia ";1;110966
" Hirakata, Giappone ";1;110967
" Westport, Irlanda ";1;110968
" Woodburn, Kentucky ";1;110969
" Clarks Summit, Pennsylvania ";1;110970
" North Avoca, Australia ";1;110971
" Upton, Regno Unito ";1;110972
" Santa Giustina in Colle, Italia ";1;110973
" Aijen, Paesi Bassi ";1;110974
" Hortonville, Wisconsin ";1;110975
" Marinette, Wisconsin ";1;110976
" Mogán, Spagna ";1;110977
" Kampenhout, Belgio ";1;110978
" Katherine, Australia ";1;110979
" Fontaine, Francia ";1;110980
" Eden, New York ";1;110981
" Aylesford, Canada ";1;110982
" Meilhards, Francia ";1;110983
" Taymouth, Canada ";1;110984
" Vernon Hills, Illinois ";1;110985
" Loon Lake, New York ";1;110986
" Tulla, Irlanda ";1;110987
" Seekirchen am Wallersee, Austria ";1;110988
" Peotone, Illinois ";1;110989
" Binic, Francia ";1;110990
" Lumeah, Australia ";1;110991
" Virrat, Finlandia ";1;110992
" Copper Harbor, Michigan ";1;110993
" Samobor, Croazia ";1;110994
" Saint-Jean-d'Alcapiès, Francia ";1;110995
" Altnau, Svizzera ";1;110996
" Les Escaldes, Andorra ";1;110997
" Griesheim, Germania ";1;110998
" Thurning, Regno Unito ";1;110999
" Suphan Buri, Tailandia ";1;111000
" Riano, Italia ";1;111001
" Umhlanga, Sudafrica ";1;111002
" Havre, Montana ";1;111003
" Avusy, Svizzera ";1;111004
" Mountain Lakes, New Jersey ";1;111005
" Saint-Avertin, Francia ";1;111006
" Kraainem, Belgio ";1;111007
" Waitakaruru, Nuova Zelanda ";1;111008
" St Ann Parish, Giamaica ";1;111009
" Washington, Missouri ";1;111010
" Garnet Valley, Pennsylvania ";1;111011
" Strathmore, Australia ";1;111012
" Schardam, Paesi Bassi ";1;111013
" Deenethorpe, Regno Unito ";1;111014
" Porto-Vecchio, Francia ";1;111015
" Kutna Hora, Repubblica Ceca ";1;111016
" Fort Sill, Oklahoma ";1;111017
" Lathom, Regno Unito ";1;111018
" Karnobat, Bulgaria ";1;111019
" Mount Beckworth, Australia ";1;111020
" Rastede, Germania ";1;111021
" Mount Solon, Virginia ";1;111022
" Barcelona, Filippine ";1;111023
" Laytown, Irlanda ";1;111024
" Brookings, South ";1;111025
" Greifensee, Svizzera ";1;111026
" Banfield, Argentina ";1;111027
" South Miami, Florida ";1;111028
" Briston, Regno Unito ";1;111029
" Capalaba, Australia ";1;111030
" Weesen, Svizzera ";1;111031
" Emmitsburg, Maryland ";1;111032
" Stevensville, Michigan ";1;111033
" Rodenbach, Germania ";1;111034
" Vobarno, Italia ";1;111035
" Kohukohu, Nuova Zelanda ";1;111036
" Deadwood, South ";1;111037
" Black Mountain, North Carolina ";1;111038
" Wienhausen, Germania ";1;111039
" Campina Grande, Brasile ";1;111040
" Quartzsite, Arizona ";1;111041
" Waterlooville, Regno Unito ";1;111042
" Nahariyya, Israele ";1;111043
" Cary, Illinois ";1;111044
" Brockham, Regno Unito ";1;111045
" Commerce Charter Township, Michigan ";1;111046
" Harrold, Regno Unito ";1;111047
" Banstead, Regno Unito ";1;111048
" Los Banos, California ";1;111049
" Sachsenheim, Germania ";1;111050
" Lancy, Svizzera ";1;111051
" Gebenstorf, Svizzera ";1;111052
" Peshawar, Pakistan ";1;111053
" Fairfield, Pennsylvania ";1;111054
" Harrisburg, North Carolina ";1;111055
" Jesenice, Slovenia ";1;111056
" Collierville, Tennessee ";1;111057
" Badgers Mount, Regno Unito ";1;111058
" Thornaby, Regno Unito ";1;111059
" Globe, Arizona ";1;111060
" Santarem, Portogallo ";1;111061
" Yoman, Washington ";1;111062
" Regione Primorje-Gorski Kotar, Croazia ";1;111063
" West Richland, Washington ";1;111064
" Kempton Park, Sudafrica ";1;111065
" Letterkenny, Irlanda ";1;111066
" Golden Square, Australia ";1;111067
" Mesquite, Nevada ";1;111068
" Willow Grove, Pennsylvania ";1;111069
" Mount Prospect, Illinois ";1;111070
" Fruitland, Maryland ";1;111071
" Mount Cotton, Australia ";1;111072
" Cernobbio, Italia ";1;111073
" Eagle Lake, Florida ";1;111074
" 't Harde, Paesi Bassi ";1;111075
" Verges, Spagna ";1;111076
" Germansweek, Regno Unito ";1;111077
" Keenagh, Irlanda ";1;111078
" Oradell, New Jersey ";1;111079
" Middleton, Tennessee ";1;111080
" Kings Worthy, Regno Unito ";1;111081
" Sint Maarten, Sint Maarten ";1;111082
" Wijk bij Duurstede, Paesi Bassi ";1;111083
" Stobrec, Croazia ";1;111084
" Kempten, Germania ";1;111085
" North Sydney, Australia ";1;111086
" Kalletal, Germania ";1;111087
" Vizzolo Predabissi, Italia ";1;111088
" Middle Grove, New York ";1;111089
" Woodpark, Australia ";1;111090
" Devala, India ";1;111091
" Legan, Irlanda ";1;111092
" Hudson Falls, New York ";1;111093
" Rawai, Tailandia ";1;111094
" Bour, Lussemburgo ";1;111095
" Marietta, Ohio ";1;111096
" Sherborne, Regno Unito ";1;111097
" Preov, Slovacchia ";1;111098
" Holly, Michigan ";1;111099
" Tingley, Regno Unito ";1;111100
" Hurley, Wisconsin ";1;111101
" Spencerport, New York ";1;111102
" Waldbreitbach, Germania ";1;111103
" Haiti ";1;111104
" Litchfield, New Hampshire ";1;111105
" Bradley, Regno Unito ";1;111106
" Hatfield Peverel, Regno Unito ";1;111107
" Westport, Nuova Zelanda ";1;111108
" Galápagos, Spagna ";1;111109
" Ronnenberg, Germania ";1;111110
" Dickinson, Texas ";1;111111
" Potato Point, Australia ";1;111112
" Shamokin ";1;111113
" Guilderland, New York ";1;111114
" Tuffley, Regno Unito ";1;111115
" Punchbowl, Australia ";1;111116
" West Pymble, Australia ";1;111117
" Whitmore Lake, Michigan ";1;111118
" Windsor, Massachusetts ";1;111119
" Anyang-si, Corea del Sud ";1;111120
" Andel, Paesi Bassi ";1;111121
" North Somercotes, Regno Unito ";1;111122
" Tanjong Malim, Malesia ";1;111123
" Kooyong, Australia ";1;111124
" Georgetown, Australia ";1;111125
" Ranco, Italia ";1;111126
" Oberstdorf, Germania ";1;111127
" Juelsminde, ";1;111128
" Chatburn, Regno Unito ";1;111129
" Hixon, Regno Unito ";1;111130
" Woodridge, Illinois ";1;111131
" Rychnov nad Kn?nou, Repubblica Ceca ";1;111132
" Okcheon-gun, Corea del Sud ";1;111133
" Benton Harbor, Michigan ";1;111134
" Webster, New York ";1;111135
" Pescara, Italia ";1;111136
" Hattersheim am Main, Germania ";1;111137
" Novi, Michigan ";1;111138
" Cayce, South Carolina ";1;111139
" Wedel, Germania ";1;111140
" Frenchtown, New Jersey ";1;111141
" Feckenham, Regno Unito ";1;111142
" Pietersbierum, Paesi Bassi ";1;111143
" Pont-à-Mousson, Francia ";1;111144
" Fair Grove, Missouri ";1;111145
" Northbridge, Massachusetts ";1;111146
" Bitonto, Italia ";1;111147
" East Ryde, Australia ";1;111148
" Richmond, Massachusetts ";1;111149
" Saint-Geoire-en-Valdaine, Francia ";1;111150
" Kure Beach, North Carolina ";1;111151
" Saint Vincent's, Canada ";1;111152
" Serfaus, Austria ";1;111153
" Levanto, Italia ";1;111154
" Conover, North Carolina ";1;111155
" Thorpe End, Regno Unito ";1;111156
" Australind, Australia ";1;111157
" Milford, Canada ";1;111158
" Leiria, Portogallo ";1;111159
" Trapper Creek, Alaska ";1;111160
" Blountville, Tennessee ";1;111161
" Hyuga, Giappone ";1;111162
" Wayanad, India ";1;111163
" Ramat Yishai, Israele ";1;111164
" Kildalkey, Irlanda ";1;111165
" West Fork, Arkansas ";1;111166
" Kolbermoor, Germania ";1;111167
" Üsküdar, Turchia ";1;111168
" Kalkan, Turchia ";1;111169
" Hampstead, Maryland ";1;111170
" Aldershot, Regno Unito ";1;111171
" Kos, Grecia ";1;111172
" Pahoa, Hawaii ";1;111173
" Queen Charlotte, Canada ";1;111174
" Cape Otway, Australia ";1;111175
" Nürtingen, Germania ";1;111176
" Ghedi, Italia ";1;111177
" Thônes, Francia ";1;111178
" Descalvado, Brasile ";1;111179
" Crystal River, Florida ";1;111180
" Fót, Ungheria ";1;111181
" Regione di Minsk, Bielorussia ";1;111182
" Unalaska, Alaska ";1;111183
" Hosmer, Canada ";1;111184
" Santa Rosa Beach, Florida ";1;111185
" Bedford, Virginia ";1;111186
" Wanzleben-Börde, Germania ";1;111187
" Iznate, Spagna ";1;111188
" Shipton-under-Wychwood, Regno Unito ";1;111189
" Bolton, Vermont ";1;111190
" Hiratsuka, Giappone ";1;111191
" Groß-Engersdorf, Austria ";1;111192
" Auburn, New York ";1;111193
" Weer, Austria ";1;111194
" Varadero, Cuba ";1;111195
" Zahle, Libano ";1;111196
" Cehegín, Spagna ";1;111197
" Marklowice, Polonia ";1;111198
" Cardup, Australia ";1;111199
" Pontlevoy, Francia ";1;111200
" Tempio Pausania, Italia ";1;111201
" Rokewood, Australia ";1;111202
" Mitilini, Grecia ";1;111203
" Gnosjö, Svezia ";1;111204
" Lakeville, Massachusetts ";1;111205
" Drewvale, Australia ";1;111206
" Central City, Kentucky ";1;111207
" Cobbs Creek, Virginia ";1;111208
" New Castle, Delaware ";1;111209
" Seabrook, Australia ";1;111210
" Fernhurst, Regno Unito ";1;111211
" Alton, Regno Unito ";1;111212
" Überlingen, Germania ";1;111213
" Ashfield, Massachusetts ";1;111214
" Lodi, Italia ";1;111215
" Calare, Australia ";1;111216
" Cerano, Italia ";1;111217
" Buchs, Svizzera ";1;111218
" Bronshoj, ";1;111219
" Barwon Heads, Australia ";1;111220
" Tulancingo, Messico ";1;111221
" Kindsbach, Germania ";1;111222
" Marco Island, Florida ";1;111223
" Beinwil am See, Svizzera ";1;111224
" Farrer, Australia ";1;111225
" Tianjin, Cina ";1;111226
" Four Oaks, North Carolina ";1;111227
" Nev?ehir, Turchia ";1;111228
" Norton, Kansas ";1;111229
" Warradale, Australia ";1;111230
" Nepean, Canada ";1;111231
" Mineral, California ";1;111232
" Poncin, Francia ";1;111233
" New Buffalo, Michigan ";1;111234
" Morelos, Messico ";1;111235
" Taganga, Colombia ";1;111236
" Innaloo, Australia ";1;111237
" Alençon, Francia ";1;111238
" Nowthen, Minnesota ";1;111239
" Noarlunga Downs, Australia ";1;111240
" Vedano Al Lambro, Italia ";1;111241
" Neuried, Germania ";1;111242
" Kada?, Repubblica Ceca ";1;111243
" Kirkby Lonsdale, Regno Unito ";1;111244
" Miramont-de-Guyenne, Francia ";1;111245
" Mt Holly, North Carolina ";1;111246
" Lotus, California ";1;111247
" Höganäs, Svezia ";1;111248
" Groot Brakrivier, Sudafrica ";1;111249
" Mareeba, Australia ";1;111250
" Wasaga Beach, Canada ";1;111251
" Sparta Township, New Jersey ";1;111252
" Telscombe Cliffs, Regno Unito ";1;111253
" New Windsor, New York ";1;111254
" Montsoult, Francia ";1;111255
" Iurreta, Spagna ";1;111256
" Lancaster, Massachusetts ";1;111257
" Wildwood, Australia ";1;111258
" Niederhasli, Svizzera ";1;111259
" Gavere, Belgio ";1;111260
" Annfield Plain, Regno Unito ";1;111261
" Malgrat de Mar, Spagna ";1;111262
" Wanniassa, Australia ";1;111263
" Corinth, Grecia ";1;111264
" L'Isle-Jourdain, Francia ";1;111265
" Rosemount, Minnesota ";1;111266
" Delhi, New York ";1;111267
" Rye, Regno Unito ";1;111268
" Melton West, Australia ";1;111269
" Elmwood Park, New Jersey ";1;111270
" Shipbourne, Regno Unito ";1;111271
" Calimesa, California ";1;111272
" Toney, Alabama ";1;111273
" Telki, Ungheria ";1;111274
" Deptford Township, New Jersey ";1;111275
" Kolain, Montenegro ";1;111276
" Zama, Giappone ";1;111277
" Bermagui, Australia ";1;111278
" Del Aire, California ";1;111279
" Rohr, Svizzera ";1;111280
" Granite Falls, Washington ";1;111281
" Nazareth, Pennsylvania ";1;111282
" North Reading, Massachusetts ";1;111283
" Branchville, New Jersey ";1;111284
" Noble Park North, Australia ";1;111285
" Palm City, Florida ";1;111286
" Teresa de Cofrentes, Spagna ";1;111287
" Val-";1;111288
" Bourges, Francia ";1;111289
" Niger ";1;111290
" Burnside, Nuova Zelanda ";1;111291
" Betz, Francia ";1;111292
" Greenslopes, Australia ";1;111293
" Horní Branná, Repubblica Ceca ";1;111294
" Nocona, Texas ";1;111295
" Narni Scalo, Italia ";1;111296
" Braubach, Germania ";1;111297
" Canyon Lake, California ";1;111298
" Milesburg, Pennsylvania ";1;111299
" Tuzla, Bosnia Erzegovina ";1;111300
" Guyancourt, Francia ";1;111301
" Marcourt, Belgio ";1;111302
" Middleburg, Florida ";1;111303
" Anuradhapura, Sri Lanka ";1;111304
" Pinneberg, Germania ";1;111305
" Altoona, Wisconsin ";1;111306
" Sint-Martens-Latem, Belgio ";1;111307
" Johnston, Iowa ";1;111308
" Vajdácska, Ungheria ";1;111309
" San Pedro de la Paz, Cile ";1;111310
" Carnoustie, Regno Unito ";1;111311
" Staatsburg, New York ";1;111312
" Uden, Paesi Bassi ";1;111313
" Northeast, Islanda ";1;111314
" Nokesville, Virginia ";1;111315
" Alcamo, Italia ";1;111316
" Lachendorf, Germania ";1;111317
" Hall in Tirol, Austria ";1;111318
" Rixheim, Francia ";1;111319
" Petrolia, California ";1;111320
" Niederscherli, Svizzera ";1;111321
" Coaldale, Canada ";1;111322
" Sturgis, South ";1;111323
" Peize, Paesi Bassi ";1;111324
" Blue Bay, Mauritius ";1;111325
" Broadstone, Regno Unito ";1;111326
" Lander, Wyoming ";1;111327
" Gotha, Germania ";1;111328
" Mulgrave, Australia ";1;111329
" Chesterland, Ohio ";1;111330
" West Hill, Regno Unito ";1;111331
" Sömmerda, Germania ";1;111332
" Wrington, Regno Unito ";1;111333
" O'Fallon, Illinois ";1;111334
" Ústí nad Labem, Repubblica Ceca ";1;111335
" Round Hill, Virginia ";1;111336
" Val-d'Isère, Francia ";1;111337
" Whitehead, Regno Unito ";1;111338
" Saint Brides, Regno Unito ";1;111339
" Bath, Canada ";1;111340
" Berlino, New Jersey ";1;111341
" Lebach, Germania ";1;111342
" Ciutadella de Menorca, Spagna ";1;111343
" Kastrup, ";1;111344
" Prosper, Texas ";1;111345
" Motueka Valley, Nuova Zelanda ";1;111346
" Stenungsund, Svezia ";1;111347
" Ashton-under-Lyne, Regno Unito ";1;111348
" King's Cliffe, Regno Unito ";1;111349
" Atherton, California ";1;111350
" Apollo Beach, Florida ";1;111351
" Lyonville, Australia ";1;111352
" Shirwell, Regno Unito ";1;111353
" Chester, Massachusetts ";1;111354
" Athies-sous-Laon, Francia ";1;111355
" El Rito, New Mexico ";1;111356
" Clinton, New Jersey ";1;111357
" Stretto, Croazia ";1;111358
" Montecatini Terme, Italia ";1;111359
" Hoddesdon, Regno Unito ";1;111360
" Colton, California ";1;111361
" Chaiyaphum, Tailandia ";1;111362
" Máncora District, Perù ";1;111363
" Almissa, Croazia ";1;111364
" Fellbach, Germania ";1;111365
" Yelden, Regno Unito ";1;111366
" Dinuba, California ";1;111367
" Haverfordwest, Regno Unito ";1;111368
" Dwingeloo, Paesi Bassi ";1;111369
" Pöttmes, Germania ";1;111370
" Lawrence, New York ";1;111371
" Saint Helens, Australia ";1;111372
" Copper Mountain, Colorado ";1;111373
" Woodlands, Australia ";1;111374
" Navarre, Spagna ";1;111375
" Domdidier, Svizzera ";1;111376
" Oyer, Norvegia ";1;111377
" Roxbury, New York ";1;111378
" Sans Souci, South Carolina ";1;111379
" Myrtle Bank, Australia ";1;111380
" Elverta, California ";1;111381
" Le Pailly, Francia ";1;111382
" Amelia, Ohio ";1;111383
" Redway, California ";1;111384
" Albania ";1;111385
" Mondovi, Wisconsin ";1;111386
" Nayarit, Messico ";1;111387
" Northeim, Germania ";1;111388
" Hemmingen, Germania ";1;111389
" Maiori, Italia ";1;111390
" Piekary Slaskie, Polonia ";1;111391
" Witchampton, Regno Unito ";1;111392
" Rome, Georgia ";1;111393
" Cirebon, Indonesia ";1;111394
" Unionville, New York ";1;111395
" Senhora da Hora, Portogallo ";1;111396
" Rednal, Regno Unito ";1;111397
" New Albany, Mississippi ";1;111398
" La Seyne-sur-Mer, Francia ";1;111399
" West Rainton, Regno Unito ";1;111400
" Port Clinton, Ohio ";1;111401
" Chesham, Regno Unito ";1;111402
" Taylorsville, Utah ";1;111403
" Valenzuela City, Filippine ";1;111404
" All Stretton, Regno Unito ";1;111405
" Troutman, North Carolina ";1;111406
" Pizzo, Italia ";1;111407
" Chernivtsi, Ucraina ";1;111408
" Sandhurst, Regno Unito ";1;111409
" Lynbrook, New York ";1;111410
" Lamorlaye, Francia ";1;111411
" Artesia, California ";1;111412
" Nußdorf am Haunsberg, Austria ";1;111413
" Ocoyoacac, Messico ";1;111414
" Neydens, Francia ";1;111415
" Springfield, Tennessee ";1;111416
" Oswego, Illinois ";1;111417
" abljak, Montenegro ";1;111418
" Comfort, Texas ";1;111419
" Dikwella, Sri Lanka ";1;111420
" Limbri, Australia ";1;111421
" Bovec, Slovenia ";1;111422
" Pineuilh, Francia ";1;111423
" Perivolia, Cipro ";1;111424
" Island Lake, Illinois ";1;111425
" Magden, Svizzera ";1;111426
" Sakurai, Giappone ";1;111427
" Ingelheim am Rhein, Germania ";1;111428
" Walnut Tree, Regno Unito ";1;111429
" Concord, Australia ";1;111430
" Kolsassberg, Austria ";1;111431
" Neumünster, Germania ";1;111432
" Milner, Georgia ";1;111433
" Hamble-le-Rice, Regno Unito ";1;111434
" Kaukapakapa, Nuova Zelanda ";1;111435
" Schwarzach, Germania ";1;111436
" Haiku, Hawaii ";1;111437
" Timrå, Svezia ";1;111438
" Thani, Tailandia ";1;111439
" Goven, Francia ";1;111440
" Shelley, Regno Unito ";1;111441
" Feucht, Germania ";1;111442
" Plock, Polonia ";1;111443
" Vladimir, Russia ";1;111444
" Alba, Italia ";1;111445
" Helena, Alabama ";1;111446
" Kirk Ella, Regno Unito ";1;111447
" MIMAROPA, Filippine ";1;111448
" Dmitrov, Russia ";1;111449
" Makassar, Indonesia ";1;111450
" Trinity, Jersey ";1;111451
" Droxford, Regno Unito ";1;111452
" Saint Mellons, Regno Unito ";1;111453
" Queensbury, Regno Unito ";1;111454
" Rubí, Spagna ";1;111455
" Rosseau, Canada ";1;111456
" Cariacica, Brasile ";1;111457
" Haridwar, India ";1;111458
" Ekerö, Svezia ";1;111459
" Indian Rocks Beach, Florida ";1;111460
" Paterson, New Jersey ";1;111461
" Holt, Missouri ";1;111462
" Kurmond, Australia ";1;111463
" Colomiers, Francia ";1;111464
" Tealby, Regno Unito ";1;111465
" Baie-Saint-Paul, Canada ";1;111466
" Shelfield, Regno Unito ";1;111467
" Calw, Germania ";1;111468
" Grand Pré, Canada ";1;111469
" Navasota, Texas ";1;111470
" Lambertville, Michigan ";1;111471
" Oban, Regno Unito ";1;111472
" Dronfield, Regno Unito ";1;111473
" Durbuy, Belgio ";1;111474
" Alveston, Regno Unito ";1;111475
" Birr, Irlanda ";1;111476
" Hunton, Regno Unito ";1;111477
" Petit Bourg, Guadalupa ";1;111478
" Angola, New York ";1;111479
" Pruszków, Polonia ";1;111480
" Air Force Academy, Colorado ";1;111481
" Lustleigh, Regno Unito ";1;111482
" Büttelborn, Germania ";1;111483
" Aspers, Pennsylvania ";1;111484
" Los Baños, Filippine ";1;111485
" South Range, Wisconsin ";1;111486
" Oakleigh, Australia ";1;111487
" Rainton, Regno Unito ";1;111488
" Cabin John, Maryland ";1;111489
" Carshalton, Regno Unito ";1;111490
" Lindstrom, Minnesota ";1;111491
" ?opuchówko, Polonia ";1;111492
" Linwood, Michigan ";1;111493
" Peel, Isola di Man ";1;111494
" Benton City, Washington ";1;111495
" Palmyra, Australia ";1;111496
" Si??iewi, Malta ";1;111497
" Telford, Regno Unito ";1;111498
" Listowel, Irlanda ";1;111499
" Raufoss, Norvegia ";1;111500
" Poggio Gherardo, Italia ";1;111501
" Malone, New York ";1;111502
" Todber, Regno Unito ";1;111503
" Ballachulish, Regno Unito ";1;111504
" Sint Maarten ";1;111505
" Taino, Italia ";1;111506
" New Era, Michigan ";1;111507
" Coomboona, Australia ";1;111508
" Crediton, Regno Unito ";1;111509
" Puerto Aventuras, Messico ";1;111510
" Vivès, Francia ";1;111511
" Wesel, Germania ";1;111512
" Fern Park, Florida ";1;111513
" Poing, Germania ";1;111514
" Ampleforth, Regno Unito ";1;111515
" Sumy, Ucraina ";1;111516
" Nashotah, Wisconsin ";1;111517
" Jurançon, Francia ";1;111518
" Rignano Sull'arno, Italia ";1;111519
" Elverson, Pennsylvania ";1;111520
" Show Low, Arizona ";1;111521
" Ios, Grecia ";1;111522
" Hobart, Indiana ";1;111523
" Villa Park, California ";1;111524
" Addingham, Regno Unito ";1;111525
" Este, Italia ";1;111526
" Z?ngilan, Azerbaigian ";1;111527
" Wichtrach, Svizzera ";1;111528
" Campo Grande, Brasile ";1;111529
" Burns Lake, Canada ";1;111530
" Thornton Heath, Regno Unito ";1;111531
" Cherryville, Canada ";1;111532
" Smithville, Canada ";1;111533
" Aguilar, Colorado ";1;111534
" Greentown, Pennsylvania ";1;111535
" Tonawanda, New York ";1;111536
" Galanta, Slovacchia ";1;111537
" Dover, Ohio ";1;111538
" Waynesville, Ohio ";1;111539
" Mareuil, Francia ";1;111540
" Attainville, Francia ";1;111541
" La Colle-sur-Loup, Francia ";1;111542
" Templeton, Regno Unito ";1;111543
" Holtville, California ";1;111544
" Union, South Carolina ";1;111545
" Thorndike, Maine ";1;111546
" Brookville, Ohio ";1;111547
" Minnamurra, Australia ";1;111548
" Halnaker, Regno Unito ";1;111549
" Kintore, Regno Unito ";1;111550
" Clarkdale, Arizona ";1;111551
" Boury-en-Vexin, Francia ";1;111552
" San Juan City, Filippine ";1;111553
" Zgorzelec, Polonia ";1;111554
" Radnor, Pennsylvania ";1;111555
" Liberia, Costa Rica ";1;111556
" Höllviken, Svezia ";1;111557
" Kingsland, Georgia ";1;111558
" Rastatt, Germania ";1;111559
" Jülich, Germania ";1;111560
" Farmville, Virginia ";1;111561
" Leon, Nicaragua ";1;111562
" Laguna Vista, Texas ";1;111563
" Kalorama, Australia ";1;111564
" Whitehill, Regno Unito ";1;111565
" La Romana, Repubblica Dominicana ";1;111566
" Ada, Ohio ";1;111567
" Guyton, Georgia ";1;111568
" Manitouwadge, Canada ";1;111569
" Piano di Sorrento, Italia ";1;111570
" Hillside, Illinois ";1;111571
" Alford, Regno Unito ";1;111572
" Wiesloch, Germania ";1;111573
" Banbridge, Regno Unito ";1;111574
" Bayside, California ";1;111575
" Fire Island, New York ";1;111576
" Rauenberg, Germania ";1;111577
" Haunsheim, Germania ";1;111578
" Volnay, Côte-d'Or, Francia ";1;111579
" San Antonio, Florida ";1;111580
" Ballerup, ";1;111581
" Gomel, Bielorussia ";1;111582
" Bedford, Australia ";1;111583
" Ospitaletto, Italia ";1;111584
" Sakai Ward, Giappone ";1;111585
" Newcastle, Oklahoma ";1;111586
" Kelso, Washington ";1;111587
" Kimberling City, Missouri ";1;111588
" Wharton, Texas ";1;111589
" Schönbrunn im Steigerwald, Germania ";1;111590
" Cleethorpes, Regno Unito ";1;111591
" Pensacola Beach, Florida ";1;111592
" Moulay, Francia ";1;111593
" Red Hill, Australia ";1;111594
" Meyreuil, Francia ";1;111595
" Hörsching, Austria ";1;111596
" Bangholme, Australia ";1;111597
" Beekbergen, Paesi Bassi ";1;111598
" Flandreau, South ";1;111599
" Steinhausen an der Rottum, Germania ";1;111600
" Williamstown, West Virginia ";1;111601
" Saint-Jorioz, Francia ";1;111602
" Santa Margalida, Spagna ";1;111603
" Lapel, Indiana ";1;111604
" Gorokan, Australia ";1;111605
" Duvall, Washington ";1;111606
" Itajubá, Brasile ";1;111607
" Muswellbrook, Australia ";1;111608
" Hamura, Giappone ";1;111609
" Nikaia, Grecia ";1;111610
" Zarautz, Spagna ";1;111611
" Mantin, Malesia ";1;111612
" Hamina, Finlandia ";1;111613
" Murbach, Francia ";1;111614
" Ringarooma, Australia ";1;111615
" Reinach, Svizzera ";1;111616
" Binalong Bay, Australia ";1;111617
" Falset, Spagna ";1;111618
" Floyd, Iowa ";1;111619
" Castelar, Argentina ";1;111620
" Arras, Francia ";1;111621
" Douchy-les-Mines, Francia ";1;111622
" Seewen, Svizzera ";1;111623
" Seabrook, Texas ";1;111624
" Caringbah, Australia ";1;111625
" Isole Cook ";1;111626
" Deerfield, Wisconsin ";1;111627
" Sparrow Bush, New York ";1;111628
" Skövde, Svezia ";1;111629
" Tangshan, Cina ";1;111630
" Kenneth City, Florida ";1;111631
" Wise, Virginia ";1;111632
" Warren, Maine ";1;111633
" Vågåmo, Norvegia ";1;111634
" Aragona, Spagna ";1;111635
" Sassafras, Australia ";1;111636
" Myslenice, Polonia ";1;111637
" Contea di Yangpyeong, Corea del Sud ";1;111638
" Elda, Spagna ";1;111639
" Montbrison, Francia ";1;111640
" Lampasas, Texas ";1;111641
" Cranberry Portage, Canada ";1;111642
" Tyre, Libano ";1;111643
" Góra Siewierska, Polonia ";1;111644
" Weston, Australia ";1;111645
" Enskede, Svezia ";1;111646
" Oxford, Michigan ";1;111647
" Byron, Illinois ";1;111648
" Bethlehem, Georgia ";1;111649
" Stromeferry, Regno Unito ";1;111650
" Obrigheim, Germania ";1;111651
" Greve In Chianti, Italia ";1;111652
" Watson, Australia ";1;111653
" Vicente López, Argentina ";1;111654
" New Holland, Pennsylvania ";1;111655
" Cartagena de Indias, Colombia ";1;111656
" Nieder-Olm, Germania ";1;111657
" Nhulunbuy, Australia ";1;111658
" Avry, Svizzera ";1;111659
" Stanley, Idaho ";1;111660
" New Kensington, Pennsylvania ";1;111661
" Trastevere, Italia ";1;111662
" Reichstett, Francia ";1;111663
" Günzburg, Germania ";1;111664
" Bayan Lepas, Malesia ";1;111665
" Wingerworth, Regno Unito ";1;111666
" Moses Lake, Washington ";1;111667
" Park Orchards, Australia ";1;111668
" Drome, Australia ";1;111669
" Greater Sudbury, Canada ";1;111670
" Liebenau, Germania ";1;111671
" Bryant, Arkansas ";1;111672
" Paget Parish, Bermuda ";1;111673
" McCandless, Pennsylvania ";1;111674
" High Harrington, Regno Unito ";1;111675
" Sant Vicenç dels Horts, Spagna ";1;111676
" White Bear Lake, Minnesota ";1;111677
" Tilford, Regno Unito ";1;111678
" Kirkbride, Regno Unito ";1;111679
" Saint-Jeannet, Francia ";1;111680
" Memmingen, Germania ";1;111681
" Montrose, Australia ";1;111682
" Center Moriches, New York ";1;111683
" Luther, Michigan ";1;111684
" Saipan, Isole Marianne Settentrionali ";1;111685
" Pope Valley, California ";1;111686
" Hitzkirch, Svizzera ";1;111687
" Maîche, Francia ";1;111688
" Monrovia, Indiana ";1;111689
" Valdemorillo, Spagna ";1;111690
" Essendon, Regno Unito ";1;111691
" Barrow-in-Furness, Regno Unito ";1;111692
" Wisbech, Regno Unito ";1;111693
" Harlington, Regno Unito ";1;111694
" Millington, Tennessee ";1;111695
" Eckington, Regno Unito ";1;111696
" Doncaster, Australia ";1;111697
" Bamford, Regno Unito ";1;111698
" Modbury, Australia ";1;111699
" Isdalstø, Norvegia ";1;111700
" Austinville, Australia ";1;111701
" Talagante, Cile ";1;111702
" Ramlinsburg, Svizzera ";1;111703
" Heilbad Heiligenstadt, Germania ";1;111704
" Saint-André-les-Alpes, Francia ";1;111705
" El Tránsito, Nicaragua ";1;111706
" Whiteley, Regno Unito ";1;111707
" Triesenberg, Liechtenstein ";1;111708
" Bryant's Bottom, Regno Unito ";1;111709
" Rush, Colorado ";1;111710
" Vimercate, Italia ";1;111711
" Churchdown, Regno Unito ";1;111712
" Saint Albert, Canada ";1;111713
" Marcham, Regno Unito ";1;111714
" Bingen, Germania ";1;111715
" Maldegem, Belgio ";1;111716
" Reutte, Austria ";1;111717
" Dorrington, California ";1;111718
" Peebles, Regno Unito ";1;111719
" Kresna, Bulgaria ";1;111720
" Cinigiano, Italia ";1;111721
" Liskeard, Regno Unito ";1;111722
" Mulvane, Kansas ";1;111723
" Eastwood, Australia ";1;111724
" Plainfield, Massachusetts ";1;111725
" Wickham, Australia ";1;111726
" Mount Ousley, Australia ";1;111727
" Moama, Australia ";1;111728
" Westlake, Ohio ";1;111729
" El Gigante, Nicaragua ";1;111730
" Bogis-Bossey, Svizzera ";1;111731
" State of Mexico, Messico ";1;111732
" Southlake, Texas ";1;111733
" Vilobí d'Onyar, Spagna ";1;111734
" Waremme, Belgio ";1;111735
" Mynydd Isa, Regno Unito ";1;111736
" Kinzers, Pennsylvania ";1;111737
" Labruge, Portogallo ";1;111738
" Torsby, Svezia ";1;111739
" Montechiaro, Italia ";1;111740
" Changzhou, Cina ";1;111741
" Tokushima, Giappone ";1;111742
" Swan Island, Australia ";1;111743
" Distretto di Berkeley, New Jersey ";1;111744
" Carrabassett Valley, Maine ";1;111745
" Nebraska City, Nebraska ";1;111746
" Stanhope, New Jersey ";1;111747
" Felixsee, Germania ";1;111748
" Mooroopna, Australia ";1;111749
" Cala Gonone, Italia ";1;111750
" Ploërdut, Francia ";1;111751
" Osimo, Italia ";1;111752
" Hartbeespoort, Sudafrica ";1;111753
" Margherita di Savoia, Italia ";1;111754
" The Oaks, Australia ";1;111755
" Galliano, Louisiana ";1;111756
" Sainte-Julie, Canada ";1;111757
" Chiba, Giappone ";1;111758
" Readsboro, Vermont ";1;111759
" Mala Mostanica, Serbia ";1;111760
" Maffra, Australia ";1;111761
" Glasbury, Regno Unito ";1;111762
" Floriana, Malta ";1;111763
" Contea di Wicklow, Irlanda ";1;111764
" Losheim am See, Germania ";1;111765
" Hoeilaart, Belgio ";1;111766
" Aurora, Minnesota ";1;111767
" Vila-seca, Spagna ";1;111768
" Drayton, Regno Unito ";1;111769
" Loveland, Ohio ";1;111770
" Sains, Francia ";1;111771
" Solola, Guatemala ";1;111772
" Cave Junction, Oregon ";1;111773
" Phegans Bay, Australia ";1;111774
" Long Ditton, Regno Unito ";1;111775
" Harlan, Iowa ";1;111776
" Ridgecrest, California ";1;111777
" Burbank, Illinois ";1;111778
" Albona, Croazia ";1;111779
" Evergreen Park, Illinois ";1;111780
" Aztec, New Mexico ";1;111781
" Valmiera, Lettonia ";1;111782
" Dumaguete, Filippine ";1;111783
" Dommartin, Francia ";1;111784
" Wandina, Australia ";1;111785
" Gurmels, Svizzera ";1;111786
" Tecumseh, Canada ";1;111787
" Medford Lakes, New Jersey ";1;111788
" Big Bend National Park, Texas ";1;111789
" Moissac, Francia ";1;111790
" Washington, Georgia ";1;111791
" Lohiniva, Finlandia ";1;111792
" Sydney Olympic Park, Australia ";1;111793
" Hancock, Minnesota ";1;111794
" Farmingdale, Maine ";1;111795
" Bierbeek, Belgio ";1;111796
" Cherryville, North Carolina ";1;111797
" Mittenwald, Germania ";1;111798
" Grand Gorge, New York ";1;111799
" Colonia Department, Uruguay ";1;111800
" Kettering, Regno Unito ";1;111801
" Saint Elmo, Illinois ";1;111802
" Persbo, Svezia ";1;111803
" Atwater, California ";1;111804
" Creston, Ohio ";1;111805
" Powhatan, Virginia ";1;111806
" Coco, Costa Rica ";1;111807
" Zillmere, Australia ";1;111808
" Boalsburg, Pennsylvania ";1;111809
" Hall, New York ";1;111810
" Bovina, New York ";1;111811
" Floyds Knobs, Indiana ";1;111812
" Guiting Power, Regno Unito ";1;111813
" Bakewell, Australia ";1;111814
" Lake Cathie, Australia ";1;111815
" Gorebridge, Regno Unito ";1;111816
" Effingham, New Hampshire ";1;111817
" Villepreux, Francia ";1;111818
" Hilton, Australia ";1;111819
" Svinningeudd, Svezia ";1;111820
" Cannon Falls, Minnesota ";1;111821
" Albion, Australia ";1;111822
" Gisborne, Australia ";1;111823
" Ejstrupholm, ";1;111824
" Togitsu, Giappone ";1;111825
" Weert, Paesi Bassi ";1;111826
" Schöfweg, Germania ";1;111827
" Staffanstorp, Svezia ";1;111828
" Goslar, Germania ";1;111829
" Lanner, Regno Unito ";1;111830
" Thomaston, Maine ";1;111831
" Henderson, Louisiana ";1;111832
" Trældal, Norvegia ";1;111833
" Craiova, Romania ";1;111834
" Oroville, California ";1;111835
" Aden, Yemen ";1;111836
" Newton-in-Bowland, Regno Unito ";1;111837
" Neo Psychiko, Grecia ";1;111838
" Glenside, Australia ";1;111839
" Sylt, Germania ";1;111840
" Pietrasanta, Italia ";1;111841
" Santiago Canyon, California ";1;111842
" Oudenaarde, Belgio ";1;111843
" Vélizy-Villacoublay, Francia ";1;111844
" Holloways Beach, Australia ";1;111845
" Romney Marsh, Regno Unito ";1;111846
" Eaubonne, Francia ";1;111847
" Sort, Spagna ";1;111848
" Pateros, Filippine ";1;111849
" Aberdeen, South ";1;111850
" Archer, Florida ";1;111851
" Castle Douglas, Regno Unito ";1;111852
" Laroque-de-Fa, Francia ";1;111853
" Aradippou, Cipro ";1;111854
" Zillah, Washington ";1;111855
" Lisse, Paesi Bassi ";1;111856
" Louisville, Illinois ";1;111857
" Handen, Svezia ";1;111858
" Germantown, New York ";1;111859
" Elk, California ";1;111860
" Komoka, Canada ";1;111861
" Brooklyn Park, Minnesota ";1;111862
" Okaihau, Nuova Zelanda ";1;111863
" Andover, Vermont ";1;111864
" Valrico, Florida ";1;111865
" Baia di Spisone Taormina, Italia ";1;111866
" Lazio, Italia ";1;111867
" Anthony, New Mexico ";1;111868
" Kawachinagano, Giappone ";1;111869
" Obertraubling, Germania ";1;111870
" St Thomas, Isole Vergini Americane ";1;111871
" Lancing, Regno Unito ";1;111872
" Wandsworth, Regno Unito ";1;111873
" Oak Hill, Virginia ";1;111874
" Freamunde, Portogallo ";1;111875
" Ouistreham, Francia ";1;111876
" Gerringong, Australia ";1;111877
" Featherstone, Regno Unito ";1;111878
" Mableton, Georgia ";1;111879
" Weott, California ";1;111880
" Aurskog, Norvegia ";1;111881
" Ruda Slaska, Polonia ";1;111882
" East Jewett, New York ";1;111883
" Lindenhurst, New York ";1;111884
" Quang Nam Province, Vietnam ";1;111885
" Bahama, North Carolina ";1;111886
" Bad Essen, Germania ";1;111887
" Ullastrell, Spagna ";1;111888
" Kirkbymoorside, Regno Unito ";1;111889
" Dinhard, Svizzera ";1;111890
" Frazier Park, California ";1;111891
" Edwardsville, Illinois ";1;111892
" Minokamo, Giappone ";1;111893
" Sterling, Colorado ";1;111894
" Uvita, Costa Rica ";1;111895
" Delavan, Wisconsin ";1;111896
" Linville, Virginia ";1;111897
" Felton, Regno Unito ";1;111898
" Riyadh Province, Arabia Saudita ";1;111899
" Leszno, Polonia ";1;111900
" West Mackay, Australia ";1;111901
" Great Orton, Regno Unito ";1;111902
" Clanfield, Regno Unito ";1;111903
" Millerton, New York ";1;111904
" Gignac-la-Nerthe, Francia ";1;111905
" Yateley, Regno Unito ";1;111906
" Maringá, Brasile ";1;111907
" Aversa, Italia ";1;111908
" Lehola, Estonia ";1;111909
" Helland, Regno Unito ";1;111910
" Verneuil-sur-Avre, Francia ";1;111911
" Hösbach, Germania ";1;111912
" Helensburgh, Regno Unito ";1;111913
" St. George, Maine ";1;111914
" Hebron, Regno Unito ";1;111915
" Milford, Delaware ";1;111916
" Parede, Portogallo ";1;111917
" Perù, Indiana ";1;111918
" Grasbrunn, Germania ";1;111919
" Baldock, Regno Unito ";1;111920
" Gjirokaster, Albania ";1;111921
" Aumühle, Germania ";1;111922
" Saint-Nicolas, Canada ";1;111923
" Lower Sackville, Canada ";1;111924
" Ifran, Marocco ";1;111925
" Wetzlar, Germania ";1;111926
" Strathmore, Canada ";1;111927
" Saint-Jean-de-Védas, Francia ";1;111928
" Corinda, Australia ";1;111929
" Marpiré, Francia ";1;111930
" Johnston, Rhode Island ";1;111931
" Pacific Pines, Australia ";1;111932
" Saint-Selve, Francia ";1;111933
" Braunstone Town, Regno Unito ";1;111934
" Wollerau, Svizzera ";1;111935
" Mulhuddart, Irlanda ";1;111936
" Bosham, Regno Unito ";1;111937
" Ovington, Regno Unito ";1;111938
" Monvalle, Italia ";1;111939
" Rathgar, Irlanda ";1;111940
" Fern Tree, Australia ";1;111941
" Tirat Carmel, Israele ";1;111942
" Edingen-Neckarhausen, Germania ";1;111943
" West Wallsend, Australia ";1;111944
" Uherske Hradiste, Repubblica Ceca ";1;111945
" Villé, Francia ";1;111946
" Eijsden, Paesi Bassi ";1;111947
" Korçë, Albania ";1;111948
" Forde, Australia ";1;111949
" Baka, Croazia ";1;111950
" Vois, Austria ";1;111951
" Sand, Norvegia ";1;111952
" Hillarys, Australia ";1;111953
" Herne Bay, Regno Unito ";1;111954
" Lancaster, Ohio ";1;111955
" Mount Lebanon, Libano ";1;111956
" Logatec, Slovenia ";1;111957
" Chasiv Yar, Ucraina ";1;111958
" Gustavsberg, Svezia ";1;111959
" Pasadena, Canada ";1;111960
" Glasgow, West Virginia ";1;111961
" West Horrington, Regno Unito ";1;111962
" Domat/Ems, Svizzera ";1;111963
" Tait?, Giappone ";1;111964
" Chesterton, Regno Unito ";1;111965
" Washington, Virginia ";1;111966
" Bondi Junction, Australia ";1;111967
" Trani, Italia ";1;111968
" Blaufelden, Germania ";1;111969
" Montvale, New Jersey ";1;111970
" Grand Rivers, Kentucky ";1;111971
" Longlevens, Regno Unito ";1;111972
" Bosques, Argentina ";1;111973
" Vernon, Francia ";1;111974
" Anna Maria, Florida ";1;111975
" Burgundy, Francia ";1;111976
" Stans, Svizzera ";1;111977
" Castle Cary, Regno Unito ";1;111978
" Denia, Spagna ";1;111979
" South Chailey, Regno Unito ";1;111980
" West-Terschelling, Paesi Bassi ";1;111981
" Leeste, Germania ";1;111982
" Les Pennes-Mirabeau, Francia ";1;111983
" Burford, Regno Unito ";1;111984
" Mount Pleasant, North Carolina ";1;111985
" Kaperich, Germania ";1;111986
" Lawndale, California ";1;111987
" Hot Springs, South ";1;111988
" Eckental, Germania ";1;111989
" King Creek, Australia ";1;111990
" Pleasant Hill, Iowa ";1;111991
" Greeley, Pennsylvania ";1;111992
" Lorain, Ohio ";1;111993
" Nuuk, Groenlandia ";1;111994
" Collieston, Regno Unito ";1;111995
" Sahibzada Ajit Singh Nagar, India ";1;111996
" Nantwich, Regno Unito ";1;111997
" Casciago, Italia ";1;111998
" Jefferson, Ohio ";1;111999
" Truchas, New Mexico ";1;112000
" Antofagasta, Cile ";1;112001
" Preston, Washington ";1;112002
" Puerto del Carmen, Spagna ";1;112003
" Gand, New York ";1;112004
" Gloucester Point, Virginia ";1;112005
" Baoding, Cina ";1;112006
" Clane, Irlanda ";1;112007
" Bellingham, Massachusetts ";1;112008
" Bridge of Don, Regno Unito ";1;112009
" Naka Ward, Giappone ";1;112010
" Gliwice, Polonia ";1;112011
" Bristol, Maine ";1;112012
" Koksijde, Belgio ";1;112013
" ROYAL OAKS, California ";1;112014
" Lower Island Cove, Canada ";1;112015
" Fruitport charter township, Michigan ";1;112016
" Excelsior, Minnesota ";1;112017
" Loughrea, Irlanda ";1;112018
" Saint Arvans, Regno Unito ";1;112019
" Elizabethton, Tennessee ";1;112020
" Anniston, Alabama ";1;112021
" Sremska Mitrovica, Serbia ";1;112022
" Eureka, Illinois ";1;112023
" Narangba, Australia ";1;112024
" Folégandros, Grecia ";1;112025
" Keighley, Regno Unito ";1;112026
" Wilton, New York ";1;112027
" Simpang Ampat, Malesia ";1;112028
" Paeroa, Nuova Zelanda ";1;112029
" Township of Taylorsville, North Carolina ";1;112030
" Norwood, Ohio ";1;112031
" Grimsby, Canada ";1;112032
" Great Oakley, Regno Unito ";1;112033
" Skedsmokorset, Norvegia ";1;112034
" Oudorp, Paesi Bassi ";1;112035
" Clarkston, Georgia ";1;112036
" Laakdal, Belgio ";1;112037
" Moissy-Cramayel, Francia ";1;112038
" Sanlúcar la Mayor, Spagna ";1;112039
" Mirano, Italia ";1;112040
" Villetaneuse, Francia ";1;112041
" Saint-Laurent-de-la-Salanque, Francia ";1;112042
" Weßling, Germania ";1;112043
" Meana Sardo, Italia ";1;112044
" Cessnock, Australia ";1;112045
" Bangalee, Australia ";1;112046
" Schoonrewoerd, Paesi Bassi ";1;112047
" Grathem, Paesi Bassi ";1;112048
" Aylsham, Regno Unito ";1;112049
" Te Aroha, Nuova Zelanda ";1;112050
" Runwell, Regno Unito ";1;112051
" Tamano, Giappone ";1;112052
" Whangamata, Nuova Zelanda ";1;112053
" Frechen, Germania ";1;112054
" Mellingen, Svizzera ";1;112055
" Humboldt Hill, California ";1;112056
" San Ysidro, New Mexico ";1;112057
" Avellino, Italia ";1;112058
" Fuschl, Austria ";1;112059
" Mariano Comense, Italia ";1;112060
" La Ravoire, Francia ";1;112061
" Yelapa, Messico ";1;112062
" Paraparaumu, Nuova Zelanda ";1;112063
" San Michele In Bosco, Italia ";1;112064
" Osøyro, Norvegia ";1;112065
" Herbault, Francia ";1;112066
" Albrighton, Regno Unito ";1;112067
" Bad Reichenhall, Germania ";1;112068
" Roskilde County, ";1;112069
" Triggiano, Italia ";1;112070
" Iklin, Malta ";1;112071
" Camber, Regno Unito ";1;112072
" Hellange, Lussemburgo ";1;112073
" Little Hartley, Australia ";1;112074
" Podkowa Lesna, Polonia ";1;112075
" Williamston, South Carolina ";1;112076
" Winslow, Regno Unito ";1;112077
" Garrett Park, Maryland ";1;112078
" Yamato, Giappone ";1;112079
" Lissone, Italia ";1;112080
" Kingskerswell, Regno Unito ";1;112081
" Dülmen, Germania ";1;112082
" Hauppauge, New York ";1;112083
" Kirn, Germania ";1;112084
" Ketsch, Germania ";1;112085
" Ursel, Belgio ";1;112086
" Machans Beach, Australia ";1;112087
" Bellwald, Svizzera ";1;112088
" Oconto Falls, Wisconsin ";1;112089
" Oberwart, Austria ";1;112090
" Fort Leonard Wood, Missouri ";1;112091
" Dundas, Minnesota ";1;112092
" Kriftel, Germania ";1;112093
" Palm Springs, Florida ";1;112094
" Hermiston, Oregon ";1;112095
" Beale Air Force Base, California ";1;112096
" Rhinelander, Wisconsin ";1;112097
" Arruda dos Vinhos, Portogallo ";1;112098
" Ruffs ";1;112099
" Buxtehude, Germania ";1;112100
" Eatons Hill, Australia ";1;112101
" Quang Ngai, Vietnam ";1;112102
" North Pole, Alaska ";1;112103
" Dourdan, Francia ";1;112104
" Horst, Limburg, Paesi Bassi ";1;112105
" Terrasini, Italia ";1;112106
" Molins de Rei, Spagna ";1;112107
" Bassa Sassonia, Germania ";1;112108
" Possum Brush, Australia ";1;112109
" Clonskeagh, Irlanda ";1;112110
" Dominica ";1;112111
" Oakland charter Township, Michigan ";1;112112
" Watersmeet, Michigan ";1;112113
" Doonan, Australia ";1;112114
" Mt Prospect, Illinois ";1;112115
" Brigham City, Utah ";1;112116
" Olympic Valley, California ";1;112117
" Nazaré, Portogallo ";1;112118
" Donnington, Regno Unito ";1;112119
" Mount Victoria, Australia ";1;112120
" Saint-Colomban, Canada ";1;112121
" Droylsden, Regno Unito ";1;112122
" Murrells Inlet, South Carolina ";1;112123
" Nixon, Texas ";1;112124
" Tsiigehtchic, Canada ";1;112125
" Lyn, Canada ";1;112126
" Caxias do Sul, Brasile ";1;112127
" Raetihi, Nuova Zelanda ";1;112128
" Old Romney, Regno Unito ";1;112129
" Binton, Regno Unito ";1;112130
" Hobgood, North Carolina ";1;112131
" Warsash, Regno Unito ";1;112132
" Nixa, Missouri ";1;112133
" Leicester Forest East, Regno Unito ";1;112134
" Cerdanyola, Spagna ";1;112135
" Hoogvliet, Paesi Bassi ";1;112136
" Kidlington, Regno Unito ";1;112137
" Næstved, ";1;112138
" Tavros, Grecia ";1;112139
" Flowery Branch, Georgia ";1;112140
" Reydon, Regno Unito ";1;112141
" Kinshasa, Repubblica Democratica del Congo ";1;112142
" Wilton, California ";1;112143
" Begijnendijk, Belgio ";1;112144
" Pershotravens'k, Ucraina ";1;112145
" Geneva, Ohio ";1;112146
" Gadsden, Alabama ";1;112147
" Marknesse, Paesi Bassi ";1;112148
" Ennepetal, Germania ";1;112149
" Maesycrugiau, Regno Unito ";1;112150
" Los Cristianos, Spagna ";1;112151
" Sanda, Giappone ";1;112152
" Conway, South Carolina ";1;112153
" Tamworth, Regno Unito ";1;112154
" Clinton, Illinois ";1;112155
" Mouazé, Francia ";1;112156
" Castlegar, Irlanda ";1;112157
" Culiacán Rosales, Messico ";1;112158
" Montmorency, Francia ";1;112159
" Revesby, Australia ";1;112160
" Enumclaw, Washington ";1;112161
" Tanjung Tokong, Malesia ";1;112162
" Varsseveld, Paesi Bassi ";1;112163
" Niel, Belgio ";1;112164
" Jennings, Louisiana ";1;112165
" Lamporecchio, Italia ";1;112166
" Nord-Passo di Calais, Francia ";1;112167
" Nuevo Vallarta, Messico ";1;112168
" Vadnais Heights, Minnesota ";1;112169
" Canton, Kansas ";1;112170
" Sutton, Massachusetts ";1;112171
" Page, Arizona ";1;112172
" Peacehaven, Regno Unito ";1;112173
" Cedar Falls, Iowa ";1;112174
" Modautal, Germania ";1;112175
" Kaanapali, Hawaii ";1;112176
" Elm Grove, Wisconsin ";1;112177
" Elrick, Regno Unito ";1;112178
" Balcatta, Australia ";1;112179
" Wyberton, Regno Unito ";1;112180
" Lengenfeld, Germania ";1;112181
" Cambogia ";1;112182
" Popayán, Colombia ";1;112183
" Max, Nebraska ";1;112184
" Mount Abu, India ";1;112185
" Santa Margherita Ligure, Italia ";1;112186
" Gy-l'Évêque, Francia ";1;112187
" Great Mills, Maryland ";1;112188
" Springfield, Pennsylvania ";1;112189
" Forestville, Australia ";1;112190
" Perissa, Grecia ";1;112191
" Be??yce, Polonia ";1;112192
" Monticello, Indiana ";1;112193
" Kasson, Minnesota ";1;112194
" Uthaug, Norvegia ";1;112195
" Seaview Downs, Australia ";1;112196
" Easingwold, Regno Unito ";1;112197
" Leesville, Louisiana ";1;112198
" Sint Pancras, Paesi Bassi ";1;112199
" Cannonvale, Australia ";1;112200
" Puerto Montt, Cile ";1;112201
" Stelle, Germania ";1;112202
" Presidente Prudente, Brasile ";1;112203
" Kitty Hawk, North Carolina ";1;112204
" Uttar Pradesh, India ";1;112205
" Cordele, Georgia ";1;112206
" Rosebery, Australia ";1;112207
" L'Hospitalet de Llobregat, Spagna ";1;112208
" Falkland, Regno Unito ";1;112209
" Peyrolles-en-Provence, Francia ";1;112210
" Elanora Heights, Australia ";1;112211
" San Gwann, Malta ";1;112212
" Bourg-en-Bresse, Francia ";1;112213
" Algiers Province, Algeria ";1;112214
" Bettembourg, Lussemburgo ";1;112215
" Mountbellew, Irlanda ";1;112216
" Andoversford, Regno Unito ";1;112217
" Stevenson Ranch, California ";1;112218
" Herzogenburg, Austria ";1;112219
" Val-de-Reuil, Francia ";1;112220
" Inverness, Illinois ";1;112221
" Dunboyne, Irlanda ";1;112222
" Villamayor, Spagna ";1;112223
" Brentford, Regno Unito ";1;112224
" South Golden Beach, Australia ";1;112225
" Treglio, Italia ";1;112226
" Leeds, Alabama ";1;112227
" Nynäshamn, Svezia ";1;112228
" County Donegal, Irlanda ";1;112229
" Dural, Australia ";1;112230
" Tall Timbers, Maryland ";1;112231
" Weligama, Sri Lanka ";1;112232
" Calafell, Spagna ";1;112233
" Cedar Hill, Missouri ";1;112234
" Altoona, Pennsylvania ";1;112235
" Alfara del Patriarca, Spagna ";1;112236
" Bron, Francia ";1;112237
" Le Cendre, Francia ";1;112238
" Sopron, Ungheria ";1;112239
" Anger, Germania ";1;112240
" Henley Beach, Australia ";1;112241
" Battaramulla, Sri Lanka ";1;112242
" Corbeanca, Romania ";1;112243
" Saint Paul's Bay, Malta ";1;112244
" Forked River, New Jersey ";1;112245
" Sanford, North Carolina ";1;112246
" Aldgate, Australia ";1;112247
" Mutlangen, Germania ";1;112248
" Hawally, Kuwait ";1;112249
" Maple Falls, Washington ";1;112250
" Caledonia, Minnesota ";1;112251
" Diamond Beach, Australia ";1;112252
" Kingsville, Australia ";1;112253
" Peñafiel, Spagna ";1;112254
" Saugeen Shores, Canada ";1;112255
" Caspe, Spagna ";1;112256
" Chavornay, Svizzera ";1;112257
" Zwiesel, Germania ";1;112258
" Saratoga, Australia ";1;112259
" Merizo, Guam ";1;112260
" Carneys Point Township, New Jersey ";1;112261
" St. Cloud, Florida ";1;112262
" Portovenere, Italia ";1;112263
" Öhringen, Germania ";1;112264
" Leamington Spa, Regno Unito ";1;112265
" Fallbrook, Canada ";1;112266
" Wahiaw?, Hawaii ";1;112267
" East Maitland, Australia ";1;112268
" Gärdsta, Svezia ";1;112269
" Kubutambahan, Indonesia ";1;112270
" Magny-le-Hongre, Francia ";1;112271
" Barony of Polop, Spagna ";1;112272
" Placencia, Belize ";1;112273
" Körle, Germania ";1;112274
" Lympstone, Regno Unito ";1;112275
" Ormesby, Regno Unito ";1;112276
" Isenbüttel, Germania ";1;112277
" Marienville, Pennsylvania ";1;112278
" Cookstown, New Jersey ";1;112279
" Derby, Australia ";1;112280
" Hana, Hawaii ";1;112281
" Ferndown, Regno Unito ";1;112282
" Boca Chica, Repubblica Dominicana ";1;112283
" Douglassville, Pennsylvania ";1;112284
" East Palestine, Ohio ";1;112285
" North Cheriton, Regno Unito ";1;112286
" Sheringham, Regno Unito ";1;112287
" Cruseilles, Francia ";1;112288
" Natural Bridge Station, Virginia ";1;112289
" Hat Yai, Tailandia ";1;112290
" Goianésia, Brasile ";1;112291
" Wismar, Germania ";1;112292
" Elz, Germania ";1;112293
" Paradise, Canada ";1;112294
" Central Greenwich, Canada ";1;112295
" Epping, Regno Unito ";1;112296
" Uedem, Germania ";1;112297
" Saclay, Francia ";1;112298
" Leavenworth, Washington ";1;112299
" Saint-Lambert-du-Lattay, Francia ";1;112300
" Haskovo, Bulgaria ";1;112301
" Woodcroft, Australia ";1;112302
" Tunisia ";1;112303
" Richfield Springs, New York ";1;112304
" Wymah, Australia ";1;112305
" Loddiswell, Regno Unito ";1;112306
" Enfield, Connecticut ";1;112307
" Brüggen, Germania ";1;112308
" Stocksfield, Regno Unito ";1;112309
" Le Locle, Svizzera ";1;112310
" Maryville, Missouri ";1;112311
" Perham, Minnesota ";1;112312
" Barossa Goldfields, Australia ";1;112313
" Chinon, Francia ";1;112314
" Bushnell, Florida ";1;112315
" Honomu, Hawaii ";1;112316
" Bassingbourn, Regno Unito ";1;112317
" East Flat Rock, North Carolina ";1;112318
" Ogaki, Giappone ";1;112319
" Conthey, Svizzera ";1;112320
" Kaufbeuren, Germania ";1;112321
" Merenberg, Germania ";1;112322
" Easton, Regno Unito ";1;112323
" Condobolin, Australia ";1;112324
" Emmett, Idaho ";1;112325
" Chaah, Malesia ";1;112326
" Wandin North, Australia ";1;112327
" Sabadell, Spagna ";1;112328
" Blanding, Utah ";1;112329
" Giesbeek, Paesi Bassi ";1;112330
" Arenas de San Pedro, Spagna ";1;112331
" Yachiyo, Giappone ";1;112332
" University Heights, Ohio ";1;112333
" Albertslund, ";1;112334
" Jerome, Arizona ";1;112335
" Mandurah, Australia ";1;112336
" Kwintsheul, Paesi Bassi ";1;112337
" Rochester, Washington ";1;112338
" Shipton Moyne, Regno Unito ";1;112339
" Higashimurayama, Giappone ";1;112340
" Tyrone, Georgia ";1;112341
" Gwangju-si, Corea del Sud ";1;112342
" Paola, Malta ";1;112343
" Mamer, Lussemburgo ";1;112344
" Torre del Greco, Italia ";1;112345
" Tempe, Australia ";1;112346
" Windsor, Colorado ";1;112347
" Ronchin, Francia ";1;112348
" Custer, South ";1;112349
" IJlst, Paesi Bassi ";1;112350
" Bellambi, Australia ";1;112351
" Middle Island, New York ";1;112352
" Ona, West Virginia ";1;112353
" Adbury, Regno Unito ";1;112354
" Tamborine, Australia ";1;112355
" Greenhithe, Regno Unito ";1;112356
" Bitterfeld-Wolfen, Germania ";1;112357
" Romsey, Australia ";1;112358
" Tuguegarao City, Filippine ";1;112359
" Ardee, Irlanda ";1;112360
" Colusa, California ";1;112361
" Mol, Belgio ";1;112362
" Rydskov, ";1;112363
" Ramsgate Street, Regno Unito ";1;112364
" Kenilworth, Illinois ";1;112365
" Ganderkesee, Germania ";1;112366
" Montour Falls, New York ";1;112367
" Montreal-West, Canada ";1;112368
" Codogné, Italia ";1;112369
" Husum, Germania ";1;112370
" Great Kingshill, Regno Unito ";1;112371
" Rushcutters Bay, Australia ";1;112372
" Olongapo, Filippine ";1;112373
" Swift Current, Canada ";1;112374
" Helendale, California ";1;112375
" Flagg, Regno Unito ";1;112376
" Mendham Township, New Jersey ";1;112377
" Matten bei Interlaken, Svizzera ";1;112378
" Bingen, Washington ";1;112379
" Canowindra, Australia ";1;112380
" Achnamara, Regno Unito ";1;112381
" Sipoo, Finlandia ";1;112382
" Galmpton, Regno Unito ";1;112383
" Vendôme, Francia ";1;112384
" Safety Beach, Australia ";1;112385
" Hauts-de-France, Francia ";1;112386
" Naalehu, Hawaii ";1;112387
" Lorn, Australia ";1;112388
" Thomasville, Georgia ";1;112389
" Matsudo, Giappone ";1;112390
" Monasterboice, Irlanda ";1;112391
" Savannah, New York ";1;112392
" Frodsham, Regno Unito ";1;112393
" Ili Ili, Samoa Americane ";1;112394
" Randers, ";1;112395
" Vergennes, Vermont ";1;112396
" Tillson, New York ";1;112397
" Gaven, Australia ";1;112398
" Ennismore, Canada ";1;112399
" Belmont, Regno Unito ";1;112400
" West Seneca, New York ";1;112401
" Hampden, Massachusetts ";1;112402
" Downs Barn, Regno Unito ";1;112403
" Grou, Paesi Bassi ";1;112404
" Mount Edgecombe, Sudafrica ";1;112405
" Keyport, Washington ";1;112406
" Tillières-sur-Avre, Francia ";1;112407
" Grabouw, Sudafrica ";1;112408
" Kalisz, Polonia ";1;112409
" Arkansas City, Kansas ";1;112410
" Vincentia, Australia ";1;112411
" Dol pri Ljubljani, Slovenia ";1;112412
" Épernay, Francia ";1;112413
" Rovato, Italia ";1;112414
" North Plains, Oregon ";1;112415
" Ballston Lake, New York ";1;112416
" Horst, Paesi Bassi ";1;112417
" Tooele, Utah ";1;112418
" Lelekovice, Repubblica Ceca ";1;112419
" Lasne, Belgio ";1;112420
" Winchcombe, Regno Unito ";1;112421
" Pelham, Alabama ";1;112422
" Piteå, Svezia ";1;112423
" Sydenham, Australia ";1;112424
" Sørbøvågen, Norvegia ";1;112425
" Nofit, Israele ";1;112426
" Merzenich, Germania ";1;112427
" Sicamous, Canada ";1;112428
" Fernando de Noronha, Brasile ";1;112429
" Panjin, Cina ";1;112430
" Hennersdorf bei Wien, Austria ";1;112431
" Oosterzele, Belgio ";1;112432
" Otho, Iowa ";1;112433
" Thônex, Svizzera ";1;112434
" Chaville, Francia ";1;112435
" Simpson, Canada ";1;112436
" Gumi-si, Corea del Sud ";1;112437
" Corbie, Francia ";1;112438
" Pessac, Francia ";1;112439
" Bloomingdale, New Jersey ";1;112440
" Ahorn, Germania ";1;112441
" Katrine, Canada ";1;112442
" De Haan, Belgio ";1;112443
" Sordio, Italia ";1;112444
" Pickens, South Carolina ";1;112445
" Rimouski, Canada ";1;112446
" Baldwin City, Kansas ";1;112447
" Nesbyen, Norvegia ";1;112448
" Borbotó, Spagna ";1;112449
" Bercher, Svizzera ";1;112450
" Mousehole, Regno Unito ";1;112451
" LaBelle, Canada ";1;112452
" Deeping Saint James, Regno Unito ";1;112453
" Wheeling, West Virginia ";1;112454
" Springville, Indiana ";1;112455
" Ayabe, Giappone ";1;112456
" Shaw, Regno Unito ";1;112457
" Devereux Creek, Australia ";1;112458
" Alpalhão, Portogallo ";1;112459
" Hatfield, Massachusetts ";1;112460
" Recanati, Italia ";1;112461
" Las Piñas, Filippine ";1;112462
" Bluffdale, Utah ";1;112463
" Thiais, Francia ";1;112464
" Gharb, Malta ";1;112465
" Jannali, Australia ";1;112466
" Harbor Beach, Michigan ";1;112467
" Balzers, Liechtenstein ";1;112468
" Sindelfingen, Germania ";1;112469
" Neskaupstadur, Islanda ";1;112470
" Ware, Regno Unito ";1;112471
" Folkestone, Regno Unito ";1;112472
" Duiven, Paesi Bassi ";1;112473
" Athis-Mons, Francia ";1;112474
" Catawissa, Missouri ";1;112475
" Bramber, Regno Unito ";1;112476
" Mont-Saint-Hilaire, Canada ";1;112477
" Rockaway Beach, Oregon ";1;112478
" Runcorn, Regno Unito ";1;112479
" Hoyland, Regno Unito ";1;112480
" Appomattox, Virginia ";1;112481
" Mulmur, Canada ";1;112482
" Troubky, Repubblica Ceca ";1;112483
" Big Sur, California ";1;112484
" Pleven, Bulgaria ";1;112485
" Ormskirk, Regno Unito ";1;112486
" Landau an der Isar, Germania ";1;112487
" Hagley, Regno Unito ";1;112488
" Denhams Beach, Australia ";1;112489
" South Normanton, Regno Unito ";1;112490
" Puerto Morelos, Messico ";1;112491
" Kathu, Tailandia ";1;112492
" Franklin, Pennsylvania ";1;112493
" Amman Governorate, Giordania ";1;112494
" Keith, Regno Unito ";1;112495
" Saint-Marcel, Francia ";1;112496
" Plesder, Francia ";1;112497
" Novara, Italia ";1;112498
" Aizenay, Francia ";1;112499
" Bourg-lès-Valence, Francia ";1;112500
" Tongala, Australia ";1;112501
" South Sulawesi, Indonesia ";1;112502
" Wrawby, Regno Unito ";1;112503
" Ringwood, Australia ";1;112504
" Kamen, Germania ";1;112505
" Colima, Messico ";1;112506
" Bassa, Italia ";1;112507
" Watervliet, New York ";1;112508
" Montilla, Spagna ";1;112509
" Tumut, Australia ";1;112510
" Ashland, Massachusetts ";1;112511
" Colle di Cerignano, Italia ";1;112512
" Ave Maria, Florida ";1;112513
" Udelnaya, Russia ";1;112514
" Wapato, Washington ";1;112515
" Mordialloc, Australia ";1;112516
" Narrabundah, Australia ";1;112517
" Cedar Key, Florida ";1;112518
" Adamstown, Maryland ";1;112519
" Laurencekirk, Regno Unito ";1;112520
" Worksop, Regno Unito ";1;112521
" Borken, Germania ";1;112522
" Ryde, Regno Unito ";1;112523
" Termonbarry, Irlanda ";1;112524
" Douarnenez, Francia ";1;112525
" Niederwerth, Germania ";1;112526
" Toyokawa, Giappone ";1;112527
" Costa da Caparica, Portogallo ";1;112528
" Kingaroy, Australia ";1;112529
" Ouderkerk aan de Amstel, Paesi Bassi ";1;112530
" Kokhav Ya'ir, Israele ";1;112531
" Lake Geneva, Wisconsin ";1;112532
" Montreat, North Carolina ";1;112533
" Prishtina ";1;112534
" Utting, Germania ";1;112535
" Endwell, New York ";1;112536
" Saint-Georges-sur-Cher, Francia ";1;112537
" Schenefeld, Germania ";1;112538
" Catshill, Regno Unito ";1;112539
" Lüdinghausen, Germania ";1;112540
" Lemoore, California ";1;112541
" Millers Forest, Australia ";1;112542
" Gonzales, Louisiana ";1;112543
" Guardiagrele, Italia ";1;112544
" Boxford, Regno Unito ";1;112545
" Middleton, Australia ";1;112546
" Church Crookham, Regno Unito ";1;112547
" Moosinning, Germania ";1;112548
" Southam, Regno Unito ";1;112549
" Pangbourne, Regno Unito ";1;112550
" Silver Lake, Minnesota ";1;112551
" Pohlheim, Germania ";1;112552
" Brione, Italia ";1;112553
" Sölvesborg, Svezia ";1;112554
" Rossford, Ohio ";1;112555
" Greenville, Alabama ";1;112556
" Benjamin River, Canada ";1;112557
" Glenelg North, Australia ";1;112558
" Church Point, Canada ";1;112559
" Waupaca, Wisconsin ";1;112560
" Chesapeake, Ohio ";1;112561
" Gaston, South Carolina ";1;112562
" Gefrees, Germania ";1;112563
" Praz-sur-Arly, Francia ";1;112564
" Réunion ";1;112565
" Greensborough, Australia ";1;112566
" Kenley, Regno Unito ";1;112567
" Wemmel, Belgio ";1;112568
" Conneaut, Ohio ";1;112569
" Menai, Australia ";1;112570
" Hilterfingen, Svizzera ";1;112571
" Loreto, Messico ";1;112572
" Bimbimbie, Australia ";1;112573
" Avellaneda, Argentina ";1;112574
" Mortagne-sur-Sèvre, Francia ";1;112575
" Glyn Ceiriog, Regno Unito ";1;112576
" Kawaihae, Hawaii ";1;112577
" Magnolia, Illinois ";1;112578
" Qrendi, Malta ";1;112579
" Huntertown, Indiana ";1;112580
" Ozolnieki, Lettonia ";1;112581
" Hunedoara, Romania ";1;112582
" Casalnuovo di Napoli, Italia ";1;112583
" Tres Rios, Costa Rica ";1;112584
" Pataskala, Ohio ";1;112585
" Cinisello Balsamo, Italia ";1;112586
" Treknow, Regno Unito ";1;112587
" Ballycastle, Regno Unito ";1;112588
" Sahuarita, Arizona ";1;112589
" Mooresville, Indiana ";1;112590
" Bracciano, Italia ";1;112591
" Ladysmith, Canada ";1;112592
" Bellinzago Novarese, Italia ";1;112593
" Melun, Francia ";1;112594
" Mendenhall, Pennsylvania ";1;112595
" Caicos Islands, Isole Turks e Caicos ";1;112596
" Kanazawa, Giappone ";1;112597
" Independence, Kentucky ";1;112598
" Ferntree Gully, Australia ";1;112599
" Schalkhaar, Paesi Bassi ";1;112600
" Portmarnock, Irlanda ";1;112601
" Amherst, Canada ";1;112602
" Holland-on-Sea, Regno Unito ";1;112603
" Ushuaia, Argentina ";1;112604
" Skanör, Svezia ";1;112605
" Bucyrus, Kansas ";1;112606
" Eaton, Regno Unito ";1;112607
" Moorabbin Airport, Australia ";1;112608
" Seillons-Source-d'Argens, Francia ";1;112609
" Amado, Arizona ";1;112610
" Perast, Montenegro ";1;112611
" Birchwood, Regno Unito ";1;112612
" Rowe, New Mexico ";1;112613
" Trebsen, Germania ";1;112614
" Menden, Germania ";1;112615
" Eschborn, Germania ";1;112616
" Flacht, Germania ";1;112617
" Alsdorf, Germania ";1;112618
" Marconia, Italia ";1;112619
" Maków Podhala?ski, Polonia ";1;112620
" Bexley, Ohio ";1;112621
" Döttingen, Svizzera ";1;112622
" Argir, Isole Faroe ";1;112623
" Raposeira, Portogallo ";1;112624
" Peyton, Colorado ";1;112625
" Lancaster, Kentucky ";1;112626
" Drouin South, Australia ";1;112627
" Gore, Nuova Zelanda ";1;112628
" Market Drayton, Regno Unito ";1;112629
" Bidborough, Regno Unito ";1;112630
" Coeymans Hollow, New York ";1;112631
" Buckingham, Virginia ";1;112632
" Wonga Park, Australia ";1;112633
" Wights Mountain, Australia ";1;112634
" Wilmington, New York ";1;112635
" Marsalès, Francia ";1;112636
" Forcalquier, Francia ";1;112637
" Schierensee, Germania ";1;112638
" Donabate, Irlanda ";1;112639
" Duino, Italia ";1;112640
" Windham, Connecticut ";1;112641
" Chester-le-Street, Regno Unito ";1;112642
" Edenvale, Sudafrica ";1;112643
" Whitehouse, Texas ";1;112644
" East Greenbush, New York ";1;112645
" Bad Kleinkirchheim, Austria ";1;112646
" Reichersbeuern, Germania ";1;112647
" Barton-le-Clay, Regno Unito ";1;112648
" Bulahdelah, Australia ";1;112649
" Gumdale, Australia ";1;112650
" Neveklov, Repubblica Ceca ";1;112651
" Edgewater, Maryland ";1;112652
" Burnfoot, Irlanda ";1;112653
" Denali National Park and Preserve, Alaska ";1;112654
" Palit, Croazia ";1;112655
" Albertson, New York ";1;112656
" Theydon Bois, Regno Unito ";1;112657
" Tura Beach, Australia ";1;112658
" Nahiku, Hawaii ";1;112659
" Penllergaer, Regno Unito ";1;112660
" Vidauban, Francia ";1;112661
" Minard, Regno Unito ";1;112662
" Monson, Massachusetts ";1;112663
" Palaio Faliro, Grecia ";1;112664
" Karabar, Australia ";1;112665
" Meroo Meadow, Australia ";1;112666
" Koorainghat, Australia ";1;112667
" Upton upon Severn, Regno Unito ";1;112668
" Marinha Grande, Portogallo ";1;112669
" Hohenbrunn, Germania ";1;112670
" Netcong, New Jersey ";1;112671
" Rocheport, Missouri ";1;112672
" Rodgau, Germania ";1;112673
" Bryansk, Russia ";1;112674
" Melcher-";1;112675
" Rio Linda, California ";1;112676
" Vinnytsia, Ucraina ";1;112677
" Polstead, Regno Unito ";1;112678
" Edina, Minnesota ";1;112679
" Waterloo, Regno Unito ";1;112680
" Rensselaer Falls, New York ";1;112681
" Semaphore, Australia ";1;112682
" Altafulla, Spagna ";1;112683
" Gualeguaychú, Argentina ";1;112684
" Burlington, Iowa ";1;112685
" Penpont, Regno Unito ";1;112686
" Cornwall, Connecticut ";1;112687
" Cunettone-villa, Italia ";1;112688
" Edinburg, Texas ";1;112689
" Reus, Spagna ";1;112690
" Sherwood Forest, Maryland ";1;112691
" Woodfords, California ";1;112692
" Spring City, Pennsylvania ";1;112693
" Ashgrove, Australia ";1;112694
" Eppingen, Germania ";1;112695
" McGrath, Alaska ";1;112696
" DuBois, Pennsylvania ";1;112697
" Beverwijk, Paesi Bassi ";1;112698
" Pozzo d'Adda, Italia ";1;112699
" Braine-l'Alleud, Belgio ";1;112700
" Malestroit, Francia ";1;112701
" Sedgwick, Maine ";1;112702
" Basseterre, Saint Kitts e Nevis ";1;112703
" Albufeira, Portogallo ";1;112704
" Ellison Bay, Wisconsin ";1;112705
" Gepp, Arkansas ";1;112706
" Sanitz, Germania ";1;112707
" Burlington, Connecticut ";1;112708
" Flowerdale, Australia ";1;112709
" Clun, Regno Unito ";1;112710
" Bhubaneswar, India ";1;112711
" Coye-la-Forêt, Francia ";1;112712
" Gatlinburg, Tennessee ";1;112713
" Talkeetna, Alaska ";1;112714
" Saint-Saturnin-lès-Apt, Francia ";1;112715
" Neufchâtel-Hardelot, Francia ";1;112716
" Langwarrin, Australia ";1;112717
" Sunfish Lake, Minnesota ";1;112718
" Hamsey, Regno Unito ";1;112719
" Adamantina, Brasile ";1;112720
" Salisbury, Australia ";1;112721
" Comstock Park, Michigan ";1;112722
" Pacific, Missouri ";1;112723
" Goshen, New York ";1;112724
" Montague, Massachusetts ";1;112725
" Sanderson, Texas ";1;112726
" Rockvale, Tennessee ";1;112727
" Hégenheim, Francia ";1;112728
" Sparta, Kentucky ";1;112729
" Etten-Leur, Paesi Bassi ";1;112730
" Driftwood, Texas ";1;112731
" Winkfield Row, Regno Unito ";1;112732
" Ball Ground, Georgia ";1;112733
" Zaandijk, Paesi Bassi ";1;112734
" Steyning, Regno Unito ";1;112735
" Garmerwolde, Paesi Bassi ";1;112736
" Malé, Maldive ";1;112737
" Grub, Svizzera ";1;112738
" Llandudno, Regno Unito ";1;112739
" Neratovice, Repubblica Ceca ";1;112740
" Tolisa, Bosnia Erzegovina ";1;112741
" Pignan, Francia ";1;112742
" Vänersborg, Svezia ";1;112743
" Strande, Germania ";1;112744
" St. Peters, Australia ";1;112745
" Macedonia ";1;112746
" Shizuoka, Giappone ";1;112747
" Pialba, Australia ";1;112748
" Burstall, Regno Unito ";1;112749
" Teresina, Brasile ";1;112750
" Annan, Regno Unito ";1;112751
" Eastman, Wisconsin ";1;112752
" Liptovský Mikulá, Slovacchia ";1;112753
" Viby, ";1;112754
" Pozuelo de Alarcón, Spagna ";1;112755
" Kita Ward, Giappone ";1;112756
" Playa de la Américas, Spagna ";1;112757
" Highlands, North Carolina ";1;112758
" Cabriès, Francia ";1;112759
" San Vittore Olona, Italia ";1;112760
" Rangeville, Australia ";1;112761
" Saint-Sigismond, Francia ";1;112762
" Mazkeret Batya, Israele ";1;112763
" Ware, Massachusetts ";1;112764
" Paw Paw, Michigan ";1;112765
" Bamako, Mali ";1;112766
" Stettfurt, Svizzera ";1;112767
" Brainerd, Minnesota ";1;112768
" Pedricktown, New Jersey ";1;112769
" Alma, Arkansas ";1;112770
" Ardingly, Regno Unito ";1;112771
" Friedberg, Germania ";1;112772
" Freer, Texas ";1;112773
" Czestochowa, Polonia ";1;112774
" Nadi, Figi ";1;112775
" Corralitos, California ";1;112776
" Furlong, Pennsylvania ";1;112777
" Findhorn, Regno Unito ";1;112778
" Buckland, Massachusetts ";1;112779
" Glen Mills, Pennsylvania ";1;112780
" Vavre?ka, Slovacchia ";1;112781
" Schwalbach am Taunus, Germania ";1;112782
" Clanwilliam, Sudafrica ";1;112783
" Castel Bolognese, Italia ";1;112784
" Lakeview, Oregon ";1;112785
" Jeffersonton, Virginia ";1;112786
" Stornoway, Regno Unito ";1;112787
" Brieux, Francia ";1;112788
" Stuarts Draft, Virginia ";1;112789
" Leffinge, Belgio ";1;112790
" Cabramatta, Australia ";1;112791
" Kokkedal, ";1;112792
" Tudweiliog, Regno Unito ";1;112793
" Telemark, Norvegia ";1;112794
" Gyeryong-si, Corea del Sud ";1;112795
" Karlsdorf-Neuthard, Germania ";1;112796
" Whitsett, North Carolina ";1;112797
" Baabdat, Libano ";1;112798
" Miller Place, New York ";1;112799
" Hillsboro Beach, Florida ";1;112800
" Arcadia, Missouri ";1;112801
" Villemoustaussou, Francia ";1;112802
" Locust Grove, Georgia ";1;112803
" Madera, California ";1;112804
" Rawdon, Canada ";1;112805
" Velsao, India ";1;112806
" Stow-on-the-Wold, Regno Unito ";1;112807
" Gadki, Polonia ";1;112808
" Hoegaarden, Belgio ";1;112809
" Herdecke, Germania ";1;112810
" Lyonshall, Regno Unito ";1;112811
" Morden, Canada ";1;112812
" Harbrinkhoek, Paesi Bassi ";1;112813
" Calumet City, Illinois ";1;112814
" Craon, Francia ";1;112815
" Mansfield, Regno Unito ";1;112816
" Long Newnton, Regno Unito ";1;112817
" Gresford, Regno Unito ";1;112818
" Mek'ele, Etiopia ";1;112819
" West Linton, Regno Unito ";1;112820
" Fork Union, Virginia ";1;112821
" Gerlingen, Germania ";1;112822
" Bad Kreuznach, Germania ";1;112823
" Beccles, Regno Unito ";1;112824
" Georgetown, South Carolina ";1;112825
" Nykøbing Falster, ";1;112826
" Büdingen, Germania ";1;112827
" Willowick, Ohio ";1;112828
" Greenwood Lake, New York ";1;112829
" P?p?kea, Hawaii ";1;112830
" Assendelft, Paesi Bassi ";1;112831
" Peninsula, Ohio ";1;112832
" Fayette, Maine ";1;112833
" Weil am Rhein, Germania ";1;112834
" Preston, Idaho ";1;112835
" Western Road, Irlanda ";1;112836
" Ronzo-chienis, Italia ";1;112837
" Jolimont, Australia ";1;112838
" Merrimac, Australia ";1;112839
" Vinhedo, Brasile ";1;112840
" Pontcharra, Francia ";1;112841
" Greene, Maine ";1;112842
" Pakenham, Australia ";1;112843
" Wells, Maine ";1;112844
" Évrecy, Francia ";1;112845
" East Windsor, Connecticut ";1;112846
" Imola, Italia ";1;112847
" South Brisbane, Australia ";1;112848
" Porcia, Italia ";1;112849
" El Salvador ";1;112850
" Hörstel, Germania ";1;112851
" Saint Agnes, Regno Unito ";1;112852
" Gildwiller, Francia ";1;112853
" Oudkarspel, Paesi Bassi ";1;112854
" Beratzhausen, Germania ";1;112855
" Warburg, Germania ";1;112856
" Skovlunde, ";1;112857
" Leland, Mississippi ";1;112858
" Pereira, Colombia ";1;112859
" Holmesville, Ohio ";1;112860
" Westford, Vermont ";1;112861
" San Lazzaro di Savena, Italia ";1;112862
" Sélestat, Francia ";1;112863
" Meissen, Germania ";1;112864
" San Miguel, Argentina ";1;112865
" Hobro, ";1;112866
" Pirgos Psilonerou, Grecia ";1;112867
" St-Genis-Laval, Francia ";1;112868
" Altötting, Germania ";1;112869
" Montpellier-de-Médillan, Francia ";1;112870
" Chantepie, Francia ";1;112871
" Northfield, Vermont ";1;112872
" Straubenhardt, Germania ";1;112873
" Malbork, Polonia ";1;112874
" Jönköpings län, Svezia ";1;112875
" Avon, New York ";1;112876
" Rialto, California ";1;112877
" Barnhart, Missouri ";1;112878
" New Glarus, Wisconsin ";1;112879
" Kalama, Washington ";1;112880
" Teramo, Italia ";1;112881
" Redland Bay, Australia ";1;112882
" Kings Beach, California ";1;112883
" Ashburnham, Massachusetts ";1;112884
" Geretsried, Germania ";1;112885
" Lawson, Australia ";1;112886
" Quiberville, Francia ";1;112887
" Hamar, Norvegia ";1;112888
" Amenia, New York ";1;112889
" Laon, Francia ";1;112890
" Nijverdal, Paesi Bassi ";1;112891
" East Toowoomba, Australia ";1;112892
" Fort Knox, Kentucky ";1;112893
" Hesketh Bank, Regno Unito ";1;112894
" Rothrist, Svizzera ";1;112895
" São José do Rio Preto, Brasile ";1;112896
" Ulster Park, New York ";1;112897
" Four Marks, Regno Unito ";1;112898
" Greens Beach, Australia ";1;112899
" Redbrook, Regno Unito ";1;112900
" Homerville, Georgia ";1;112901
" Chelsea, Vermont ";1;112902
" Port Dover, Canada ";1;112903
" East Chicago, Indiana ";1;112904
" Wexford, Pennsylvania ";1;112905
" Pawleys Island, South Carolina ";1;112906
" Meyrin, Svizzera ";1;112907
" Agonda, India ";1;112908
" Southaven, Mississippi ";1;112909
" Lake Ronkonkoma, New York ";1;112910
" Stonely, Regno Unito ";1;112911
" Ellesmere Port, Regno Unito ";1;112912
" Gulfport, Florida ";1;112913
" Highland, Illinois ";1;112914
" Seymour, Australia ";1;112915
" Bellwood, Illinois ";1;112916
" Abercraf, Regno Unito ";1;112917
" Chateaugay, New York ";1;112918
" Samcheok-si, Corea del Sud ";1;112919
" Siesta Key, Florida ";1;112920
" Deba, Spagna ";1;112921
" Paris, Texas ";1;112922
" Port Clyde, Canada ";1;112923
" Apelern, Germania ";1;112924
" Sibu, Malesia ";1;112925
" South Berwick, Maine ";1;112926
" Genk, Belgio ";1;112927
" Mentone, Australia ";1;112928
" Solon, Iowa ";1;112929
" Indaiatuba, Brasile ";1;112930
" Frouard, Francia ";1;112931
" Rum, Austria ";1;112932
" Loughgall, Regno Unito ";1;112933
" Centre Hall, Pennsylvania ";1;112934
" Zante, Grecia ";1;112935
" Betanzos, Spagna ";1;112936
" Cirauqui, Spagna ";1;112937
" Vicksburg, Mississippi ";1;112938
" Radium Hot Springs, Canada ";1;112939
" Malnate, Italia ";1;112940
" Greve Strand, ";1;112941
" Alexandria, New Jersey ";1;112942
" Macon, North Carolina ";1;112943
" Calella, Spagna ";1;112944
" Norwalk, Iowa ";1;112945
" Hennuyères, Belgio ";1;112946
" Kinglake West, Australia ";1;112947
" Beaver Bay, Minnesota ";1;112948
" Closter, New Jersey ";1;112949
" Neumarkt in der Oberpfalz, Germania ";1;112950
" Maryland Heights, Missouri ";1;112951
" Litomerice, Repubblica Ceca ";1;112952
" Horsmonden, Regno Unito ";1;112953
" Swinoujscie, Polonia ";1;112954
" Little Compton, Rhode Island ";1;112955
" Rionegro, Colombia ";1;112956
" Riva San Vitale, Svizzera ";1;112957
" Dona Paula, India ";1;112958
" Azay-le-Rideau, Francia ";1;112959
" Arapongas, Brasile ";1;112960
" Wilton, Regno Unito ";1;112961
" Fano, Italia ";1;112962
" Millinocket, Maine ";1;112963
" Wickenburg, Arizona ";1;112964
" Glenunga, Australia ";1;112965
" Butlers Marston, Regno Unito ";1;112966
" Buchanan, Michigan ";1;112967
" Michamvi Kae, Tanzania ";1;112968
" Canfield, Ohio ";1;112969
" Blyth, Regno Unito ";1;112970
" West Haverstraw, New York ";1;112971
" Stöckse, Germania ";1;112972
" Ro?u, Romania ";1;112973
" Wickham Market, Regno Unito ";1;112974
" Briis-sous-Forges, Francia ";1;112975
" Goedereede, Paesi Bassi ";1;112976
" Abercynon, Regno Unito ";1;112977
" Verrières-le-Buisson, Francia ";1;112978
" Malaybalay City, Filippine ";1;112979
" Sankt Peter-Ording, Germania ";1;112980
" Encantado, Brasile ";1;112981
" Taroudant, Marocco ";1;112982
" Kazincbarcika, Ungheria ";1;112983
" Korneuburg, Austria ";1;112984
" Hayfield, Regno Unito ";1;112985
" Maria Enzersdorf, Austria ";1;112986
" Somerset, Wisconsin ";1;112987
" Temple, New Hampshire ";1;112988
" Bad Soden, Germania ";1;112989
" Hilltown, Regno Unito ";1;112990
" Kuala Terengganu, Malesia ";1;112991
" Larne, Regno Unito ";1;112992
" Flawil, Svizzera ";1;112993
" Goldendale, Washington ";1;112994
" Moretonhampstead, Regno Unito ";1;112995
" Waterboro, Maine ";1;112996
" Woodruff, South Carolina ";1;112997
" Bottmingen, Svizzera ";1;112998
" Lijiang, Cina ";1;112999
" Nashik, India ";1;113000
" Pontarddulais, Regno Unito ";1;113001
" Vernon Township, New Jersey ";1;113002
" Foremost, Canada ";1;113003
" Detroit, Oregon ";1;113004
" Furiani, Francia ";1;113005
" Hurstville Grove, Australia ";1;113006
" Roslyn Heights, New York ";1;113007
" Burnley, Australia ";1;113008
" Ardooie, Belgio ";1;113009
" Sturgis, Michigan ";1;113010
" Sosnovy Bor, Russia ";1;113011
" Greater Napanee, Canada ";1;113012
" Ho-Ho-Kus, New Jersey ";1;113013
" Cumberland, Maryland ";1;113014
" Rich Hill, Missouri ";1;113015
" Roubaix, Francia ";1;113016
" Central Mangrove, Australia ";1;113017
" Lillerød, ";1;113018
" Greater Carrollwood, Florida ";1;113019
" Lier, Belgium, Belgio ";1;113020
" Borgarnes, Islanda ";1;113021
" Kembs, Francia ";1;113022
" Beaverlodge, Canada ";1;113023
" Spencers Wood, Regno Unito ";1;113024
" Morehead City, North Carolina ";1;113025
" Lenoir City, Tennessee ";1;113026
" Macau, Macao ";1;113027
" Hopkins, Belize ";1;113028
" Dolyna, Ucraina ";1;113029
" Delanson, New York ";1;113030
" Reddick, Illinois ";1;113031
" Portsmouth, Dominica ";1;113032
" Corbett, Oregon ";1;113033
" Golden Valley, Arizona ";1;113034
" Chalfont, Pennsylvania ";1;113035
" Lewisham, Regno Unito ";1;113036
" Los Lunas, New Mexico ";1;113037
" Chumphon, Tailandia ";1;113038
" Red Lake, Canada ";1;113039
" Älvdalen, Svezia ";1;113040
" Sulzbach, Germania ";1;113041
" Crossley, Australia ";1;113042
" Bacoor, Filippine ";1;113043
" Gravelbourg, Canada ";1;113044
" Glen Echo, Maryland ";1;113045
" Manacor, Spagna ";1;113046
" Brema, Indiana ";1;113047
" Fennell Bay, Australia ";1;113048
" Berlino, New Hampshire ";1;113049
" Eloy, Arizona ";1;113050
" Midori Ward, Giappone ";1;113051
" Portugal Cove-St. Philip's, Canada ";1;113052
" Twomileborris, Irlanda ";1;113053
" Chappell Hill, Texas ";1;113054
" Limon, Costa Rica ";1;113055
" Harrowsmith, Canada ";1;113056
" Soledad, California ";1;113057
" Dorsten, Germania ";1;113058
" Angri, Italia ";1;113059
" L'Herbergement, Francia ";1;113060
" North Hill, Australia ";1;113061
" Griffithstown, Regno Unito ";1;113062
" Kilmore, Regno Unito ";1;113063
" Nekoosa, Wisconsin ";1;113064
" Noida, India ";1;113065
" Bovolenta, Italia ";1;113066
" Genesee, Idaho ";1;113067
" Barton on Sea, Regno Unito ";1;113068
" Dummerston, Vermont ";1;113069
" Parkwood, Australia ";1;113070
" Waghäusel, Germania ";1;113071
" Upper Ballinderry, Regno Unito ";1;113072
" Porirua, Nuova Zelanda ";1;113073
" Shap, Regno Unito ";1;113074
" Helensvale, Australia ";1;113075
" Penicuik, Regno Unito ";1;113076
" Kinross, Australia ";1;113077
" Starnberg, Germania ";1;113078
" Bückeburg, Germania ";1;113079
" Plymouth Township, Michigan ";1;113080
" Maryville, Australia ";1;113081
" Marion, Ohio ";1;113082
" Faggiano, Italia ";1;113083
" East Linton, Regno Unito ";1;113084
" Vilassar de ";1;113085
" Krems an der Donau, Austria ";1;113086
" Osprey, Florida ";1;113087
" Zachary, Louisiana ";1;113088
" Palos Verdes Peninsula, California ";1;113089
" Lake Pleasant, New York ";1;113090
" Gray, Maine ";1;113091
" West Fulton, New York ";1;113092
" Pottsville, Pennsylvania ";1;113093
" Buffalo, Missouri ";1;113094
" Vias, Francia ";1;113095
" Doral, Florida ";1;113096
" Faygate, Regno Unito ";1;113097
" Gurnee, Illinois ";1;113098
" Gladesville, Australia ";1;113099
" Le Chesnay, Francia ";1;113100
" Warmenhuizen, Paesi Bassi ";1;113101
" Mount Currie, Canada ";1;113102
" Geldern, Germania ";1;113103
" Linares, Spagna ";1;113104
" Fountain Inn, South Carolina ";1;113105
" Worthington, Massachusetts ";1;113106
" Naga, Filippine ";1;113107
" Mt Dora, Florida ";1;113108
" Sant'Agata Li Battiati, Italia ";1;113109
" Merrifield, Virginia ";1;113110
" Hedge End, Regno Unito ";1;113111
" South Brighton, Australia ";1;113112
" Welzheim, Germania ";1;113113
" Önnestad, Svezia ";1;113114
" Little York, New York ";1;113115
" Dunbible, Australia ";1;113116
" Marktredwitz, Germania ";1;113117
" The Basin, Australia ";1;113118
" Soufriere, Dominica ";1;113119
" Radcliff, Kentucky ";1;113120
" Yibin, Cina ";1;113121
" Gap, Pennsylvania ";1;113122
" Skalica, Slovacchia ";1;113123
" Effingham, Illinois ";1;113124
" Haddam, Connecticut ";1;113125
" Knutsford, Regno Unito ";1;113126
" Mtunzini, Sudafrica ";1;113127
" Silang, Filippine ";1;113128
" Aubrey, Texas ";1;113129
" Kamp-Lintfort, Germania ";1;113130
" Leixlip, Irlanda ";1;113131
" Etxebarri, Spagna ";1;113132
" Avery, California ";1;113133
" Ridgeley, West Virginia ";1;113134
" Champcevinel, Francia ";1;113135
" Reserve Creek, Australia ";1;113136
" Harleston, Regno Unito ";1;113137
" Floral Park, New York ";1;113138
" Irving, New York ";1;113139
" Pod?brady, Repubblica Ceca ";1;113140
" Amburgo, ";1;113141
" Provost, Canada ";1;113142
" Canterbury, Australia ";1;113143
" Juvisy-sur-Orge, Francia ";1;113144
" Wilnecote, Regno Unito ";1;113145
" Valentine, Nebraska ";1;113146
" Tinonee, Australia ";1;113147
" Alphington, Australia ";1;113148
" Langford, Regno Unito ";1;113149
" Egremont, Regno Unito ";1;113150
" Zanzibar, Tanzania ";1;113151
" Wissous, Francia ";1;113152
" Wetherby, Regno Unito ";1;113153
" Moundsville, West Virginia ";1;113154
" Eynesbury, Australia ";1;113155
" Gypsum, Colorado ";1;113156
" Summerside, Canada ";1;113157
" Quarter, Irlanda ";1;113158
" Hoylake, Regno Unito ";1;113159
" Le Thor, Francia ";1;113160
" Somerset, Massachusetts ";1;113161
" Berea, Kentucky ";1;113162
" Edwardsburg, Michigan ";1;113163
" Lincoln, Alabama ";1;113164
" Montefegatesi, Italia ";1;113165
" Warwick, Australia ";1;113166
" Leioa, Spagna ";1;113167
" Bloomfield, New Jersey ";1;113168
" Buenos Aires, Costa Rica ";1;113169
" Hobart, New York ";1;113170
" Clayton, Regno Unito ";1;113171
" Ridley Park, Pennsylvania ";1;113172
" Oss, Paesi Bassi ";1;113173
" Eisingen, Germania ";1;113174
" Bishop's Waltham, Regno Unito ";1;113175
" Monfalcone, Italia ";1;113176
" Susan, Virginia ";1;113177
" Hooksett, New Hampshire ";1;113178
" Boonville, California ";1;113179
" Plaistow, New Hampshire ";1;113180
" Wels, Austria ";1;113181
" Upton, New York ";1;113182
" Mayence, Germania ";1;113183
" Hiawassee, Georgia ";1;113184
" Karlsfeld, Germania ";1;113185
" Taylorsville, Kentucky ";1;113186
" Minffordd, Regno Unito ";1;113187
" Sierre, Svizzera ";1;113188
" Tanunda ";1;113189
" Farmersville, Illinois ";1;113190
" Zanzibar North, Tanzania ";1;113191
" Breda, Iowa ";1;113192
" Kemptville, Canada ";1;113193
" Spring Branch, Texas ";1;113194
" Vich, Svizzera ";1;113195
" Fort Thomas, Kentucky ";1;113196
" Clear Lake Shores, Texas ";1;113197
" gorod Khabarovsk, Russia ";1;113198
" Terrebonne, Canada ";1;113199
" Garstang, Regno Unito ";1;113200
" Staunton, Regno Unito ";1;113201
" Palenville, New York ";1;113202
" Toowoomba, Australia ";1;113203
" Mattaincourt, Francia ";1;113204
" Ermatingen, Svizzera ";1;113205
" Auray, Francia ";1;113206
" Solon Springs, Wisconsin ";1;113207
" Baarlo, Paesi Bassi ";1;113208
" Dereham, Regno Unito ";1;113209
" Hutchinson, Minnesota ";1;113210
" Westchester, Illinois ";1;113211
" Stonyfell, Australia ";1;113212
" Serris, Francia ";1;113213
" Scappoose, Oregon ";1;113214
" Loriol-sur-Drôme, Francia ";1;113215
" North Smithfield, Rhode Island ";1;113216
" Wäschenbeuren, Germania ";1;113217
" Elkton, Maryland ";1;113218
" Dushanbe, Tagikistan ";1;113219
" Crib Point, Australia ";1;113220
" East Leake, Regno Unito ";1;113221
" Freshford, Regno Unito ";1;113222
" Târgu Jiu, Romania ";1;113223
" Santpoort-Noord, Paesi Bassi ";1;113224
" Koronadal City, Filippine ";1;113225
" Santa Fe, Texas ";1;113226
" Troy, Pennsylvania ";1;113227
" Snow Hill, North Carolina ";1;113228
" Oblast' di Samara, Russia ";1;113229
" Prairieville, Louisiana ";1;113230
" Kyleakin, Regno Unito ";1;113231
" Wyck Rissington, Regno Unito ";1;113232
" Clarendon Hills, Illinois ";1;113233
" Lyons, Illinois ";1;113234
" Sorrento, Canada ";1;113235
" Stantonbury, Regno Unito ";1;113236
" Sherwood, Australia ";1;113237
" Mez?berény, Ungheria ";1;113238
" Yokine, Australia ";1;113239
" Blakesley, Regno Unito ";1;113240
" Gainesville, Georgia ";1;113241
" Island Park, New York ";1;113242
" Boothbay, Maine ";1;113243
" Tahoma, California ";1;113244
" Covington, Tennessee ";1;113245
" Gmunden, Austria ";1;113246
" Sea Ranch Lakes, Florida ";1;113247
" Alabaster, Alabama ";1;113248
" La Vergne, Tennessee ";1;113249
" La Garde, Francia ";1;113250
" Jard-sur-Mer, Francia ";1;113251
" Bishop Monkton, Regno Unito ";1;113252
" Bad Lausick, Germania ";1;113253
" Croxley Green, Regno Unito ";1;113254
" Bengel, Germania ";1;113255
" Arcangues, Francia ";1;113256
" Opava, Repubblica Ceca ";1;113257
" Lavender Bay, Australia ";1;113258
" Reverolle, Svizzera ";1;113259
" Kirkland Lake, Canada ";1;113260
" Moffat Beach, Australia ";1;113261
" East Horsley, Regno Unito ";1;113262
" Dorroughby, Australia ";1;113263
" Ureterp, Paesi Bassi ";1;113264
" Tananarive, Madagascar ";1;113265
" Harrison, Ohio ";1;113266
" Bogor, Indonesia ";1;113267
" Feldbrunnen-St. Niklaus, Svizzera ";1;113268
" Robe, Australia ";1;113269
" Copan Ruinas, Honduras ";1;113270
" Dundas, Australia ";1;113271
" Mogliano Veneto, Italia ";1;113272
" Jarabacoa, Repubblica Dominicana ";1;113273
" Körmend, Ungheria ";1;113274
" Ponta Grossa, Brasile ";1;113275
" Erding, Germania ";1;113276
" Lalbenque, Francia ";1;113277
" North Fremantle, Australia ";1;113278
" Silverhill, Alabama ";1;113279
" Bridgeport, Pennsylvania ";1;113280
" Auburn, Indiana ";1;113281
" Lagoa, Portogallo ";1;113282
" Sonsbeck, Germania ";1;113283
" Steenwijk, Paesi Bassi ";1;113284
" Longyearbyen, Svalbard e Jan Mayen ";1;113285
" Orford, Australia ";1;113286
" Pergola, Italia ";1;113287
" Scicli, Italia ";1;113288
" Belvidere, New Jersey ";1;113289
" Larino, Italia ";1;113290
" Hollywood, Maryland ";1;113291
" Kirchenlamitz, Germania ";1;113292
" Cwmduad, Regno Unito ";1;113293
" Coimbatore, India ";1;113294
" Sulgrave, Regno Unito ";1;113295
" Muñiz, Argentina ";1;113296
" Albany, Missouri ";1;113297
" Coton, Regno Unito ";1;113298
" Pribram, Repubblica Ceca ";1;113299
" Hummelstown, Pennsylvania ";1;113300
" Mission Canyon, California ";1;113301
" Cedar, Michigan ";1;113302
" Jesenik, Repubblica Ceca ";1;113303
" Saint Jacob, Illinois ";1;113304
" Eustis, Florida ";1;113305
" Newington, Regno Unito ";1;113306
" Tanzania ";1;113307
" Belchertown, Massachusetts ";1;113308
" Colonia del Sacramento, Uruguay ";1;113309
" Ksi?? Wielkopolski, Polonia ";1;113310
" Kalyves, Grecia ";1;113311
" Millbrook, Canada ";1;113312
" Zanzibar Town, Tanzania ";1;113313
" Mikhmoret, Israele ";1;113314
" Altavista, Virginia ";1;113315
" Eastport, New York ";1;113316
" Hille, Germania ";1;113317
" Sonderborg, ";1;113318
" Symonston, Australia ";1;113319
" Har Adar ";1;113320
" Montclair, Virginia ";1;113321
" Whitchurch-on-Thames, Regno Unito ";1;113322
" Cardona, Spagna ";1;113323
" Miyamae Ward, Giappone ";1;113324
" Prestbury, Regno Unito ";1;113325
" Auzelles, Francia ";1;113326
" Vechigen, Svizzera ";1;113327
" Cremorne Point, Australia ";1;113328
" Elermore Vale, Australia ";1;113329
" Steenbergen, Paesi Bassi ";1;113330
" Windham, New Hampshire ";1;113331
" Iida, Giappone ";1;113332
" Prairie du Sac, Wisconsin ";1;113333
" Fridaythorpe, Regno Unito ";1;113334
" Coates, Regno Unito ";1;113335
" Waterville, Maine ";1;113336
" Templestowe Lower, Australia ";1;113337
" Aalen, Germania ";1;113338
" Prescott Valley, Arizona ";1;113339
" Cape Girardeau, Missouri ";1;113340
" Little Marcle, Regno Unito ";1;113341
" Armagh, Regno Unito ";1;113342
" Cheddington, Regno Unito ";1;113343
" Tideswell, Regno Unito ";1;113344
" Oaklyn, New Jersey ";1;113345
" Lyndeborough, New Hampshire ";1;113346
" Deggendorf, Germania ";1;113347
" Weatherly, Pennsylvania ";1;113348
" Little Paxton, Regno Unito ";1;113349
" Madison, West Virginia ";1;113350
" Sliven, Bulgaria ";1;113351
" Brig, Svizzera ";1;113352
" Herne, Germania ";1;113353
" Remscheid, Germania ";1;113354
" Ashton-in-Makerfield, Regno Unito ";1;113355
" Zhigulyovsk, Russia ";1;113356
" Aylesbeare, Regno Unito ";1;113357
" Kutno, Polonia ";1;113358
" Saar, Bahrein ";1;113359
" Topsham, Regno Unito ";1;113360
" Winston Hills, Australia ";1;113361
" Reigoldswil, Svizzera ";1;113362
" Blaricum, Paesi Bassi ";1;113363
" Luckey, Ohio ";1;113364
" Secret Harbour, Australia ";1;113365
" Forcella, Italia ";1;113366
" Bucketty, Australia ";1;113367
" Sieradz, Polonia ";1;113368
" Ness Ziyyona, Israele ";1;113369
" Llangristiolus, Regno Unito ";1;113370
" Llanrug, Regno Unito ";1;113371
" Bere Ferrers, Regno Unito ";1;113372
" East Troy, Wisconsin ";1;113373
" St Albans, Australia ";1;113374
" Pebworth, Regno Unito ";1;113375
" Eaton, Australia ";1;113376
" Peristeri, Grecia ";1;113377
" Lancaster, New York ";1;113378
" Witzenhausen, Germania ";1;113379
" Colorado, Messico ";1;113380
" Johns Creek, Georgia ";1;113381
" Howard, Wisconsin ";1;113382
" Saulieu, Francia ";1;113383
" Graceville, Australia ";1;113384
" Bancroft, Canada ";1;113385
" Bicheno, Australia ";1;113386
" Ruds Vedby, ";1;113387
" Cruz Bay, Isole Vergini Americane ";1;113388
" Harper Woods, Michigan ";1;113389
" Glenfield, Regno Unito ";1;113390
" Caloundra, Australia ";1;113391
" Bedford, Canada ";1;113392
" Ripon, California ";1;113393
" Maure-de-Bretagne, Francia ";1;113394
" Bø i Telemark, Norvegia ";1;113395
" Gravenhurst, Canada ";1;113396
" Santa Cruz, Bolivia ";1;113397
" Barnardsville, North Carolina ";1;113398
" Wotton-under-Edge, Regno Unito ";1;113399
" Éragny, Francia ";1;113400
" Ulvenhout, Paesi Bassi ";1;113401
" Épron, Francia ";1;113402
" Lebbeke, Belgio ";1;113403
" Sherfield on Loddon, Regno Unito ";1;113404
" Mackenbach, Germania ";1;113405
" Strathalbyn, Australia ";1;113406
" Eynsham, Regno Unito ";1;113407
" Saint-Etienne-de-Tulmont, Francia ";1;113408
" As, Norvegia ";1;113409
" Clarksville, Indiana ";1;113410
" Berrara, Australia ";1;113411
" Wiveliscombe, Regno Unito ";1;113412
" North Ridgeville, Ohio ";1;113413
" Hardwicke, Regno Unito ";1;113414
" Tremblay, Francia ";1;113415
" Lodi, Wisconsin ";1;113416
" Polliat, Francia ";1;113417
" North Balgowlah, Australia ";1;113418
" Boring, Oregon ";1;113419
" Krostitz, Germania ";1;113420
" Fountain, Colorado ";1;113421
" Bujumbura, Burundi ";1;113422
" Mai Khao, Tailandia ";1;113423
" Gembrook, Australia ";1;113424
" San Angelo, Texas ";1;113425
" Carugate, Italia ";1;113426
" Fort Edward, New York ";1;113427
" Upper Caldecote, Regno Unito ";1;113428
" Kilmessan, Irlanda ";1;113429
" Haßloch, Germania ";1;113430
" Tortosa, Spagna ";1;113431
" Cohasset, Massachusetts ";1;113432
" North Wildwood, New Jersey ";1;113433
" Nyons, Francia ";1;113434
" Philipsburg, Sint Maarten ";1;113435
" Courteuil, Francia ";1;113436
" Albox, Spagna ";1;113437
" Villafranca di Verona, Italia ";1;113438
" Lake Forest Park, Washington ";1;113439
" Burr Ridge, Illinois ";1;113440
" Lezoux, Francia ";1;113441
" Shrewsbury, Vermont ";1;113442
" Matosinhos, Portogallo ";1;113443
" Tortola, Isole Vergini Britanniche ";1;113444
" Elsfleth, Germania ";1;113445
" Conneaut Lake, Pennsylvania ";1;113446
" Czeladz, Polonia ";1;113447
" Weilheim an der Teck, Germania ";1;113448
" Walkerton, Indiana ";1;113449
" Todd, North Carolina ";1;113450
" Rockwell, North Carolina ";1;113451
" Nieuwkoop, Paesi Bassi ";1;113452
" Waipio, Hawaii ";1;113453
" Castlereagh, Regno Unito ";1;113454
" Almo, Idaho ";1;113455
" Blackheath, Australia ";1;113456
" Caylus, Francia ";1;113457
" Órgiva, Spagna ";1;113458
" Newberry, Florida ";1;113459
" Diego Martin, Trinidad e Tobago ";1;113460
" Thorigné-Fouillard, Francia ";1;113461
" Sisteron, Francia ";1;113462
" Twynholm, Regno Unito ";1;113463
" Dugo Selo, Croazia ";1;113464
" Yorkville, California ";1;113465
" Castle Bytham, Regno Unito ";1;113466
" Tarxien, Malta ";1;113467
" Distretto di Leiria, Portogallo ";1;113468
" Willunga, Australia ";1;113469
" Castle Rock, Washington ";1;113470
" Golspie, Regno Unito ";1;113471
" Remedios de Escalada, Argentina ";1;113472
" Otta, Norvegia ";1;113473
" Gangi, Italia ";1;113474
" Felixstowe, Regno Unito ";1;113475
" Post Falls, Idaho ";1;113476
" Albion, California ";1;113477
" Casares, Spagna ";1;113478
" Fontaines-sur-Saône, Francia ";1;113479
" Bugbrooke, Regno Unito ";1;113480
" Oakford, Australia ";1;113481
" Atripalda, Italia ";1;113482
" Givisiez, Svizzera ";1;113483
" Weinstadt, Germania ";1;113484
" Fryazino, Russia ";1;113485
" Longwy, Francia ";1;113486
" Seacrest, Florida ";1;113487
" Montevideo, Minnesota ";1;113488
" L'ugolino, Italia ";1;113489
" Schipluiden, Paesi Bassi ";1;113490
" Gungahlin, Australia ";1;113491
" Saltillo, Messico ";1;113492
" Niles, Ohio ";1;113493
" Wolli Creek, Australia ";1;113494
" Chambly, Canada ";1;113495
" Nentershausen, Germania ";1;113496
" Zionsville, Pennsylvania ";1;113497
" South Boston, Virginia ";1;113498
" Kuching, Malesia ";1;113499
" Kesgrave, Regno Unito ";1;113500
" Port Orford, Oregon ";1;113501
" Carrick-On-Suir, Irlanda ";1;113502
" Årjäng, Svezia ";1;113503
" Kingstown, Saint Vincent e Grenadines ";1;113504
" Clifton, Arizona ";1;113505
" Milltown, New Jersey ";1;113506
" Scandiano, Italia ";1;113507
" Lochgilphead, Regno Unito ";1;113508
" Ealand, Regno Unito ";1;113509
" Duderstadt, Germania ";1;113510
" Bocas del Toro, Panama ";1;113511
" Eschwege, Germania ";1;113512
" Estherville, Iowa ";1;113513
" Kai, Giappone ";1;113514
" Bar Nunn, Wyoming ";1;113515
" Gunsan-si, Corea del Sud ";1;113516
" Chivasso, Italia ";1;113517
" Miaoli, Taiwan ";1;113518
" Teplitz, Repubblica Ceca ";1;113519
" Saint-Raphaël, Francia ";1;113520
" Ascona, Svizzera ";1;113521
" Willowmavin, Australia ";1;113522
" Vinkovci, Croazia ";1;113523
" Saddle River, New Jersey ";1;113524
" Helotes, Texas ";1;113525
" Buronga, Australia ";1;113526
" Atina, Italia ";1;113527
" Khimki, Russia ";1;113528
" Delran, New Jersey ";1;113529
" Beechworth, Australia ";1;113530
" Rainhill, Regno Unito ";1;113531
" Monymusk, Regno Unito ";1;113532
" Asolo, Italia ";1;113533
" Confolens, Francia ";1;113534
" Bolton, Connecticut ";1;113535
" Tanunda, Australia ";1;113536
" Vigrestad, Norvegia ";1;113537
" West Leederville, Australia ";1;113538
" East Runton, Regno Unito ";1;113539
" Chilmark, Massachusetts ";1;113540
" Lion-sur-Mer, Francia ";1;113541
" Bechtolsheim, Germania ";1;113542
" Crownpoint, New Mexico ";1;113543
" Whitethorn, California ";1;113544
" Hudiksvall, Svezia ";1;113545
" Surgut, Russia ";1;113546
" Bottineau, North ";1;113547
" Valleiry, Francia ";1;113548
" Rendsburg, Germania ";1;113549
" Obergösgen, Svizzera ";1;113550
" Rocky Mount, Virginia ";1;113551
" Belas, Angola ";1;113552
" Sarcelles, Francia ";1;113553
" Roslyn, Washington ";1;113554
" Holland Park, Australia ";1;113555
" Hulu Langat, Malesia ";1;113556
" Sweetwater, Texas ";1;113557
" Valdivia, Cile ";1;113558
" Natendorf, Germania ";1;113559
" Saint Louis Park, Minnesota ";1;113560
" Nolensville, Tennessee ";1;113561
" Langenthal, Svizzera ";1;113562
" Schifferstadt, Germania ";1;113563
" Tzurit, Israele ";1;113564
" Marittima, Italia ";1;113565
" Arad, Israele ";1;113566
" Beckum, Germania ";1;113567
" Cholsey, Regno Unito ";1;113568
" Sinzig, Germania ";1;113569
" North Highlands, California ";1;113570
" Miramar Beach, Florida ";1;113571
" Long Bennington, Regno Unito ";1;113572
" Bessines, Francia ";1;113573
" New Lambton, Australia ";1;113574
" Zhytomyr, Ucraina ";1;113575
" Ogdensburg, New York ";1;113576
" Belturbet, Irlanda ";1;113577
" Cabrera, Colombia ";1;113578
" Mount Pleasant, Texas ";1;113579
" Furdale, Canada ";1;113580
" Oliveira de Azeméis, Portogallo ";1;113581
" Lajares, Spagna ";1;113582
" Cz?stochowa, Polonia ";1;113583
" Lambesc, Francia ";1;113584
" São Sebastião do Caí, Brasile ";1;113585
" Terchová, Slovacchia ";1;113586
" Wyndham, Australia ";1;113587
" Heusden-Zolder, Belgio ";1;113588
" Selma, North Carolina ";1;113589
" Hartley, Regno Unito ";1;113590
" Papenburg, Germania ";1;113591
" Anzonico, Svizzera ";1;113592
" New Athens, Ohio ";1;113593
" De Wijk, Paesi Bassi ";1;113594
" Changhua, Taiwan ";1;113595
" West Sand Lake, New York ";1;113596
" Owego, New York ";1;113597
" Heverlee, Belgio ";1;113598
" Taroona, Australia ";1;113599
" Arthurdale, West Virginia ";1;113600
" Prestatyn, Regno Unito ";1;113601
" Nikko, Giappone ";1;113602
" Skiatook, Oklahoma ";1;113603
" Plouguerneau, Francia ";1;113604
" Maidstone, Australia ";1;113605
" Jack River, Australia ";1;113606
" Castleton, Virginia ";1;113607
" Ashwood, Australia ";1;113608
" Noci, Italia ";1;113609
" Granville, Ohio ";1;113610
" Earlswood, Regno Unito ";1;113611
" Honfleur, Francia ";1;113612
" Rignano sull'Arno, Italia ";1;113613
" Prince Frederick, Maryland ";1;113614
" Frick, Svizzera ";1;113615
" La Garriga, Spagna ";1;113616
" Homocea, Romania ";1;113617
" Skiippagurra, Norvegia ";1;113618
" Blakehurst, Australia ";1;113619
" Veresegyház, Ungheria ";1;113620
" Gardone Riviera, Italia ";1;113621
" Bække, ";1;113622
" Shipston-on-Stour, Regno Unito ";1;113623
" Livingston, Regno Unito ";1;113624
" Brétigny-sur-Orge, Francia ";1;113625
" Bracebridge, Canada ";1;113626
" Ransdaal, Paesi Bassi ";1;113627
" Stirling, Australia ";1;113628
" Ludmilla, Australia ";1;113629
" Weeley Heath, Regno Unito ";1;113630
" Wyoming, Australia ";1;113631
" Fontanafredda, Italia ";1;113632
" Pie?any, Slovacchia ";1;113633
" Kfar Uria, Israele ";1;113634
" Zanesville, Ohio ";1;113635
" Silvan, Australia ";1;113636
" Bénouville, Francia ";1;113637
" Civate, Italia ";1;113638
" Saint-Didier-au-Mont-d'Or, Francia ";1;113639
" Beersel, Belgio ";1;113640
" Burtonwood, Regno Unito ";1;113641
" Hebburn, Regno Unito ";1;113642
" Oud Zevenaar, Paesi Bassi ";1;113643
" Southwick, Massachusetts ";1;113644
" Toulon, Illinois ";1;113645
" Vichy, Francia ";1;113646
" Onzain, Francia ";1;113647
" Clifton, Virginia ";1;113648
" Urziceni, Romania ";1;113649
" Lunenburg, Massachusetts ";1;113650
" Brooklyn, Nuova Zelanda ";1;113651
" Tlapizalco, Messico ";1;113652
" Bangladesh ";1;113653
" Saint James, Barbados ";1;113654
" Nowy Dwór Mazowiecki, Polonia ";1;113655
" Candiac, Canada ";1;113656
" Tumbi Umbi, Australia ";1;113657
" Rogaland, Norvegia ";1;113658
" Coto de Caza, California ";1;113659
" Großkrotzenburg, Germania ";1;113660
" Samford Valley, Australia ";1;113661
" Yogyakarta, Indonesia ";1;113662
" Xinyi District, Taiwan ";1;113663
" Isfjorden, Norvegia ";1;113664
" Wall Township, New Jersey ";1;113665
" Benalla, Australia ";1;113666
" Fort Smith, Arkansas ";1;113667
" Bintulu, Malesia ";1;113668
" Golden Valley, Minnesota ";1;113669
" Novorossijsk, Russia ";1;113670
" Bagsværd, ";1;113671
" Arabi, Louisiana ";1;113672
" Omaha, Nuova Zelanda ";1;113673
" Katonah, New York ";1;113674
" Buninyong, Australia ";1;113675
" Montague, Michigan ";1;113676
" Arugam Bay, Sri Lanka ";1;113677
" Roeland Park, Kansas ";1;113678
" Bristol, Vermont ";1;113679
" Kunice, Repubblica Ceca ";1;113680
" Montigny-lès-Metz, Francia ";1;113681
" Gilleleje, ";1;113682
" Elchingen, Germania ";1;113683
" Sinj, Croazia ";1;113684
" Bad Kötzting, Germania ";1;113685
" Kings Langley, Australia ";1;113686
" Clonee, Irlanda ";1;113687
" Merchantville, New Jersey ";1;113688
" Sestri Levante, Italia ";1;113689
" Athlone, Irlanda ";1;113690
" Goffstown, New Hampshire ";1;113691
" Gistel, Belgio ";1;113692
" Dyrkorn, Norvegia ";1;113693
" Newbridge, Irlanda ";1;113694
" Pontllanfraith, Regno Unito ";1;113695
" Boughton, Regno Unito ";1;113696
" Belstone, Regno Unito ";1;113697
" Alburtis, Pennsylvania ";1;113698
" Northampton, Australia ";1;113699
" Osek, Repubblica Ceca ";1;113700
" Borgo A Buggiano, Italia ";1;113701
" Onemana, Nuova Zelanda ";1;113702
" Augusta, Australia ";1;113703
" Innisfil, Canada ";1;113704
" Ocracoke, North Carolina ";1;113705
" White Haven, Pennsylvania ";1;113706
" Sloughhouse, California ";1;113707
" Curepipe, Mauritius ";1;113708
" Shelburne Falls, Massachusetts ";1;113709
" Bry-sur-Marne, Francia ";1;113710
" Mavanalla, India ";1;113711
" Waltrop, Germania ";1;113712
" Zielona Gora, Polonia ";1;113713
" New Cairo City, Egitto ";1;113714
" Vila Real, Portogallo ";1;113715
" Northmead, Australia ";1;113716
" Meerut, India ";1;113717
" Le Vésinet, Francia ";1;113718
" Perigueux, Francia ";1;113719
" Frankston, Texas ";1;113720
" Haaren, Paesi Bassi ";1;113721
" Gelnhausen, Germania ";1;113722
" Keysborough, Australia ";1;113723
" Woodbury, New Jersey ";1;113724
" Nolay, Francia ";1;113725
" Turramurra, Australia ";1;113726
" Delbrück, Germania ";1;113727
" North Yarmouth, Maine ";1;113728
" Feytiat, Francia ";1;113729
" Elmas, Italia ";1;113730
" Matamata, Nuova Zelanda ";1;113731
" Oaksey, Regno Unito ";1;113732
" Bright, Australia ";1;113733
" Hook, Regno Unito ";1;113734
" Bedford, New York ";1;113735
" Little Akaloa, Nuova Zelanda ";1;113736
" Blackmans Bay, Australia ";1;113737
" Sullivan, Maine ";1;113738
" Étampes, Francia ";1;113739
" Pontefract, Regno Unito ";1;113740
" Kleinengersdorf, Austria ";1;113741
" Jaggan, Australia ";1;113742
" Sochi, Russia ";1;113743
" Morton, Illinois ";1;113744
" Mâcon, Francia ";1;113745
" Morwell, Australia ";1;113746
" La Jumellière, Francia ";1;113747
" Carlisle, Arkansas ";1;113748
" Vigra, Norvegia ";1;113749
" Tamaree, Australia ";1;113750
" Tököl, Ungheria ";1;113751
" Cayey, Portorico ";1;113752
" Majano, Italia ";1;113753
" Warren, Pennsylvania ";1;113754
" Postire, Croazia ";1;113755
" Vicksburg, Michigan ";1;113756
" Stranda, Norvegia ";1;113757
" Kentwood, Michigan ";1;113758
" Lora, Norvegia ";1;113759
" Guadalupa ";1;113760
" Ironbridge, Regno Unito ";1;113761
" Köniz, Svizzera ";1;113762
" Avondale, Arizona ";1;113763
" Piikkiö, Finlandia ";1;113764
" Saint-Germain-lès-Corbeil, Francia ";1;113765
" Curtarolo, Italia ";1;113766
" Zelenyi Bir, Ucraina ";1;113767
" Philipstown, New York ";1;113768
" Kippax, Regno Unito ";1;113769
" Estreito da Calheta, Portogallo ";1;113770
" Marsure, Italia ";1;113771
" Strathdickie, Australia ";1;113772
" Cardedeu, Spagna ";1;113773
" Eghezee, Belgio ";1;113774
" Imperial, California ";1;113775
" Cornebarrieu, Francia ";1;113776
" Kawagoe, Giappone ";1;113777
" Thursday Island, Australia ";1;113778
" Portet-sur-Garonne, Francia ";1;113779
" Ludres, Francia ";1;113780
" Erpeldange, Lussemburgo ";1;113781
" Plainfield, New Jersey ";1;113782
" Saint-Etienne, Francia ";1;113783
" Nambour, Australia ";1;113784
" Batangas City, Filippine ";1;113785
" Bay Point, California ";1;113786
" Kösching, Germania ";1;113787
" Mont-Saint-Aignan, Francia ";1;113788
" North Branford, Connecticut ";1;113789
" Ojochal, Costa Rica ";1;113790
" Landsberied, Germania ";1;113791
" Halle (Saale), Germania ";1;113792
" Glover, Vermont ";1;113793
" New Almaden, California ";1;113794
" Fara Gera d'Adda, Italia ";1;113795
" Treadwell, New York ";1;113796
" Sesto Fiorentino, Italia ";1;113797
" Vairé, Francia ";1;113798
" Straß im Straßertale, Austria ";1;113799
" Straubing, Germania ";1;113800
" Malabar, Australia ";1;113801
" Tatuí, Brasile ";1;113802
" Flemington, Australia ";1;113803
" Lastingham, Regno Unito ";1;113804
" Frimley Green, Regno Unito ";1;113805
" Bertem, Belgio ";1;113806
" Arbon, Svizzera ";1;113807
" Ursy, Svizzera ";1;113808
" Tolland, Connecticut ";1;113809
" Saint Joseph, Martinica ";1;113810
" Solbiate, Italia ";1;113811
" Geilston Bay, Australia ";1;113812
" Duxford, Regno Unito ";1;113813
" Königsfeld im Schwarzwald, Germania ";1;113814
" Lysá nad Labem, Repubblica Ceca ";1;113815
" Algona, Iowa ";1;113816
" White Sulphur Springs, West Virginia ";1;113817
" Tuckerton, New Jersey ";1;113818
" Saint-Germain-la-Blanche-Herbe, Francia ";1;113819
" Muckamore, Regno Unito ";1;113820
" Cativa, Panama ";1;113821
" Francisco Morazán Department, Honduras ";1;113822
" Marriottsville, Maryland ";1;113823
" Hatton, Regno Unito ";1;113824
" Örnsköldsvik, Svezia ";1;113825
" Sawbridgeworth, Regno Unito ";1;113826
" Blowing Rock, North Carolina ";1;113827
" Westlock, Canada ";1;113828
" Gleizé, Francia ";1;113829
" Tibbuc, Australia ";1;113830
" Kounice, Repubblica Ceca ";1;113831
" Broughton Gifford, Regno Unito ";1;113832
" Parnamirim, Brasile ";1;113833
" Geraldine, Nuova Zelanda ";1;113834
" Raiano, Italia ";1;113835
" Havant, Regno Unito ";1;113836
" Troy, Missouri ";1;113837
" Villefranche-sur-Mer, Francia ";1;113838
" Garoua, Camerun ";1;113839
" King's Somborne, Regno Unito ";1;113840
" Slagelse, ";1;113841
" Carrollton, Kentucky ";1;113842
" Imerovigli, Grecia ";1;113843
" Cernusco sul Naviglio, Italia ";1;113844
" Frankfurt an der Oder, Germania ";1;113845
" Manzanita, Oregon ";1;113846
" Paget, Bermuda ";1;113847
" Stockbridge, Massachusetts ";1;113848
" Central, Texas ";1;113849
" Provincia di Alajuela, Costa Rica ";1;113850
" Gold Hill, Colorado ";1;113851
" Woodsboro, Maryland ";1;113852
" Loftus, Regno Unito ";1;113853
" Parkville, Missouri ";1;113854
" Loubajac, Francia ";1;113855
" Irwin, Idaho ";1;113856
" Wedmore, Regno Unito ";1;113857
" Rochester, Vermont ";1;113858
" Round Mountain, Texas ";1;113859
" St. Albans, Vermont ";1;113860
" Newton-le-Willows, Regno Unito ";1;113861
" Suffolk Park, Australia ";1;113862
" Moscavide, Portogallo ";1;113863
" LaSalle, Canada ";1;113864
" Saint-Rémi, Canada ";1;113865
" Rio, Grecia ";1;113866
" Lefko?a ";1;113867
" Bayfield, Canada ";1;113868
" Pine City, New York ";1;113869
" Cam, Regno Unito ";1;113870
" Los Realejos, Spagna ";1;113871
" Kellyville Ridge, Australia ";1;113872
" Glass House Mountains, Australia ";1;113873
" Fossil, Oregon ";1;113874
" Menucourt, Francia ";1;113875
" Breganze, Italia ";1;113876
" Mohawk, Oregon ";1;113877
" Ko Chang, Tailandia ";1;113878
" Rheinstetten, Germania ";1;113879
" Castanheira, Portogallo ";1;113880
" Rödermark, Germania ";1;113881
" Kölliken, Svizzera ";1;113882
" Treasure Beach, Giamaica ";1;113883
" Shaver Lake, California ";1;113884
" Batac, Filippine ";1;113885
" Cook, Australia ";1;113886
" Nanticoke, Pennsylvania ";1;113887
" Wolf's Castle, Regno Unito ";1;113888
" Södertälje, Svezia ";1;113889
" Bussy-Saint-Georges, Francia ";1;113890
" Gunung Putri, Indonesia ";1;113891
" Monachil, Spagna ";1;113892
" Clinton, Ohio ";1;113893
" Lalor, Australia ";1;113894
" Meggen, Svizzera ";1;113895
" Rainbow Beach, Australia ";1;113896
" Township of Jackson, Pennsylvania ";1;113897
" DeFuniak Springs, Florida ";1;113898
" Kirkwall, Regno Unito ";1;113899
" Redesdale, Australia ";1;113900
" Riwaka, Nuova Zelanda ";1;113901
" Gulf Breeze, Florida ";1;113902
" Cross Junction, Virginia ";1;113903
" Snow Hill, Maryland ";1;113904
" Quantico, Virginia ";1;113905
" Castenaso, Italia ";1;113906
" Maywood, New Jersey ";1;113907
" Marhamchurch, Regno Unito ";1;113908
" Durango, Messico ";1;113909
" Glenmoore, Pennsylvania ";1;113910
" Sulmona, Italia ";1;113911
" St Helena, Australia ";1;113912
" Peten, Guatemala ";1;113913
" Altdorf, Germania ";1;113914
" Maynard, Massachusetts ";1;113915
" Groomsport, Regno Unito ";1;113916
" Grigny, Francia ";1;113917
" Heuvelland, Belgio ";1;113918
" Hobe Sound, Florida ";1;113919
" La Chaux-de-Fonds, Svizzera ";1;113920
" Amagansett, New York ";1;113921
" Washburn, Illinois ";1;113922
" Thonon-les-Bains, Francia ";1;113923
" Alzano Lombardo, Italia ";1;113924
" Boca Grande, Florida ";1;113925
" Kingfield, Maine ";1;113926
" Ontario, Oregon ";1;113927
" Snekkersten, ";1;113928
" Whaddon, Regno Unito ";1;113929
" Hvalsø, ";1;113930
" Magnolia, Ohio ";1;113931
" Eltville, Germania ";1;113932
" Isola di Krk, Croazia ";1;113933
" Pikeville, Kentucky ";1;113934
" Ilderton, Canada ";1;113935
" Forfar, Regno Unito ";1;113936
" Eichenau, Germania ";1;113937
" Hurstpierpoint, Regno Unito ";1;113938
" Taastrup, ";1;113939
" Auboranges, Svizzera ";1;113940
" Running Springs, California ";1;113941
" Tavares, Florida ";1;113942
" Lindsborg, Kansas ";1;113943
" New Milford, New Jersey ";1;113944
" Burntwood, Regno Unito ";1;113945
" San Roque, Spagna ";1;113946
" Bluewater, Canada ";1;113947
" Lons-le-Saunier, Francia ";1;113948
" Hudson, Iowa ";1;113949
" Sandhurst, Australia ";1;113950
" Pocklington, Regno Unito ";1;113951
" Amburgo, Wisconsin ";1;113952
" Moorslede, Belgio ";1;113953
" Newton, Regno Unito ";1;113954
" La Paz, Bolivia ";1;113955
" Elimbah, Australia ";1;113956
" Kronberg, Germania ";1;113957
" Mount Bethel, Pennsylvania ";1;113958
" Kenora, Canada ";1;113959
" Chislehurst, Regno Unito ";1;113960
" Governatorato di Giza, Egitto ";1;113961
" Killingworth, Connecticut ";1;113962
" Youngsville, North Carolina ";1;113963
" Maple Grove, Minnesota ";1;113964
" Lodi, New Jersey ";1;113965
" Diyarbak?r, Turchia ";1;113966
" Przemy?l, Polonia ";1;113967
" Chester, Vermont ";1;113968
" San Luis Tehuiloyocan, Messico ";1;113969
" Hatch Beauchamp, Regno Unito ";1;113970
" Kouvola, Finlandia ";1;113971
" Dungog, Australia ";1;113972
" Victoria, Argentina ";1;113973
" Obergünzburg, Germania ";1;113974
" Llandysul, Regno Unito ";1;113975
" Othmarsingen, Svizzera ";1;113976
" Homosassa, Florida ";1;113977
" Plumsted Township, New Jersey ";1;113978
" Otter Rock, Oregon ";1;113979
" Robilante, Italia ";1;113980
" Towradgi, Australia ";1;113981
" Kensington, Regno Unito ";1;113982
" Lewiston, California ";1;113983
" Wilderness, Sudafrica ";1;113984
" Keperra, Australia ";1;113985
" Taperoo, Australia ";1;113986
" Coronado, Panama ";1;113987
" Dilworth, Minnesota ";1;113988
" Villars-sur-Glâne, Svizzera ";1;113989
" Wingham, Australia ";1;113990
" Trinity Park, Australia ";1;113991
" Tervola, Finlandia ";1;113992
" Brooklyn, Connecticut ";1;113993
" Cesano Maderno, Italia ";1;113994
" Woodlyn, Pennsylvania ";1;113995
" West Kelowna, Canada ";1;113996
" Ylöjärvi, Finlandia ";1;113997
" Pietermaritzburg, Sudafrica ";1;113998
" Manggis, Indonesia ";1;113999
" Canton Glarona, Svizzera ";1;114000
" Mount Hood Village, Oregon ";1;114001
" Lamphun, Tailandia ";1;114002
" Huron East, Canada ";1;114003
" Aldona, India ";1;114004
" Erin, Canada ";1;114005
" Marion, New York ";1;114006
" McKinnon, Australia ";1;114007
" Yreka, California ";1;114008
" Ratby, Regno Unito ";1;114009
" Murla, Spagna ";1;114010
" Niort, Francia ";1;114011
" Washington, Illinois ";1;114012
" Wasbüttel, Germania ";1;114013
" Cleveland, Australia ";1;114014
" Gold River, California ";1;114015
" Montacute, Australia ";1;114016
" Stock, Regno Unito ";1;114017
" Arnprior, Canada ";1;114018
" Turgi, Svizzera ";1;114019
" Fort Riley, Kansas ";1;114020
" Cala D'or, Spagna ";1;114021
" Jiaxing, Cina ";1;114022
" Hugo, Minnesota ";1;114023
" Freetown, Massachusetts ";1;114024
" Mondaino, Italia ";1;114025
" Vukmanovac, Serbia ";1;114026
" Nailsea, Regno Unito ";1;114027
" Effingen, Svizzera ";1;114028
" Nysa, Polonia ";1;114029
" Willoughby, Australia ";1;114030
" Winnenden, Germania ";1;114031
" Mexico City, Messico ";1;114032
" Upland, Indiana ";1;114033
" Robertson, Sudafrica ";1;114034
" Indiantown, Florida ";1;114035
" Baveno, Italia ";1;114036
" Saint Georges, Delaware ";1;114037
" Henderson, Nebraska ";1;114038
" Radcliffe on Trent, Regno Unito ";1;114039
" Anogia, Grecia ";1;114040
" Truth or Consequences, New Mexico ";1;114041
" Privett, Regno Unito ";1;114042
" Hughes, Australia ";1;114043
" North Plainfield, New Jersey ";1;114044
" Hatsukaichi, Giappone ";1;114045
" Traunstein, Germania ";1;114046
" Hilmar, California ";1;114047
" Corscombe, Regno Unito ";1;114048
" Lecheria, Venezuela ";1;114049
" Malverne, New York ";1;114050
" Chefchaouen, Marocco ";1;114051
" Mahikeng, Sudafrica ";1;114052
" Caniço, Portogallo ";1;114053
" Garnich, Lussemburgo ";1;114054
" Boyce, Louisiana ";1;114055
" Castelnau-de-Médoc, Francia ";1;114056
" Rena, Norvegia ";1;114057
" Teillet-Argenty, Francia ";1;114058
" Magnarp, Svezia ";1;114059
" Port Isabel, Texas ";1;114060
" Hestra, Svezia ";1;114061
" Schenevus, New York ";1;114062
" Veselí nad Moravou, Repubblica Ceca ";1;114063
" Upchurch, Regno Unito ";1;114064
" Saint-Romain-la-Motte, Francia ";1;114065
" Fouke, Arkansas ";1;114066
" Elgin, South Carolina ";1;114067
" Sneads Ferry, North Carolina ";1;114068
" Hilton, New York ";1;114069
" Uppingham, Regno Unito ";1;114070
" Six-Fours-les-Plages, Francia ";1;114071
" Norwood, New Jersey ";1;114072
" Forio, Italia ";1;114073
" Boxtel, Paesi Bassi ";1;114074
" Torbay, Canada ";1;114075
" Ceres, Italia ";1;114076
" Seneca Rocks, West Virginia ";1;114077
" Marly-le-Roi, Francia ";1;114078
" Hilton, Sudafrica ";1;114079
" Laup?hoehoe, Hawaii ";1;114080
" Rimavská Sobota, Slovacchia ";1;114081
" Zuidhorn, Paesi Bassi ";1;114082
" Lonato, Italia ";1;114083
" Atlantic, Canada ";1;114084
" Pubnico, Canada ";1;114085
" Entroncamento, Portogallo ";1;114086
" Sainte-Thérèse, Canada ";1;114087
" Hanska, Minnesota ";1;114088
" Ávila?, Spagna ";1;114089
" Hartland, Michigan ";1;114090
" Duffel, Belgio ";1;114091
" Kaukauna, Wisconsin ";1;114092
" Pecan Grove, Texas ";1;114093
" Hampshire, Illinois ";1;114094
" Lünen, Germania ";1;114095
" Jangheung-gun, Corea del Sud ";1;114096
" Bagno A Ripoli, Italia ";1;114097
" Montville, New Jersey ";1;114098
" Oberwil-Lieli, Svizzera ";1;114099
" Kalocsa, Ungheria ";1;114100
" Monmouth, Illinois ";1;114101
" Vermontville, New York ";1;114102
" Sumner, Washington ";1;114103
" Taree, Australia ";1;114104
" Fulton, Mississippi ";1;114105
" Arquà Petrarca, Italia ";1;114106
" Fannie Bay, Australia ";1;114107
" Quimper, Francia ";1;114108
" Innisfail, Australia ";1;114109
" Plaka, Grecia ";1;114110
" Buxton, Regno Unito ";1;114111
" Crinitzberg, Germania ";1;114112
" Ribeira Brava, Portogallo ";1;114113
" Heinkenszand, Paesi Bassi ";1;114114
" Viroflay, Francia ";1;114115
" Sant Martí Sapresa, Spagna ";1;114116
" Châtel, Francia ";1;114117
" Prestons, Australia ";1;114118
" Kanye, Botswana ";1;114119
" Brookmans Park, Regno Unito ";1;114120
" Valparaíso, Cile ";1;114121
" Diablo, Washington ";1;114122
" North Wilkesboro, North Carolina ";1;114123
" Naseby, Regno Unito ";1;114124
" Beilstein, Germania ";1;114125
" Sciez, Francia ";1;114126
" Barksdale Air Force Base, Louisiana ";1;114127
" DeSoto, Texas ";1;114128
" Guam, Missouri ";1;114129
" Bayfield, Colorado ";1;114130
" Tividale, Regno Unito ";1;114131
" Renania Settentrionale-Vestfalia, Germania ";1;114132
" Goutum, Paesi Bassi ";1;114133
" Etaux, Francia ";1;114134
" Meylan, Francia ";1;114135
" Oftersheim, Germania ";1;114136
" Greenway, Australia ";1;114137
" Backnang, Germania ";1;114138
" Hausen im Wiesental, Germania ";1;114139
" Taizhou, Cina ";1;114140
" Celaya, Messico ";1;114141
" Schwyz, Svizzera ";1;114142
" Ry, ";1;114143
" Texas City, Texas ";1;114144
" Mörfelden-Walldorf, Germania ";1;114145
" McCordsville, Indiana ";1;114146
" Mahtomedi, Minnesota ";1;114147
" Nattavaara, Svezia ";1;114148
" West End, Honduras ";1;114149
" Macomb, Illinois ";1;114150
" Kippen, Regno Unito ";1;114151
" Gautier, Mississippi ";1;114152
" Coedpoeth, Regno Unito ";1;114153
" South Haven, Michigan ";1;114154
" Roussillon, Francia ";1;114155
" Fortville, Indiana ";1;114156
" Higashiyoshino, Giappone ";1;114157
" Sadadeen, Australia ";1;114158
" Royal Center, Indiana ";1;114159
" Jardim Do Mar, Portogallo ";1;114160
" Rybnik, Polonia ";1;114161
" Middletown, Regno Unito ";1;114162
" Melksham, Regno Unito ";1;114163
" Fern Forest, Hawaii ";1;114164
" Ganshoren, Belgio ";1;114165
" Grand Island, Nebraska ";1;114166
" Brynmill, Regno Unito ";1;114167
" Roxbury Township, New Jersey ";1;114168
" Chimayo, New Mexico ";1;114169
" Yawata, Giappone ";1;114170
" Clifden, Irlanda ";1;114171
" Galisteo, New Mexico ";1;114172
" Mentore, Ohio ";1;114173
" Scawby, Regno Unito ";1;114174
" West End, Regno Unito ";1;114175
" Aurora, Missouri ";1;114176
" Dover-Foxcroft, Maine ";1;114177
" Itatiba, Brasile ";1;114178
" Dollar, Regno Unito ";1;114179
" Leary, Georgia ";1;114180
" Saint-Apollinaire, Francia ";1;114181
" Xanten, Germania ";1;114182
" Mount Barker, Australia ";1;114183
" Argostolion, Grecia ";1;114184
" Millbury, Massachusetts ";1;114185
" Allston, Massachusetts ";1;114186
" San Giovanni in Persiceto, Italia ";1;114187
" Berowra, Australia ";1;114188
" Earls Barton, Regno Unito ";1;114189
" Berthoud, Colorado ";1;114190
" Courcelles-Sapicourt, Francia ";1;114191
" Mineral, Virginia ";1;114192
" Rüti, Svizzera ";1;114193
" Boyle, Irlanda ";1;114194
" Inzigkofen, Germania ";1;114195
" Shirley, New York ";1;114196
" Savonlinna, Finlandia ";1;114197
" ?achtice, Slovacchia ";1;114198
" Santo Domingo, Costa Rica ";1;114199
" Calais, Francia ";1;114200
" Caldwell, Texas ";1;114201
" Cheboygan, Michigan ";1;114202
" Shippensburg, Pennsylvania ";1;114203
" Spencer, New York ";1;114204
" Aros, Regno Unito ";1;114205
" Spotswood, New Jersey ";1;114206
" Oakmont, Pennsylvania ";1;114207
" Beddgelert, Regno Unito ";1;114208
" Sesimbra, Portogallo ";1;114209
" Mont-de-Marsan, Francia ";1;114210
" Bornel, Francia ";1;114211
" Pima, Arizona ";1;114212
" Terrebonne, Oregon ";1;114213
" Barrhead, Regno Unito ";1;114214
" Boston, Regno Unito ";1;114215
" Peetri, Estonia ";1;114216
" Vihti, Finlandia ";1;114217
" Mount Desert, Maine ";1;114218
" Penguin, Australia ";1;114219
" Wrentham, Massachusetts ";1;114220
" Fontana-on-Geneva Lake, Wisconsin ";1;114221
" Oudtshoorn, Sudafrica ";1;114222
" Diss, Regno Unito ";1;114223
" Saint-Palais-sur-Mer, Francia ";1;114224
" Lauro de Freitas, Brasile ";1;114225
" Cochecton, New York ";1;114226
" Bay St. Louis, Mississippi ";1;114227
" Arlington, Tennessee ";1;114228
" Princes Risborough, Regno Unito ";1;114229
" Vatersay, Regno Unito ";1;114230
" Helsingør, ";1;114231
" Blockley, Regno Unito ";1;114232
" Wensley, Regno Unito ";1;114233
" Lincoln Park, Michigan ";1;114234
" West Caldwell, New Jersey ";1;114235
" Pine Valley, California ";1;114236
" La Veta, Colorado ";1;114237
" Soumoulou, Francia ";1;114238
" Pellston, Michigan ";1;114239
" Wishart, Australia ";1;114240
" Radstock, Regno Unito ";1;114241
" Fukui, Giappone ";1;114242
" Bormio, Italia ";1;114243
" Sexau, Germania ";1;114244
" Roccavivi, Italia ";1;114245
" Twin Bridges, California ";1;114246
" Sienna Plantation, Texas ";1;114247
" Bitola, Macedonia ";1;114248
" Williamscot, Regno Unito ";1;114249
" Alachua, Florida ";1;114250
" Banjole, Croazia ";1;114251
" Middelfart, ";1;114252
" Pawnee, Illinois ";1;114253
" St. Charles, Missouri ";1;114254
" Retie, Belgio ";1;114255
" Léry, Francia ";1;114256
" Lamagdelaine, Francia ";1;114257
" Vertaizon, Francia ";1;114258
" Raglan, Regno Unito ";1;114259
" Sosua, Repubblica Dominicana ";1;114260
" Sugar Mountain, North Carolina ";1;114261
" Manor, Texas ";1;114262
" Beacon Hill, Australia ";1;114263
" Caravaggio, Italia ";1;114264
" Duivendrecht, Paesi Bassi ";1;114265
" Lokeren, Belgio ";1;114266
" Walkersville, Maryland ";1;114267
" Sartell, Minnesota ";1;114268
" Saint-Père-en-Retz, Francia ";1;114269
" Kiryat Tiv'on, Israele ";1;114270
" Marienmünster, Germania ";1;114271
" Hartford, South ";1;114272
" Socorro, New Mexico ";1;114273
" Épinal, Francia ";1;114274
" Ulverstone, Australia ";1;114275
" Villa Ballester, Argentina ";1;114276
" Pite?ti, Romania ";1;114277
" Caxias, Portogallo ";1;114278
" Jacksonville, Illinois ";1;114279
" Harrington Park, New Jersey ";1;114280
" Valenza, Francia ";1;114281
" Stadtlohn, Germania ";1;114282
" Vitacura, Cile ";1;114283
" Cambados, Spagna ";1;114284
" Broderstorf, Germania ";1;114285
" Grafton, Massachusetts ";1;114286
" Thun, Svizzera ";1;114287
" Sarstedt, Germania ";1;114288
" Fforest-fach, Regno Unito ";1;114289
" Fort Hood, Texas ";1;114290
" South Wharf, Australia ";1;114291
" Detva, Slovacchia ";1;114292
" Saint-Romain-de-Popey, Francia ";1;114293
" Tombeau Bay, Mauritius ";1;114294
" New Hartford, New York ";1;114295
" Al Bustan, Oman ";1;114296
" Saint-Dié-des-Vosges, Francia ";1;114297
" Suckley, Regno Unito ";1;114298
" Jonesborough, Tennessee ";1;114299
" Ngorongoro, Tanzania ";1;114300
" Red Oak, Texas ";1;114301
" Atene, Alabama ";1;114302
" Chesterfield Township, New Jersey ";1;114303
" Wimereux, Francia ";1;114304
" Paulton, Regno Unito ";1;114305
" Vaucluse, Australia ";1;114306
" Préseau, Francia ";1;114307
" Tuolumne, California ";1;114308
" Sandringham, Australia ";1;114309
" Faribault, Minnesota ";1;114310
" Riel, Paesi Bassi ";1;114311
" Gnadenhutten, Ohio ";1;114312
" Blanes, Spagna ";1;114313
" Bulgaria ";1;114314
" Port Neches, Texas ";1;114315
" Alsager, Regno Unito ";1;114316
" Niverville, New York ";1;114317
" Cómpeta, Spagna ";1;114318
" Bodmin, Regno Unito ";1;114319
" Oak Creek, Wisconsin ";1;114320
" Kettering, Ohio ";1;114321
" Great Baddow, Regno Unito ";1;114322
" Eemnes, Paesi Bassi ";1;114323
" Stanford in the Vale, Regno Unito ";1;114324
" Warza, Germania ";1;114325
" Pembroke, North Carolina ";1;114326
" Saint-Rémy-lès-Chevreuse, Francia ";1;114327
" Rockingham, Vermont ";1;114328
" Alert Bay, Canada ";1;114329
" Portglenone, Regno Unito ";1;114330
" East Northport, New York ";1;114331
" Glenboig, Regno Unito ";1;114332
" Western Fjords, Islanda ";1;114333
" Penistone, Regno Unito ";1;114334
" La Grande-Motte, Francia ";1;114335
" Boisset-et-Gaujac, Francia ";1;114336
" Pitlochry, Regno Unito ";1;114337
" Meaux, Francia ";1;114338
" Saint-Julien, Francia ";1;114339
" Hunter, New York ";1;114340
" West Deptford, New Jersey ";1;114341
" Pradalunga, Italia ";1;114342
" Illingen, Germania ";1;114343
" Albert Lea, Minnesota ";1;114344
" Heeze, Paesi Bassi ";1;114345
" Gomersal, Regno Unito ";1;114346
" Takatsuki, Giappone ";1;114347
" Diamondhead, Mississippi ";1;114348
" Marine City, Michigan ";1;114349
" Brelle, Croazia ";1;114350
" Detroit Lakes, Minnesota ";1;114351
" Audenge, Francia ";1;114352
" Langford, Canada ";1;114353
" San Agustín Etla, Messico ";1;114354
" Almelo, Paesi Bassi ";1;114355
" Denfield, Canada ";1;114356
" Mannford, Oklahoma ";1;114357
" Upwey, Australia ";1;114358
" Sperryville, Virginia ";1;114359
" Geilenkirchen, Germania ";1;114360
" Condon, Montana ";1;114361
" Polinyà, Spagna ";1;114362
" Apple Valley, California ";1;114363
" Sylvania, Australia ";1;114364
" Vila do Bispo Municipality, Portogallo ";1;114365
" Ginaton, Israele ";1;114366
" Komotini, Grecia ";1;114367
" Glenrothes, Regno Unito ";1;114368
" Poltava, Ucraina ";1;114369
" Grünwald, Germania ";1;114370
" Antioch, Illinois ";1;114371
" Pulheim, Germania ";1;114372
" East Challow, Regno Unito ";1;114373
" Stanton, California ";1;114374
" Smålandsstenar, Svezia ";1;114375
" Meridian, Texas ";1;114376
" El Cotillo, Spagna ";1;114377
" Aosta, Italia ";1;114378
" Livingston, Tennessee ";1;114379
" Murten, Svizzera ";1;114380
" Reading, Vermont ";1;114381
" Ferndale, Washington ";1;114382
" Nakhon Si Thammarat, Tailandia ";1;114383
" Wick, Regno Unito ";1;114384
" Kfar Shmuel, Israele ";1;114385
" Boonah, Australia ";1;114386
" Palangka Raya City, Indonesia ";1;114387
" Blagdon, Regno Unito ";1;114388
" Mill End, Regno Unito ";1;114389
" Milton, Vermont ";1;114390
" Spring Mills, Pennsylvania ";1;114391
" Sainte-Catherine, Canada ";1;114392
" Fawkner, Australia ";1;114393
" Longridge, Regno Unito ";1;114394
" Rangárþing eystra, Islanda ";1;114395
" Ebeltoft, ";1;114396
" Pembridge, Regno Unito ";1;114397
" Exning, Regno Unito ";1;114398
" Strathyre, Regno Unito ";1;114399
" Sint-Jans-Molenbeek, Belgio ";1;114400
" Samarkand, Uzbekistan ";1;114401
" Cockatoo, Australia ";1;114402
" K?ty, Polonia ";1;114403
" Jefferson, Georgia ";1;114404
" Travancore, Australia ";1;114405
" Unayzah, Arabia Saudita ";1;114406
" Dover, Pennsylvania ";1;114407
" Edegem, Belgio ";1;114408
" Boa Vista, Brasile ";1;114409
" Drancy, Francia ";1;114410
" Washington, Maine ";1;114411
" Vanta?i?i, Croazia ";1;114412
" Bainsville, Canada ";1;114413
" Silverdale, Australia ";1;114414
" Godfrey, Illinois ";1;114415
" Tver, Russia ";1;114416
" Nulkaba, Australia ";1;114417
" Tanvald, Repubblica Ceca ";1;114418
" Neftenbach, Svizzera ";1;114419
" South Hutchinson, Kansas ";1;114420
" West Glacier, Montana ";1;114421
" Alvin, Texas ";1;114422
" Townsend, Massachusetts ";1;114423
" Byron, New York ";1;114424
" Drumree, Irlanda ";1;114425
" Sarisbury Green, Regno Unito ";1;114426
" Rolling Hills Estates, California ";1;114427
" Temuco, Cile ";1;114428
" São Luís, Brasile ";1;114429
" Uniontown, Ohio ";1;114430
" Languedoc-Roussillon-Midi-Pyrénées, Francia ";1;114431
" Il-Mellie?a, Malta ";1;114432
" Coulommiers, Francia ";1;114433
" Conflans-Sainte-Honorine, Francia ";1;114434
" Juba, Sudan del Sud ";1;114435
" Jamestown, North Carolina ";1;114436
" Combe Down, Regno Unito ";1;114437
" Faridabad, India ";1;114438
" Benson, Regno Unito ";1;114439
" Bushkill, Pennsylvania ";1;114440
" Lipa, Filippine ";1;114441
" Mansons Landing, Canada ";1;114442
" Somers, Montana ";1;114443
" Garby, Polonia ";1;114444
" Niedersachsen, Germania ";1;114445
" Mitchell, Australia ";1;114446
" Pendle Hill, Australia ";1;114447
" Nhill, Australia ";1;114448
" Eriskirch, Germania ";1;114449
" Billy-Montigny, Francia ";1;114450
" Marshall, Texas ";1;114451
" Szigetszentmiklós, Ungheria ";1;114452
" Grand Lake, Colorado ";1;114453
" St Marys, Australia ";1;114454
" Jamestown, California ";1;114455
" Les Pavillons-sous-Bois, Francia ";1;114456
" Plattsburgh, New York ";1;114457
" Rozzano, Italia ";1;114458
" Remsenburg-Speonk, New York ";1;114459
" Plain, Wisconsin ";1;114460
" Riverside, Illinois ";1;114461
" Pueblo de Alamos, Messico ";1;114462
" Morphett Vale, Australia ";1;114463
" Fuentes de Cesna, Spagna ";1;114464
" Jackass Flat, Australia ";1;114465
" San Jose, Guatemala ";1;114466
" Ossining, New York ";1;114467
" Dunsfold, Regno Unito ";1;114468
" East Garston, Regno Unito ";1;114469
" Clearlake Oaks, California ";1;114470
" Maharashtra, India ";1;114471
" La Bâtie-Divisin, Francia ";1;114472
" Hankamer, Texas ";1;114473
" Beulah Park, Australia ";1;114474
" Bunkeflostrand, Svezia ";1;114475
" Libby, Montana ";1;114476
" Massaguel, Francia ";1;114477
" Burgaw, North Carolina ";1;114478
" Eastlakes, Australia ";1;114479
" Masai, Malesia ";1;114480
" Ses Salines, Spagna ";1;114481
" Miyawaka, Giappone ";1;114482
" Dundonald, Regno Unito ";1;114483
" Elphinstone, Australia ";1;114484
" Bovina, Texas ";1;114485
" Boylston, Massachusetts ";1;114486
" Helston, Regno Unito ";1;114487
" Sabin, Minnesota ";1;114488
" Auburn, Massachusetts ";1;114489
" Cabrera de Mar, Spagna ";1;114490
" Voronezh, Russia ";1;114491
" Sandisfield, Massachusetts ";1;114492
" Altmannstein, Germania ";1;114493
" Vyborg, Russia ";1;114494
" Old Bethpage, New York ";1;114495
" Levin, Nuova Zelanda ";1;114496
" Escalon, California ";1;114497
" Port Canaveral, Florida ";1;114498
" South Lancaster, Canada ";1;114499
" Trbovlje, Slovenia ";1;114500
" Midwest City, Oklahoma ";1;114501
" Auburn, New Hampshire ";1;114502
" North Providence, Rhode Island ";1;114503
" Surfside Beach, South Carolina ";1;114504
" Sérifos, Grecia ";1;114505
" Lerum, Svezia ";1;114506
" Gistrup, ";1;114507
" Reach, Regno Unito ";1;114508
" Ahmadi, Kuwait ";1;114509
" Northborough, Massachusetts ";1;114510
" South Kalimantan, Indonesia ";1;114511
" De Panne, Belgio ";1;114512
" A'ali, Bahrein ";1;114513
" Wettenberg, Germania ";1;114514
" Neufraunhofen, Germania ";1;114515
" Hessle, Regno Unito ";1;114516
" Le Plessis-Robinson, Francia ";1;114517
" Lagnes, Francia ";1;114518
" Weissenburg in Bayern, Germania ";1;114519
" Wittenberg, Germania ";1;114520
" Bladon, Regno Unito ";1;114521
" Norco, California ";1;114522
" Auburn, Maine ";1;114523
" Beltsville, Maryland ";1;114524
" Jartypory, Polonia ";1;114525
" Shaoxing, Cina ";1;114526
" Atlantic Beach, New York ";1;114527
" Ovada, Italia ";1;114528
" Silsoe, Regno Unito ";1;114529
" Siloam Springs, Arkansas ";1;114530
" General Roca, Argentina ";1;114531
" Bubenreuth, Germania ";1;114532
" Iruma, Giappone ";1;114533
" Beograd, Serbia ";1;114534
" Karlovy Vary, Repubblica Ceca ";1;114535
" Usk, Washington ";1;114536
" Butte, Montana ";1;114537
" Conifer, Colorado ";1;114538
" Sittard, Paesi Bassi ";1;114539
" Mitchell Park, Australia ";1;114540
" Grävenwiesbach, Germania ";1;114541
" Camden, Australia ";1;114542
" Creighton, Canada ";1;114543
" Meningie East, Australia ";1;114544
" Lifton, Regno Unito ";1;114545
" Hennef, Germania ";1;114546
" Nunawading, Australia ";1;114547
" Baldoyle, Irlanda ";1;114548
" Ixtapaluca, Messico ";1;114549
" Kluang, Malesia ";1;114550
" Neukirchen-Vluyn, Germania ";1;114551
" Municipality of Capul, Filippine ";1;114552
" Praia, Capo Verde ";1;114553
" Jamison, Pennsylvania ";1;114554
" Chaska, Minnesota ";1;114555
" Izegem, Belgio ";1;114556
" Banksia, Australia ";1;114557
" East Rochester, New York ";1;114558
" Cassadaga, New York ";1;114559
" Mexico, Messico ";1;114560
" Kralendijk, Caraibi Olandesi ";1;114561
" Kingston Springs, Tennessee ";1;114562
" Eggingen, Germania ";1;114563
" Lippstadt, Germania ";1;114564
" Pittsfield, Massachusetts ";1;114565
" St Petersburg, Russia ";1;114566
" Tutukaka, Nuova Zelanda ";1;114567
" Ruse, Bulgaria ";1;114568
" Larkspur, California ";1;114569
" Dewey Beach, Delaware ";1;114570
" Syracuse, Kansas ";1;114571
" Berkeley Vale, Australia ";1;114572
" Calonge, Spagna ";1;114573
" P?'ea, Polinesia Francese ";1;114574
" Minety, Regno Unito ";1;114575
" Hendy, Regno Unito ";1;114576
" Abergele, Regno Unito ";1;114577
" Pymble, Australia ";1;114578
" Little Mountain, Australia ";1;114579
" Ousse, Francia ";1;114580
" Delaplaine, Arkansas ";1;114581
" Broni, Italia ";1;114582
" Rivière-Beaudette, Canada ";1;114583
" Ranelagh, Irlanda ";1;114584
" Port Antonio, Giamaica ";1;114585
" Ringsend, Irlanda ";1;114586
" Ponte Carate, Italia ";1;114587
" Saint-Briac-sur-Mer, Francia ";1;114588
" Pori, Finlandia ";1;114589
" Machesney Park, Illinois ";1;114590
" Tunnel Hill, Georgia ";1;114591
" Ward, Colorado ";1;114592
" Ödåkra, Svezia ";1;114593
" Conley, Georgia ";1;114594
" Pontianak, Indonesia ";1;114595
" Uetze, Germania ";1;114596
" Oxford, Georgia ";1;114597
" Leaden Roding, Regno Unito ";1;114598
" Slocan, Canada ";1;114599
" Mountainstown, Irlanda ";1;114600
" Scania, Svezia ";1;114601
" Novy Jicin, Repubblica Ceca ";1;114602
" Le Blanc-Mesnil, Francia ";1;114603
" Larkhill, Regno Unito ";1;114604
" Laoag City, Filippine ";1;114605
" Montemurlo, Italia ";1;114606
" Bayview, Australia ";1;114607
" Guri-si, Corea del Sud ";1;114608
" Lordsburg, New Mexico ";1;114609
" Arrecife, Spagna ";1;114610
" West Cape May, New Jersey ";1;114611
" Santos, Brasile ";1;114612
" Yackandandah, Australia ";1;114613
" Pretty Beach, Australia ";1;114614
" Walhalla, South Carolina ";1;114615
" Bosques la Florida, Messico ";1;114616
" Takatsu Ward, Giappone ";1;114617
" Kittitas, Washington ";1;114618
" Seaside Heights, New Jersey ";1;114619
" Chatham Township, New Jersey ";1;114620
" Athboy, Irlanda ";1;114621
" Jalisco, Messico ";1;114622
" Bomlitz, Germania ";1;114623
" Ferndale, California ";1;114624
" Abbiategrasso, Italia ";1;114625
" Posada, Italia ";1;114626
" Grandview, Missouri ";1;114627
" Albergaria-a-Velha, Portogallo ";1;114628
" Elskop, Germania ";1;114629
" Lake Grove, New York ";1;114630
" Sint Charles, Illinois ";1;114631
" Bideford, Regno Unito ";1;114632
" Altona Meadows, Australia ";1;114633
" Woodland, Washington ";1;114634
" Rabat, Malta ";1;114635
" Aston juxta Mondrum, Regno Unito ";1;114636
" Inishmore, Irlanda ";1;114637
" Torrejón de Ardoz, Spagna ";1;114638
" Odessa, Missouri ";1;114639
" Harbury, Regno Unito ";1;114640
" Nedre Frei, Norvegia ";1;114641
" Weiz, Austria ";1;114642
" Kiels Mountain, Australia ";1;114643
" Busuanga, Filippine ";1;114644
" Cuautitlán, Messico ";1;114645
" Leongatha, Australia ";1;114646
" Ploeren, Francia ";1;114647
" Tomball, Texas ";1;114648
" Glen ";1;114649
" Solarolo, Italia ";1;114650
" Pickerington, Ohio ";1;114651
" Noyal-Châtillon-sur-Seiche, Francia ";1;114652
" Painted Post, New York ";1;114653
" Brindisi, Italia ";1;114654
" Cossonay, Svizzera ";1;114655
" Adro, Italia ";1;114656
" Contagem, Brasile ";1;114657
" Barrow Gurney, Regno Unito ";1;114658
" Chipping Sodbury, Regno Unito ";1;114659
" Highton, Australia ";1;114660
" Berkeley, Washington ";1;114661
" Boigny-sur-Bionne, Francia ";1;114662
" Ladce, Slovacchia ";1;114663
" Gjoa Haven, Canada ";1;114664
" Oldendorf, Germania ";1;114665
" Mansoura, Egitto ";1;114666
" Cremorne, Australia ";1;114667
" Parramatta, Australia ";1;114668
" Boulder, Illinois ";1;114669
" Hallandale Beach, Florida ";1;114670
" Isle of Lismore, Regno Unito ";1;114671
" kofja Loka, Slovenia ";1;114672
" Fløng, ";1;114673
" Croydon Hills, Australia ";1;114674
" Oxted, Regno Unito ";1;114675
" Payson, Arizona ";1;114676
" Pont-Farcy, Francia ";1;114677
" Nayland, Regno Unito ";1;114678
" Whitman, Massachusetts ";1;114679
" Duncan, Oklahoma ";1;114680
" Hjortshøj, ";1;114681
" Feighquin, Irlanda ";1;114682
" Lebec, California ";1;114683
" Santiago de Surco, Perù ";1;114684
" Oshima, Giappone ";1;114685
" Saint-Josse-ten-Noode, Belgio ";1;114686
" Caulfield East, Australia ";1;114687
" Warminster, Regno Unito ";1;114688
" Caspar, California ";1;114689
" Valls, Spagna ";1;114690
" Brka, Bosnia Erzegovina ";1;114691
" Saltash, Regno Unito ";1;114692
" Mount Pleasant, Australia ";1;114693
" Lower Kingswood, Regno Unito ";1;114694
" Halesworth, Regno Unito ";1;114695
" Emerald Hills, California ";1;114696
" Deshler, Ohio ";1;114697
" Theodore, Alabama ";1;114698
" Hilvarenbeek, Paesi Bassi ";1;114699
" East Bunbury, Australia ";1;114700
" Bokeelia, Florida ";1;114701
" Delmar, New York ";1;114702
" Blackburn South, Australia ";1;114703
" Bamenda, Camerun ";1;114704
" Chester, Canada ";1;114705
" Borgund, Norvegia ";1;114706
" Wetaskiwin, Canada ";1;114707
" Alhos Vedros, Portogallo ";1;114708
" Union City, Georgia ";1;114709
" Whately, Massachusetts ";1;114710
" Aberfeldy, Regno Unito ";1;114711
" Otley, Regno Unito ";1;114712
" Corydon, Indiana ";1;114713
" Ettlingen, Germania ";1;114714
" Maumelle, Arkansas ";1;114715
" Livingston, New York ";1;114716
" Volant, Pennsylvania ";1;114717
" Madeira Park, Canada ";1;114718
" Molalla, Oregon ";1;114719
" Hyde Park, Utah ";1;114720
" Bridgeton, Missouri ";1;114721
" Weiser, Idaho ";1;114722
" Doniphan, Missouri ";1;114723
" Hocking, Australia ";1;114724
" Rishon LeZion, Israele ";1;114725
" The Plains, Virginia ";1;114726
" Pemberton, Australia ";1;114727
" Heiloo, Paesi Bassi ";1;114728
" Boullay-les-Troux, Francia ";1;114729
" Wheeler Heights, Australia ";1;114730
" Radom, Polonia ";1;114731
" Mayenne, Francia ";1;114732
" Westwood, California ";1;114733
" Banjarmasin, Indonesia ";1;114734
" Cameron, Wisconsin ";1;114735
" Kahnawake, Canada ";1;114736
" Escheburg, Germania ";1;114737
" Saint-Gratien, Francia ";1;114738
" Compton Martin, Regno Unito ";1;114739
" Parit Raja, Malesia ";1;114740
" Cuenca Canton, Ecuador ";1;114741
" Earlwood, Australia ";1;114742
" Prospect, Connecticut ";1;114743
" Fraser, Michigan ";1;114744
" Verbania, Italia ";1;114745
" Bilsthorpe, Regno Unito ";1;114746
" Sant Feliu de Llobregat, Spagna ";1;114747
" Esquel, Argentina ";1;114748
" Sandy Lake, Pennsylvania ";1;114749
" Harwich, Regno Unito ";1;114750
" Carefree, Arizona ";1;114751
" Au Gres, Michigan ";1;114752
" Loudon, Tennessee ";1;114753
" Kingston, Tennessee ";1;114754
" Miners Rest, Australia ";1;114755
" Broadwater, Australia ";1;114756
" Edemissen, Germania ";1;114757
" Grateley, Regno Unito ";1;114758
" Boyup Brook, Australia ";1;114759
" abori?, Croazia ";1;114760
" Frederikshavn, ";1;114761
" Saint Helena Bay, Sudafrica ";1;114762
" South Yunderup, Australia ";1;114763
" Gualdo Tadino, Italia ";1;114764
" Étretat, Francia ";1;114765
" Navestock, Regno Unito ";1;114766
" Mumpf, Svizzera ";1;114767
" Muskego, Wisconsin ";1;114768
" La Florida, Cile ";1;114769
" Bloomfield, Canada ";1;114770
" Jacksonville, Texas ";1;114771
" Pontinia, Italia ";1;114772
" Carlyle, Canada ";1;114773
" Denmark, Australia ";1;114774
" Newburgh, Indiana ";1;114775
" Montesilvano, Italia ";1;114776
" Montgomery, Illinois ";1;114777
" Mountain Home, Arkansas ";1;114778
" County Cork, Irlanda ";1;114779
" Ruurlo, Paesi Bassi ";1;114780
" Antigua e Barbuda ";1;114781
" Subiaco, Australia ";1;114782
" General Santos City, Filippine ";1;114783
" Fraisses, Francia ";1;114784
" Givrins, Svizzera ";1;114785
" Potsdam, New York ";1;114786
" Auriol, Francia ";1;114787
" Mayotte ";1;114788
" South Hobart, Australia ";1;114789
" Whale Beach, Australia ";1;114790
" Gerrards Cross, Regno Unito ";1;114791
" Johns Island, South Carolina ";1;114792
" Les, Spagna ";1;114793
" Wilstead, Regno Unito ";1;114794
" Varel, Germania ";1;114795
" Sosúa, Repubblica Dominicana ";1;114796
" Charlestown, Saint Kitts e Nevis ";1;114797
" Texcoco, Messico ";1;114798
" Morningside, Australia ";1;114799
" Vallecrosia, Italia ";1;114800
" Peachland, Canada ";1;114801
" Navplion, Grecia ";1;114802
" Beaumont-en-Véron, Francia ";1;114803
" Newman Lake, Washington ";1;114804
" Port Williams, Canada ";1;114805
" Didima, Grecia ";1;114806
" Leyland, Regno Unito ";1;114807
" Borris, Irlanda ";1;114808
" Woolwich, Maine ";1;114809
" Opfikon, Svizzera ";1;114810
" Flore?ti, Cluj, Romania ";1;114811
" Sartène, Francia ";1;114812
" Elberta, Alabama ";1;114813
" Estell Manor, New Jersey ";1;114814
" Samoëns, Francia ";1;114815
" Idalia, Colorado ";1;114816
" Torvaianica Alta, Italia ";1;114817
" Punta del Diablo, Uruguay ";1;114818
" Melnik, Repubblica Ceca ";1;114819
" Hurghada, Egitto ";1;114820
" Lanaken, Belgio ";1;114821
" Gawleys Gate, Regno Unito ";1;114822
" Belmont, Giamaica ";1;114823
" Thorncombe, Regno Unito ";1;114824
" North Chatham, New York ";1;114825
" Rivignano, Italia ";1;114826
" Cerdanyola del Vallès, Spagna ";1;114827
" Kelpen-Oler, Paesi Bassi ";1;114828
" Benguela, Angola ";1;114829
" Palmerstown, Irlanda ";1;114830
" Glenorie, Australia ";1;114831
" Izlake, Slovenia ";1;114832
" Beidweiler, Lussemburgo ";1;114833
" Dover Air Force Base, Delaware ";1;114834
" Steventon, Regno Unito ";1;114835
" Kingman, Arizona ";1;114836
" Stephenville, Texas ";1;114837
" Hlu?ín, Repubblica Ceca ";1;114838
" Park City, Montana ";1;114839
" Rishikesh, India ";1;114840
" Wells-next-the-Sea, Regno Unito ";1;114841
" Roselle Park, New Jersey ";1;114842
" Vila do Bispo, Portogallo ";1;114843
" Pitres, Spagna ";1;114844
" Petersberg, Germania ";1;114845
" Hadfield, Australia ";1;114846
" Tambor, Costa Rica ";1;114847
" Charlotte, Iowa ";1;114848
" Piracicaba, Brasile ";1;114849
" Rowley Regis, Regno Unito ";1;114850
" Kamuela, Hawaii ";1;114851
" Versoix, Svizzera ";1;114852
" Sceaux, Francia ";1;114853
" St Gallen, Svizzera ";1;114854
" Pelotas, Brasile ";1;114855
" Schiedam, Paesi Bassi ";1;114856
" Milledgeville, Georgia ";1;114857
" Cognac, Francia ";1;114858
" Altamonte Springs, Florida ";1;114859
" West Grove, Pennsylvania ";1;114860
" Ozzero, Italia ";1;114861
" Mestre, Italia ";1;114862
" Acampo, California ";1;114863
" Bundaberg North, Australia ";1;114864
" Centerville, Utah ";1;114865
" Vigo di Fassa, Italia ";1;114866
" Peachtree City, Georgia ";1;114867
" Patti, Italia ";1;114868
" Bispham, Regno Unito ";1;114869
" Twijzel, Paesi Bassi ";1;114870
" New Taipei, Taiwan ";1;114871
" Pfungstadt, Germania ";1;114872
" Frépillon, Francia ";1;114873
" Serifos, Grecia ";1;114874
" Vernouillet, Francia ";1;114875
" Drake, Colorado ";1;114876
" Eliot, Maine ";1;114877
" Glouster, Ohio ";1;114878
" Kulloo, Finlandia ";1;114879
" Castel Mella, Italia ";1;114880
" Kirchzarten, Germania ";1;114881
" Alexandra Hills, Australia ";1;114882
" Huger, South Carolina ";1;114883
" La Nucia, Spagna ";1;114884
" Mountain Creek, Australia ";1;114885
" Bracebridge Heath, Regno Unito ";1;114886
" Carlingford, Australia ";1;114887
" Linière, Canada ";1;114888
" Buchrain, Svizzera ";1;114889
" Gradignan, Francia ";1;114890
" Pfäffikon, Svizzera ";1;114891
" Ulanqab, Cina ";1;114892
" Grand Case, Saint Martin ";1;114893
" Pontarlier, Francia ";1;114894
" Woodland Park, Colorado ";1;114895
" Quatre Bornes, Mauritius ";1;114896
" Beaconsfield, Canada ";1;114897
" Dumbarton, Regno Unito ";1;114898
" Carros, Francia ";1;114899
" Dunbar, Regno Unito ";1;114900
" Bradfield Southend, Regno Unito ";1;114901
" Ponferrada, Spagna ";1;114902
" Arinaga, Spagna ";1;114903
" Stanway, Regno Unito ";1;114904
" Morlanwelz, Belgio ";1;114905
" Front Royal, Virginia ";1;114906
" Cottam, Regno Unito ";1;114907
" Chatou, Francia ";1;114908
" Pájara, Spagna ";1;114909
" Guérande, Francia ";1;114910
" Uniontown, Pennsylvania ";1;114911
" Cosenza, Italia ";1;114912
" Montgomery, New Jersey ";1;114913
" Colonie, New York ";1;114914
" Jingmen, Cina ";1;114915
" Hakone, Giappone ";1;114916
" Banyalbufar, Spagna ";1;114917
" Brasted, Regno Unito ";1;114918
" Letnitsa, Bulgaria ";1;114919
" Oban, Nuova Zelanda ";1;114920
" Pennellville, New York ";1;114921
" Avigliana, Italia ";1;114922
" Strandhill, Irlanda ";1;114923
" Biard, Francia ";1;114924
" Hesperia, California ";1;114925
" Kohler, Wisconsin ";1;114926
" Hilden, Germania ";1;114927
" Fruita, Colorado ";1;114928
" Riehen, Svizzera ";1;114929
" Knowlton, Canada ";1;114930
" Menston, Regno Unito ";1;114931
" Middlebury, Connecticut ";1;114932
" Estación Férrea, Spagna ";1;114933
" Hawick, Regno Unito ";1;114934
" Carinzia, Austria ";1;114935
" Clondalkin, Irlanda ";1;114936
" Padbury, Regno Unito ";1;114937
" Cliffside Park, New Jersey ";1;114938
" Nouméa, Nuova Caledonia ";1;114939
" Karrinyup, Australia ";1;114940
" Green Valley, California ";1;114941
" Novelty, Ohio ";1;114942
" Babraham, Regno Unito ";1;114943
" Bethel, Alaska ";1;114944
" Pickering Brook, Australia ";1;114945
" Küsnacht, Svizzera ";1;114946
" Boonton, New Jersey ";1;114947
" Gerzat, Francia ";1;114948
" Raymond, Maine ";1;114949
" Silao, Messico ";1;114950
" Golcar, Regno Unito ";1;114951
" Merate, Italia ";1;114952
" Saxonburg, Pennsylvania ";1;114953
" Alsfeld, Germania ";1;114954
" North River, New York ";1;114955
" Glen Innes, Australia ";1;114956
" Russellville, Kentucky ";1;114957
" Lauderdale-by-the-Sea, Florida ";1;114958
" Leysin, Svizzera ";1;114959
" Hollola, Finlandia ";1;114960
" Zele, Belgio ";1;114961
" Frankenberg (Eder), Germania ";1;114962
" Ringwood East, Australia ";1;114963
" Gold Canyon, Arizona ";1;114964
" Owendale, Michigan ";1;114965
" Gairlochy, Regno Unito ";1;114966
" Laven, ";1;114967
" Heyshott, Regno Unito ";1;114968
" Zuidlaren, Paesi Bassi ";1;114969
" Walton, West Virginia ";1;114970
" Turvey Park, Australia ";1;114971
" Founex, Svizzera ";1;114972
" Sunny Valley, Oregon ";1;114973
" Bouzaréah, Algeria ";1;114974
" Minworth, Regno Unito ";1;114975
" Caluire-et-Cuire, Francia ";1;114976
" Pastetten, Germania ";1;114977
" Ginetes, Portogallo ";1;114978
" Aguadulce, Spagna ";1;114979
" Kinsale, Irlanda ";1;114980
" Bemidji, Minnesota ";1;114981
" Bellach, Svizzera ";1;114982
" Guarapuava, Brasile ";1;114983
" Kalefeld, Germania ";1;114984
" Dzierzoniow, Polonia ";1;114985
" Ballyfermot, Irlanda ";1;114986
" Schwanden bei Brienz, Svizzera ";1;114987
" Atlantic Beach, Florida ";1;114988
" Bordentown Township, New Jersey ";1;114989
" Vreden, Germania ";1;114990
" Cais do Pico, Portogallo ";1;114991
" Cassopolis, Michigan ";1;114992
" Narvon, Pennsylvania ";1;114993
" Pontivy, Francia ";1;114994
" Passy, Francia ";1;114995
" Santa Amalia, Spagna ";1;114996
" Fujian, Cina ";1;114997
" Kylertown, Pennsylvania ";1;114998
" Brix, Francia ";1;114999
" Wellingborough, Regno Unito ";1;115000
" Dugny, Francia ";1;115001
" Biritiba-Mirim, Brasile ";1;115002
" Rivignano Teor, Italia ";1;115003
" Faverolles-sur-Cher, Francia ";1;115004
" Waukomis, Oklahoma ";1;115005
" Hampton, Georgia ";1;115006
" MacTier, Canada ";1;115007
" Smithfield, Virginia ";1;115008
" Corenc, Francia ";1;115009
" Heinola, Finlandia ";1;115010
" Funabashi, Giappone ";1;115011
" Thurins, Francia ";1;115012
" New Milford, Illinois ";1;115013
" Lakewood Ranch, Florida ";1;115014
" North Wahroonga, Australia ";1;115015
" Sommesous, Francia ";1;115016
" Upper Kangaroo River, Australia ";1;115017
" abljak Municipality, Montenegro ";1;115018
" Mancos, Colorado ";1;115019
" Borchen, Germania ";1;115020
" Vosselaar, Belgio ";1;115021
" Rezzato, Italia ";1;115022
" Olde West Chester, Ohio ";1;115023
" San Mateo, Filippine ";1;115024
" Kergunyah, Australia ";1;115025
" Rhodes, Australia ";1;115026
" Okarito, Nuova Zelanda ";1;115027
" Port-de-Bouc, Francia ";1;115028
" Craster, Regno Unito ";1;115029
" Hakalau, Hawaii ";1;115030
" Le Bignon, Francia ";1;115031
" Elsdon, Regno Unito ";1;115032
" Saronno, Italia ";1;115033
" Montrose, New York ";1;115034
" Nysted, ";1;115035
" East Islip, New York ";1;115036
" Corçà, Spagna ";1;115037
" Camden, Michigan ";1;115038
" Bascus Argius, Italia ";1;115039
" Beneov, Repubblica Ceca ";1;115040
" Bonstetten, Svizzera ";1;115041
" Leissigen, Svizzera ";1;115042
" Ruddington, Regno Unito ";1;115043
" Cornafean, Irlanda ";1;115044
" Kuna, Idaho ";1;115045
" Cheddar, Regno Unito ";1;115046
" Auchenflower, Australia ";1;115047
" Galston, Australia ";1;115048
" Shelly Beach, Australia ";1;115049
" Crowthorne, Regno Unito ";1;115050
" Glenreagh, Australia ";1;115051
" Aberdaron, Regno Unito ";1;115052
" Michelfeld, Germania ";1;115053
" Hawi, Hawaii ";1;115054
" Ixworth, Regno Unito ";1;115055
" 100 Mile House, Canada ";1;115056
" Texarkana, Arkansas ";1;115057
" Dharamshala, India ";1;115058
" Écouflant, Francia ";1;115059
" Idanha, Oregon ";1;115060
" Amstetten, Austria ";1;115061
" Rittershoffen, Francia ";1;115062
" Shimla, India ";1;115063
" Nuevo, California ";1;115064
" Saint-Pons-de-Thomières, Francia ";1;115065
" Torreblanca, Spagna ";1;115066
" Claremont, New Hampshire ";1;115067
" Mexico, Missouri ";1;115068
" Yalaha, Florida ";1;115069
" Aluthgama, Sri Lanka ";1;115070
" Kolham, Paesi Bassi ";1;115071
" Aka Aka, Nuova Zelanda ";1;115072
" Canton, Connecticut ";1;115073
" Brooktondale, New York ";1;115074
" Back Forest, Australia ";1;115075
" Merimbula, Australia ";1;115076
" Cashel, Irlanda ";1;115077
" Tann, Svizzera ";1;115078
" Ispica, Italia ";1;115079
" Rivoli, Italia ";1;115080
" Tvedestrand, Norvegia ";1;115081
" Palmi, Italia ";1;115082
" Ruhla, Germania ";1;115083
" Kottgeisering, Germania ";1;115084
" Wheatland, Wyoming ";1;115085
" La Libertad, El Salvador ";1;115086
" Capitol Heights, Maryland ";1;115087
" Riverside, Iowa ";1;115088
" Radomsko, Polonia ";1;115089
" Wöllstadt, Germania ";1;115090
" Chamboulive, Francia ";1;115091
" Friuli-Venezia Giulia, Italia ";1;115092
" Torrelodones, Spagna ";1;115093
" La Porte, Indiana ";1;115094
" Screven, Georgia ";1;115095
" Motta di Livenza, Italia ";1;115096
" Landshut, Germania ";1;115097
" Pueblo West, Colorado ";1;115098
" Spetses, Grecia ";1;115099
" Hashimoto, Giappone ";1;115100
" Piraeus, Grecia ";1;115101
" Bellante, Italia ";1;115102
" Topanga Canyon, California ";1;115103
" Clinton, Kentucky ";1;115104
" Gondecourt, Francia ";1;115105
" Hale, Regno Unito ";1;115106
" Queanbeyan East, Australia ";1;115107
" Ninove, Belgio ";1;115108
" Kirkenes, Norvegia ";1;115109
" Limburgo, Germania ";1;115110
" Casey, Australia ";1;115111
" Assen, Paesi Bassi ";1;115112
" Baelen, Belgio ";1;115113
" Waakirchen, Germania ";1;115114
" Urana, Australia ";1;115115
" Nanyuki, Kenya ";1;115116
" Sano, Giappone ";1;115117
" Jaén, Spagna ";1;115118
" Waldoboro, Maine ";1;115119
" Londrina, Brasile ";1;115120
" Seaton, Regno Unito ";1;115121
" Carraroe, Irlanda ";1;115122
" Clackamas, Oregon ";1;115123
" Varazze, Italia ";1;115124
" Rio Branco, Brasile ";1;115125
" Geesthacht, Germania ";1;115126
" Le Bouscat, Francia ";1;115127
" Spray, Oregon ";1;115128
" Thornton, New Hampshire ";1;115129
" Lilienthal, Germania ";1;115130
" Al Ahmadi, Kuwait ";1;115131
" General Viejo, Costa Rica ";1;115132
" North Berwick, Regno Unito ";1;115133
" Skjetten, Norvegia ";1;115134
" Elmsford, New York ";1;115135
" Barna, Irlanda ";1;115136
" Källby, Svezia ";1;115137
" Litchfield, Connecticut ";1;115138
" Atherton, Australia ";1;115139
" Rescue, California ";1;115140
" Painesville, Ohio ";1;115141
" Vossevangen, Norvegia ";1;115142
" Fortitude Valley, Australia ";1;115143
" Lima, Ohio ";1;115144
" Giardoni, Italia ";1;115145
" Barneveld, Paesi Bassi ";1;115146
" Rhede, Germania ";1;115147
" Piermont, New York ";1;115148
" Macungie, Pennsylvania ";1;115149
" Barmstedt, Germania ";1;115150
" Des Moines, Washington ";1;115151
" Mueang Chiang Mai, Tailandia ";1;115152
" Katel Gomilica, Croazia ";1;115153
" Phanom, Tailandia ";1;115154
" Surry, New Hampshire ";1;115155
" Waycross, Georgia ";1;115156
" Garston, Nuova Zelanda ";1;115157
" East Farleigh, Regno Unito ";1;115158
" East Molesey, Regno Unito ";1;115159
" Rose Ash, Regno Unito ";1;115160
" Mu?la, Turchia ";1;115161
" Tangeri, Marocco ";1;115162
" Ermington, Australia ";1;115163
" Gayndah, Australia ";1;115164
" Geneva, Illinois ";1;115165
" Yong Peng, Malesia ";1;115166
" Andalgalá, Argentina ";1;115167
" Lindale, Texas ";1;115168
" Hillsborough, Regno Unito ";1;115169
" Altamont, New York ";1;115170
" Queenstown, Maryland ";1;115171
" Ottumwa, Iowa ";1;115172
" Chichester, New Hampshire ";1;115173
" Linlithgow, Regno Unito ";1;115174
" Bolívar, Venezuela ";1;115175
" Teignmouth, Regno Unito ";1;115176
" Garvagh, Regno Unito ";1;115177
" Barellan, Australia ";1;115178
" Lutton, Regno Unito ";1;115179
" The Entrance, Australia ";1;115180
" Cormeilles, Francia ";1;115181
" Owosso, Michigan ";1;115182
" Cerveteri, Italia ";1;115183
" Ruidoso, New Mexico ";1;115184
" Bridge, Regno Unito ";1;115185
" Maurecourt, Francia ";1;115186
" Leeds, Canada ";1;115187
" Agios Georgios, Grecia ";1;115188
" Salado, Texas ";1;115189
" San Francisco de Coyote, Costa Rica ";1;115190
" Lawai, Hawaii ";1;115191
" Ogallala, Nebraska ";1;115192
" Bielorussia ";1;115193
" Feldatal, Germania ";1;115194
" Gostivar, Macedonia ";1;115195
" Milbridge, Maine ";1;115196
" Holmen, Wisconsin ";1;115197
" Búðardalur, Islanda ";1;115198
" Windeck, Germania ";1;115199
" Maria Ellend, Austria ";1;115200
" Cosmopolis, Washington ";1;115201
" Murray, Utah ";1;115202
" Poppi, Italia ";1;115203
" Lighthouse Point, Florida ";1;115204
" Skandia, Michigan ";1;115205
" Spiské Bystré, Slovacchia ";1;115206
" Werder, Germania ";1;115207
" Broad Campden, Regno Unito ";1;115208
" Taneytown, Maryland ";1;115209
" Waterbeach, Regno Unito ";1;115210
" Ham-sur-Heure-Nalinnes, Belgio ";1;115211
" Winder, Georgia ";1;115212
" Bellaghy, Regno Unito ";1;115213
" Skibbereen, Irlanda ";1;115214
" Cullompton, Regno Unito ";1;115215
" Kalbarri, Australia ";1;115216
" Anaconda, Montana ";1;115217
" Nogent-sur-Oise, Francia ";1;115218
" Long Barn, California ";1;115219
" Worlds, Virginia ";1;115220
" Mercersburg, Pennsylvania ";1;115221
" Dunellen, New Jersey ";1;115222
" Rydalmere, Australia ";1;115223
" Pussigny, Francia ";1;115224
" Coddington, Regno Unito ";1;115225
" Casagiove, Italia ";1;115226
" Lawrencetown, Canada ";1;115227
" L'Isle-Adam, Francia ";1;115228
" Curraglass, Irlanda ";1;115229
" Sheridan, Wyoming ";1;115230
" Pine Island, Minnesota ";1;115231
" Brownhills, Regno Unito ";1;115232
" Lochcarron, Regno Unito ";1;115233
" Stoke D'Abernon, Regno Unito ";1;115234
" Warragul, Australia ";1;115235
" Woy Woy, Australia ";1;115236
" Gowrie, Australia ";1;115237
" Howell, New Jersey ";1;115238
" Madeira, Portogallo ";1;115239
" Saint Margarets Bay, Regno Unito ";1;115240
" Riverview, Michigan ";1;115241
" Massanutten, Virginia ";1;115242
" Cooper Landing, Alaska ";1;115243
" Windella, Australia ";1;115244
" Torzhok, Russia ";1;115245
" Ginsheim-Gustavsburg, Germania ";1;115246
" Goseong-gun, Corea del Sud ";1;115247
" Hartland, Wisconsin ";1;115248
" Enfield, Canada ";1;115249
" Sugar Grove, Ohio ";1;115250
" Delphi, Indiana ";1;115251
" Perkiomenville, Pennsylvania ";1;115252
" Rustington, Regno Unito ";1;115253
" Berridale, Australia ";1;115254
" L'Abergement-Clémenciat, Francia ";1;115255
" Gresham, Wisconsin ";1;115256
" Morin-Heights, Canada ";1;115257
" Werribee, Australia ";1;115258
" Heathcote, Australia ";1;115259
" Weilheim in Oberbayern, Germania ";1;115260
" Crissier, Svizzera ";1;115261
" Marne, Michigan ";1;115262
" Boars Hill, Regno Unito ";1;115263
" Waterford, Canada ";1;115264
" Aoba Ward, Giappone ";1;115265
" Mora-Noret, Svezia ";1;115266
" Pokeno, Nuova Zelanda ";1;115267
" Bussolengo, Italia ";1;115268
" Moruya, Australia ";1;115269
" Hanslope, Regno Unito ";1;115270
" Currumbin Waters, Australia ";1;115271
" Hay River, Canada ";1;115272
" Schelluinen, Paesi Bassi ";1;115273
" Moncalieri, Italia ";1;115274
" Camp Wood, Texas ";1;115275
" Tallentire, Regno Unito ";1;115276
" Wellsville, Utah ";1;115277
" Vieux-Boucau-les-Bains, Francia ";1;115278
" Holten, Paesi Bassi ";1;115279
" Buxton, Maine ";1;115280
" Bear River, Canada ";1;115281
" Kincumber South, Australia ";1;115282
" Viry-Châtillon, Francia ";1;115283
" Artarmon, Australia ";1;115284
" Mula, Spagna ";1;115285
" Garencières, Francia ";1;115286
" Wirdum, Friesland, Paesi Bassi ";1;115287
" Sturgeon Bay, Wisconsin ";1;115288
" Mössingen, Germania ";1;115289
" Saugus, Massachusetts ";1;115290
" Hollis, New Hampshire ";1;115291
" Jagodina, Serbia ";1;115292
" Nemo, Texas ";1;115293
" Burnsville, North Carolina ";1;115294
" Wandlitz, Germania ";1;115295
" Baldwin, New York ";1;115296
" Carteret, New Jersey ";1;115297
" Mapleton, Utah ";1;115298
" Ludlow, Massachusetts ";1;115299
" San Miguel de Cozumel, Messico ";1;115300
" Kingston, New Hampshire ";1;115301
" Jenjarom, Malesia ";1;115302
" Straid, Regno Unito ";1;115303
" Mieres del Camino, Spagna ";1;115304
" Irun, Spagna ";1;115305
" Mueang Chiang Rai, Tailandia ";1;115306
" Narre Warren, Australia ";1;115307
" Stainz, Austria ";1;115308
" Writtle, Regno Unito ";1;115309
" Baguio City, Filippine ";1;115310
" Highlands, Texas ";1;115311
" Ballinskelligs, Irlanda ";1;115312
" Mount Olive Township, New Jersey ";1;115313
" Tarboro, North Carolina ";1;115314
" Pontedeume, Spagna ";1;115315
" Manning, Iowa ";1;115316
" Millburn, New Jersey ";1;115317
" Pewsey, Regno Unito ";1;115318
" Mielec, Polonia ";1;115319
" Sarandë, Albania ";1;115320
" Tappan, New York ";1;115321
" Leknes, Norvegia ";1;115322
" Sakarya, Turchia ";1;115323
" Marsworth, Regno Unito ";1;115324
" Les Ponts-de-Cé, Francia ";1;115325
" Cowes, Australia ";1;115326
" Whati, Canada ";1;115327
" Valley Springs, California ";1;115328
" Pontville, Australia ";1;115329
" Mériel, Francia ";1;115330
" Cerro, Italia ";1;115331
" Kropstädt, Germania ";1;115332
" Opelousas, Louisiana ";1;115333
" Kruibeke, Belgio ";1;115334
" Ørbæk, ";1;115335
" Forth, Australia ";1;115336
" Chester Basin, Canada ";1;115337
" Kornwestheim, Germania ";1;115338
" Strmec na Predelu, Slovenia ";1;115339
" Bouc-Bel-Air, Francia ";1;115340
" Polverara, Italia ";1;115341
" Andorno Micca, Italia ";1;115342
" Himeji, Giappone ";1;115343
" Puketapu, Nuova Zelanda ";1;115344
" Talaton, Regno Unito ";1;115345
" Springville, Tennessee ";1;115346
" Algarrobo, Spagna ";1;115347
" Guardia Sanframondi, Italia ";1;115348
" Alatri, Italia ";1;115349
" Eatonton, Georgia ";1;115350
" Nikenbah, Australia ";1;115351
" Seacombe Heights, Australia ";1;115352
" Hillsdale, New York ";1;115353
" Everson, Washington ";1;115354
" Nequen, Argentina ";1;115355
" Fulshear, Texas ";1;115356
" Clearwater, Minnesota ";1;115357
" Maywood, California ";1;115358
" Casa Grande, Arizona ";1;115359
" Barnstead, New Hampshire ";1;115360
" Leonardtown, Maryland ";1;115361
" Lolo, Montana ";1;115362
" Rock City, Illinois ";1;115363
" Akranes, Islanda ";1;115364
" Wirksworth, Regno Unito ";1;115365
" Arzachena, Italia ";1;115366
" Coutances, Francia ";1;115367
" Simcoe, Canada ";1;115368
" Cahersiveen, Irlanda ";1;115369
" Marsaxlokk, Malta ";1;115370
" Springwood, Australia ";1;115371
" La Fare-les-Oliviers, Francia ";1;115372
" Plougastel-";1;115373
" Snow Camp, North Carolina ";1;115374
" Edington, Regno Unito ";1;115375
" Coleshill, Regno Unito ";1;115376
" Kioloa, Australia ";1;115377
" Llanllechid, Regno Unito ";1;115378
" Bar, Montenegro ";1;115379
" Fitzgibbon, Australia ";1;115380
" Phenix City, Alabama ";1;115381
" Annandale, Minnesota ";1;115382
" Ottobrunn, Germania ";1;115383
" Muko, Giappone ";1;115384
" Woodstown, New Jersey ";1;115385
" Port Jefferson Station, New York ";1;115386
" Valatie, New York ";1;115387
" Windom, Minnesota ";1;115388
" Calera, Alabama ";1;115389
" Rupanyup, Australia ";1;115390
" Olivella, Spagna ";1;115391
" Igny, Francia ";1;115392
" Dehiwala-Mount Lavinia, Sri Lanka ";1;115393
" Long Beach, Washington ";1;115394
" Schladming, Austria ";1;115395
" Mountain View, Hawaii ";1;115396
" Chertsey, Regno Unito ";1;115397
" Weisendorf, Germania ";1;115398
" Landeck, Austria ";1;115399
" Boonville, Indiana ";1;115400
" Glengowrie, Australia ";1;115401
" Drayton, Canada ";1;115402
" Saint-Marc-Jaumegarde, Francia ";1;115403
" Barnard, Vermont ";1;115404
" Echuca West, Australia ";1;115405
" Blackpool, Regno Unito ";1;115406
" Temple, Maine ";1;115407
" Mendrisio, Svizzera ";1;115408
" Forksville, Pennsylvania ";1;115409
" Belén, Costa Rica ";1;115410
" Wildwood, New Jersey ";1;115411
" Mount Louisa, Australia ";1;115412
" Prior Lake, Minnesota ";1;115413
" Potterne, Regno Unito ";1;115414
" Ishigaki, Giappone ";1;115415
" Sulaymaniyah, Iraq ";1;115416
" Pelican Rapids, Minnesota ";1;115417
" Fonthill Bishop, Regno Unito ";1;115418
" Weyburn, Canada ";1;115419
" Arch, Svizzera ";1;115420
" Renfrew, Canada ";1;115421
" Curtin, Australia ";1;115422
" Forchheim, Germania ";1;115423
" Charleroi, Pennsylvania ";1;115424
" Bülach, Svizzera ";1;115425
" Maldon, Regno Unito ";1;115426
" Bad Sooden-Allendorf, Germania ";1;115427
" Bargara, Australia ";1;115428
" Manningtree, Regno Unito ";1;115429
" Port Jervis, New York ";1;115430
" Benton, Arkansas ";1;115431
" Vathianos Kampos, Grecia ";1;115432
" Antananarivo, Madagascar ";1;115433
" Armonk, New York ";1;115434
" Alcantarilha, Portogallo ";1;115435
" Grenada ";1;115436
" Mölnlycke, Svezia ";1;115437
" Jesolo, Italia ";1;115438
" Puri, India ";1;115439
" Matsuyama, Giappone ";1;115440
" General Escobedo, Messico ";1;115441
" Jandakot, Australia ";1;115442
" Storm King, Australia ";1;115443
" East Fremantle, Australia ";1;115444
" Cheverly, Maryland ";1;115445
" Bwlch-llan, Regno Unito ";1;115446
" Marina di Massa, Italia ";1;115447
" Faro Municipality, Portogallo ";1;115448
" Birdsboro, Pennsylvania ";1;115449
" Merida, Venezuela ";1;115450
" Ibbenbüren, Germania ";1;115451
" Surry, Maine ";1;115452
" Ka?, Turchia ";1;115453
" Betim, Brasile ";1;115454
" Banská tiavnica, Slovacchia ";1;115455
" Avane, Italia ";1;115456
" Roxby Downs, Australia ";1;115457
" Calmont, Francia ";1;115458
" Dyce, Regno Unito ";1;115459
" Tendo, Giappone ";1;115460
" Königswinter, Germania ";1;115461
" Kuala Selangor, Malesia ";1;115462
" Sainte-Maxime, Francia ";1;115463
" Normandia, Francia ";1;115464
" Mount Nasura, Australia ";1;115465
" Juncos, Portorico ";1;115466
" Providencia, Cile ";1;115467
" Hvammstangi, Islanda ";1;115468
" Zwijndrecht, Paesi Bassi ";1;115469
" Lanesborough, Irlanda ";1;115470
" Elst, Paesi Bassi ";1;115471
" Eureka, Montana ";1;115472
" Forest Ranch, California ";1;115473
" Nurmijärvi, Finlandia ";1;115474
" Ottery Saint Mary, Regno Unito ";1;115475
" Be'er Ora, Israele ";1;115476
" Radda in Chianti, Italia ";1;115477
" Bütschwil, Svizzera ";1;115478
" Lenasia, Sudafrica ";1;115479
" Fljótsdalshérað, Islanda ";1;115480
" Louviers, Francia ";1;115481
" Holland, Pennsylvania ";1;115482
" Buckland Monachorum, Regno Unito ";1;115483
" Muiderberg, Paesi Bassi ";1;115484
" Hennigsdorf, Germania ";1;115485
" Volterra, Italia ";1;115486
" Twisp, Washington ";1;115487
" Clarendon, Vermont ";1;115488
" Jakobstad, Finlandia ";1;115489
" Douglas, Wyoming ";1;115490
" Massillon, Ohio ";1;115491
" Charles City, Virginia ";1;115492
" Díli, Timor Est ";1;115493
" Tecoma, Australia ";1;115494
" Wolfsberg, Austria ";1;115495
" Tuddenham, Regno Unito ";1;115496
" Uiryeong-gun, Corea del Sud ";1;115497
" Emmendingen, Germania ";1;115498
" Vysoké Tatry, Slovacchia ";1;115499
" Vaudancourt, Francia ";1;115500
" Castlegregory, Irlanda ";1;115501
" Bognor Regis, Regno Unito ";1;115502
" Cranmore, Regno Unito ";1;115503
" Sandown, Regno Unito ";1;115504
" Rosario, Filippine ";1;115505
" Mobberley, Regno Unito ";1;115506
" Pockau-Lengefeld, Germania ";1;115507
" Hiram, Georgia ";1;115508
" Sidari, Grecia ";1;115509
" Stratton, Regno Unito ";1;115510
" New Paris, Indiana ";1;115511
" Raeford, North Carolina ";1;115512
" Valla Beach, Australia ";1;115513
" Linda-a-Velha, Portogallo ";1;115514
" Trappes, Francia ";1;115515
" Lightwater, Regno Unito ";1;115516
" Liebefeld, Svizzera ";1;115517
" Ribe, ";1;115518
" Marolles-en-Brie, Francia ";1;115519
" Roseau, Dominica ";1;115520
" Dunvegan, Regno Unito ";1;115521
" Pulborough, Regno Unito ";1;115522
" Copperas Cove, Texas ";1;115523
" Glengarry, Australia ";1;115524
" Fonte Nuova, Italia ";1;115525
" Hebron ";1;115526
" Whitwell, Tennessee ";1;115527
" Sandy, Regno Unito ";1;115528
" Blackwood, Australia ";1;115529
" Mullingar, Irlanda ";1;115530
" Diemen, Paesi Bassi ";1;115531
" Miami Springs, Florida ";1;115532
" Ferny Creek, Australia ";1;115533
" East Mackay, Australia ";1;115534
" Judique, Canada ";1;115535
" Portgordon, Regno Unito ";1;115536
" Grafton, Wisconsin ";1;115537
" Kesh, Regno Unito ";1;115538
" Saintes, Francia ";1;115539
" Lancaster, Texas ";1;115540
" Altach, Austria ";1;115541
" Sigiriya, Sri Lanka ";1;115542
" Ester, Alaska ";1;115543
" Cornwall-on-Hudson, New York ";1;115544
" Bocas del Toro District, Panama ";1;115545
" Kinver, Regno Unito ";1;115546
" Charneca de Caparica, Portogallo ";1;115547
" Kerala, India ";1;115548
" Forest, Virginia ";1;115549
" Boulogne-sur-Mer, Francia ";1;115550
" Dolans Bay, Australia ";1;115551
" Claverack-Red Mills, New York ";1;115552
" Klimmen, Paesi Bassi ";1;115553
" Grants, New Mexico ";1;115554
" Bouton, Iowa ";1;115555
" Abiquiu, New Mexico ";1;115556
" Stroudsburg, Pennsylvania ";1;115557
" Mundham, Regno Unito ";1;115558
" Sorocaba, Brasile ";1;115559
" Pennan, Regno Unito ";1;115560
" Joensuu, Finlandia ";1;115561
" Meerhout, Belgio ";1;115562
" Mayford, Regno Unito ";1;115563
" Somerset, Australia ";1;115564
" Welshpool, Canada ";1;115565
" Moniaive, Regno Unito ";1;115566
" Panorama, Australia ";1;115567
" Pikesville, Maryland ";1;115568
" Donauworth, Germania ";1;115569
" Matadepera, Spagna ";1;115570
" Henley-in-Arden, Regno Unito ";1;115571
" Galdakao, Spagna ";1;115572
" Unna, Germania ";1;115573
" Northbridge, Australia ";1;115574
" Collegeville, Pennsylvania ";1;115575
" Raymond, Mississippi ";1;115576
" Coron, Filippine ";1;115577
" Gullane, Regno Unito ";1;115578
" Hensall, Regno Unito ";1;115579
" Kerpen, Germania ";1;115580
" Vonore, Tennessee ";1;115581
" Tewinga, Australia ";1;115582
" Bingley, Regno Unito ";1;115583
" Lemvig, ";1;115584
" Boyne City, Michigan ";1;115585
" Nagano, Giappone ";1;115586
" Lockton, Regno Unito ";1;115587
" Medina, Ohio ";1;115588
" Hilpoltstein, Germania ";1;115589
" Lisle, Illinois ";1;115590
" Kistarcsa, Ungheria ";1;115591
" Kalaheo, Hawaii ";1;115592
" Cadole, Regno Unito ";1;115593
" Coppet, Svizzera ";1;115594
" Muroran, Giappone ";1;115595
" L'Aquila, Italia ";1;115596
" Vaihingen an der Enz, Germania ";1;115597
" Adelanto, California ";1;115598
" Hagerstown, Maryland ";1;115599
" Ickenham, Regno Unito ";1;115600
" Wingfield, Regno Unito ";1;115601
" Vockenberg, Austria ";1;115602
" Mahomet, Illinois ";1;115603
" Tarlac City, Filippine ";1;115604
" Levittown, Portorico ";1;115605
" Martina Franca, Italia ";1;115606
" Westchase, Florida ";1;115607
" Avon-by-the-Sea, New Jersey ";1;115608
" San Pedro de Atacama, Cile ";1;115609
" North Perth, Australia ";1;115610
" Pine, Colorado ";1;115611
" Dinslaken, Germania ";1;115612
" Merrill, Michigan ";1;115613
" Itaqui, Brasile ";1;115614
" Lasqueti Island, Canada ";1;115615
" Tacoronte, Spagna ";1;115616
" Garges-lès-Gonesse, Francia ";1;115617
" Cicero, New York ";1;115618
" Mountain Grove, Missouri ";1;115619
" Itapema, Brasile ";1;115620
" Penetanguishene, Canada ";1;115621
" Sueca, Spagna ";1;115622
" Guánica, Portorico ";1;115623
" Maplewood, Missouri ";1;115624
" Ashampstead, Regno Unito ";1;115625
" Giethoorn, Paesi Bassi ";1;115626
" Westerly, Rhode Island ";1;115627
" Cala Vinyes, Spagna ";1;115628
" Braithwaite, Regno Unito ";1;115629
" Brownstown Charter Township, Michigan ";1;115630
" Conception Junction, Missouri ";1;115631
" Winter Harbor, Maine ";1;115632
" Putnam Valley, New York ";1;115633
" ilo, Croazia ";1;115634
" Alexandria, Australia ";1;115635
" DeWitt Township, Michigan ";1;115636
" Jarvis, Canada ";1;115637
" La Chavanne, Francia ";1;115638
" Rockland, Massachusetts ";1;115639
" Sandon, Regno Unito ";1;115640
" Agia Napa, Cipro ";1;115641
" Brant, Canada ";1;115642
" Wittenbach, Svizzera ";1;115643
" Panglao, Filippine ";1;115644
" Maizuru, Giappone ";1;115645
" Birds Landing, California ";1;115646
" Chandler's Ford, Regno Unito ";1;115647
" Blanquefort, Francia ";1;115648
" Kruisland, Paesi Bassi ";1;115649
" Langenleuba-Niederhain, Germania ";1;115650
" Riederich, Germania ";1;115651
" Beech Island, South Carolina ";1;115652
" Neuville, Canada ";1;115653
" Plain City, Ohio ";1;115654
" Belvís de Monroy, Spagna ";1;115655
" Kaufman, Texas ";1;115656
" Ingleburn, Australia ";1;115657
" Lime Acres, Sudafrica ";1;115658
" Bridgehampton, New York ";1;115659
" Earlsboro, Oklahoma ";1;115660
" Young, Uruguay ";1;115661
" Bargecchia, Italia ";1;115662
" San Cristobal de La Laguna, Spagna ";1;115663
" Dinard, Francia ";1;115664
" Alvechurch, Regno Unito ";1;115665
" Eichberg, Svizzera ";1;115666
" Clapiers, Francia ";1;115667
" Rochedale, Australia ";1;115668
" Skamokawa, Washington ";1;115669
" ilina, Slovacchia ";1;115670
" Estero, Florida ";1;115671
" Okemos, Michigan ";1;115672
" Wettingen, Svizzera ";1;115673
" Eski?ehir, Turchia ";1;115674
" Galizia, Spagna ";1;115675
" Jaguariúna, Brasile ";1;115676
" Loxahatchee, Florida ";1;115677
" Spring Creek, Nevada ";1;115678
" Carlinville, Illinois ";1;115679
" West Fargo, North ";1;115680
" Tuusula, Finlandia ";1;115681
" Central, South Carolina ";1;115682
" Quingey, Francia ";1;115683
" Port Washington, Wisconsin ";1;115684
" Gregory, South ";1;115685
" Hunterview, Australia ";1;115686
" Andernos-les-Bains, Francia ";1;115687
" Newtown Square, Pennsylvania ";1;115688
" Grosshöchstetten, Svizzera ";1;115689
" Snellville, Georgia ";1;115690
" Windermere, Regno Unito ";1;115691
" Michigan ";1;115692
" Dickerson, Maryland ";1;115693
" Aprelevka, Russia ";1;115694
" Saint-Jean-Bonnefonds, Francia ";1;115695
" Ginowan, Giappone ";1;115696
" Wawa, Canada ";1;115697
" Punta Arenas, Cile ";1;115698
" Rijnsburg, Paesi Bassi ";1;115699
" Upper Arlington, Ohio ";1;115700
" Marston Moretaine, Regno Unito ";1;115701
" Saint Ives, Australia ";1;115702
" Noto, Italia ";1;115703
" La Salute di Livenza, Italia ";1;115704
" Broomehill Village, Australia ";1;115705
" Millarville, Canada ";1;115706
" Klaukkala, Finlandia ";1;115707
" Glanaman, Regno Unito ";1;115708
" Loosdrecht, Paesi Bassi ";1;115709
" Jassans-Riottier, Francia ";1;115710
" Anacapri, Italia ";1;115711
" Walker, Michigan ";1;115712
" Hvolsvöllur, Islanda ";1;115713
" Thurcaston, Regno Unito ";1;115714
" Carrum, Australia ";1;115715
" Puerto Viejo, Costa Rica ";1;115716
" Summit, Illinois ";1;115717
" Riddes, Svizzera ";1;115718
" Valkeakoski, Finlandia ";1;115719
" Stockton-on-Tees, Regno Unito ";1;115720
" Dugald, Canada ";1;115721
" Yelverton, Regno Unito ";1;115722
" Nieuwstadt, Paesi Bassi ";1;115723
" Karangan, Malesia ";1;115724
" Sundbyberg, Svezia ";1;115725
" Herceg Novi, Montenegro ";1;115726
" Cornwall, Vermont ";1;115727
" Baku, Azerbaigian ";1;115728
" Arkadelphia, Arkansas ";1;115729
" Gawler, Australia ";1;115730
" Hesperus, Colorado ";1;115731
" Kirriemuir, Regno Unito ";1;115732
" Taufkirchen, Germania ";1;115733
" Quesnel, Canada ";1;115734
" Waskom, Texas ";1;115735
" Bollebygd, Svezia ";1;115736
" Dromore, Regno Unito ";1;115737
" High Newton-by-the-Sea, Regno Unito ";1;115738
" Centennial Park, Australia ";1;115739
" Blizanci, Bosnia Erzegovina ";1;115740
" Kimpton, Regno Unito ";1;115741
" Bovington, Regno Unito ";1;115742
" Brookfield, Massachusetts ";1;115743
" Hambrook, Regno Unito ";1;115744
" Upton, Massachusetts ";1;115745
" Petawawa, Canada ";1;115746
" Little Current, Canada ";1;115747
" Chipping Campden, Regno Unito ";1;115748
" Dulong, Australia ";1;115749
" Selkirk, Regno Unito ";1;115750
" Mona Vale, Australia ";1;115751
" Brightwell-cum-Sotwell, Regno Unito ";1;115752
" Ness Ziona, Israele ";1;115753
" Arouca, Trinidad e Tobago ";1;115754
" Marshall, Michigan ";1;115755
" Beresford, South ";1;115756
" Pine Mountain, Australia ";1;115757
" Sale, Australia ";1;115758
" Anahola, Hawaii ";1;115759
" Croydon Park, Australia ";1;115760
" Leutershausen, Germania ";1;115761
" Tuross Head, Australia ";1;115762
" Volcano, California ";1;115763
" Eagle, Colorado ";1;115764
" Loxhore, Regno Unito ";1;115765
" Fruitvale, Canada ";1;115766
" Chatswood West, Australia ";1;115767
" Thielle-Wavre, Svizzera ";1;115768
" Saint-Saphorin, Svizzera ";1;115769
" Lynwood, Australia ";1;115770
" Monticchiello, Italia ";1;115771
" Fayt-lez-Manage, Belgio ";1;115772
" Anstruther, Regno Unito ";1;115773
" Landrum, South Carolina ";1;115774
" Pensarn, Regno Unito ";1;115775
" Redon, Francia ";1;115776
" Musgrave Harbour, Canada ";1;115777
" Al Hofuf, Arabia Saudita ";1;115778
" Collie, Australia ";1;115779
" Ben Avon, Pennsylvania ";1;115780
" Valleraugue, Francia ";1;115781
" Cheshunt, Australia ";1;115782
" Auburn, Australia ";1;115783
" Asilah, Marocco ";1;115784
" Woodridge, New York ";1;115785
" Oracabessa, Giamaica ";1;115786
" Morro de São Paulo, Brasile ";1;115787
" Selinsgrove, Pennsylvania ";1;115788
" Bradenham, Regno Unito ";1;115789
" Dixon, Montana ";1;115790
" Antioch, Tennessee ";1;115791
" Lugon-et-l'Île-du-Carnay, Francia ";1;115792
" Billère, Francia ";1;115793
" Houghton Regis, Regno Unito ";1;115794
" Timber Cove, California ";1;115795
" Bailrigg, Regno Unito ";1;115796
" Auderghem, Belgio ";1;115797
" Sarina Beach, Australia ";1;115798
" Liberty, New York ";1;115799
" Faber, Virginia ";1;115800
" Pau, Pyrénées-Atlantiques, Francia ";1;115801
" Gentofte, ";1;115802
" Macedonia e Thrace, Grecia ";1;115803
" Breinigsville, Pennsylvania ";1;115804
" Caroline Springs, Australia ";1;115805
" East Peoria, Illinois ";1;115806
" Vordingborg, ";1;115807
" Rogil, Portogallo ";1;115808
" Lincoln, Michigan ";1;115809
" Saint-Grégoire, Francia ";1;115810
" Oosterhout, Paesi Bassi ";1;115811
" Bondurant, Iowa ";1;115812
" Isla Vista, California ";1;115813
" Uttendorf, Austria ";1;115814
" Grass Valley, Oregon ";1;115815
" Sulbiate, Italia ";1;115816
" Berg, Germania ";1;115817
" Uggeshall, Regno Unito ";1;115818
" Vinh Long, Vietnam ";1;115819
" Otis, Massachusetts ";1;115820
" Hamminkeln, Germania ";1;115821
" Celebration, Florida ";1;115822
" Kuala Belait, Brunei ";1;115823
" Kasilof, Alaska ";1;115824
" Mitterdorf im Mürztal, Austria ";1;115825
" Ballymahon, Irlanda ";1;115826
" Riihimäki, Finlandia ";1;115827
" Mahopac, New York ";1;115828
" Canaan, New Hampshire ";1;115829
" Rathnew, Irlanda ";1;115830
" Las Galeras, Repubblica Dominicana ";1;115831
" Santiago del Estero, Argentina ";1;115832
" Malemort-sur-Corrèze, Francia ";1;115833
" Meiningen, Germania ";1;115834
" Itoshima, Giappone ";1;115835
" Warnsveld, Paesi Bassi ";1;115836
" Farragut, Tennessee ";1;115837
" Ängelsbäcksstrand, Svezia ";1;115838
" Tiruppur, India ";1;115839
" Suisun City, California ";1;115840
" Oberhaching, Germania ";1;115841
" Stoke Poges, Regno Unito ";1;115842
" Strathfield South, Australia ";1;115843
" Edmonton, Australia ";1;115844
" Ierapetra, Grecia ";1;115845
" Ashkelon, Israele ";1;115846
" Shepherd, Montana ";1;115847
" Killington, Vermont ";1;115848
" Wittmann, Arizona ";1;115849
" Tyagarah, Australia ";1;115850
" Aldinga, Australia ";1;115851
" Dillsburg, Pennsylvania ";1;115852
" Gatton, Australia ";1;115853
" Lambton Shores, Canada ";1;115854
" Franz Josef Glacier, Nuova Zelanda ";1;115855
" Breuberg, Germania ";1;115856
" Sarniguet, Francia ";1;115857
" North Ward, Australia ";1;115858
" Connah's Quay, Regno Unito ";1;115859
" Huntington, Regno Unito ";1;115860
" Karterados, Grecia ";1;115861
" Nazca, Perù ";1;115862
" Ballarat North, Australia ";1;115863
" Jalandhar, India ";1;115864
" Miami Shores, Florida ";1;115865
" Inverell, Australia ";1;115866
" Schmitten, Germania ";1;115867
" Old Kilpatrick, Regno Unito ";1;115868
" Meckenheim, Germania ";1;115869
" Tarporley, Regno Unito ";1;115870
" Mykolaiv, Ucraina ";1;115871
" Verquin, Francia ";1;115872
" Saint Peter Port, Guernsey ";1;115873
" Creede, Colorado ";1;115874
" Santa Eulalia del Río, Spagna ";1;115875
" Río Segundo, Costa Rica ";1;115876
" Kellaways, Regno Unito ";1;115877
" Saint Just, Regno Unito ";1;115878
" Halinów, Polonia ";1;115879
" Outremont, Canada ";1;115880
" Wickham Heath, Regno Unito ";1;115881
" Colts Neck, New Jersey ";1;115882
" Wattrelos, Francia ";1;115883
" Bexhill, Regno Unito ";1;115884
" Bagshot, Regno Unito ";1;115885
" Pfinztal, Germania ";1;115886
" Roxobel, North Carolina ";1;115887
" Montargis, Francia ";1;115888
" Lemont, Pennsylvania ";1;115889
" Sutton-in-Craven, Regno Unito ";1;115890
" Carson, Washington ";1;115891
" Bryce, Utah ";1;115892
" Frogner, Norvegia ";1;115893
" Mount Horeb, Wisconsin ";1;115894
" Bergvik, Svezia ";1;115895
" Hägglingen, Svizzera ";1;115896
" Maida Vale, Australia ";1;115897
" Avalon, California ";1;115898
" Roybridge, Regno Unito ";1;115899
" Harrisville, Michigan ";1;115900
" Rotselaar, Belgio ";1;115901
" Coopersburg, Pennsylvania ";1;115902
" Puurmani, Estonia ";1;115903
" Dover Plains, New York ";1;115904
" Frederick, Colorado ";1;115905
" Lyndhurst, New Jersey ";1;115906
" Mt Laurel, New Jersey ";1;115907
" Troncones, Messico ";1;115908
" Tannay, Svizzera ";1;115909
" Kindersley, Canada ";1;115910
" Mt Martha, Australia ";1;115911
" Tindon End, Regno Unito ";1;115912
" Estang, Francia ";1;115913
" Grove City, Pennsylvania ";1;115914
" Palmetto, Georgia ";1;115915
" Kitzingen, Germania ";1;115916
" Changsha, Cina ";1;115917
" Bruchmühlbach-Miesau, Germania ";1;115918
" Olinda, Australia ";1;115919
" Miamisburg, Ohio ";1;115920
" Adjara, Georgia ";1;115921
" Pineville, North Carolina ";1;115922
" Greenbrier, Arkansas ";1;115923
" Trinity Beach, Australia ";1;115924
" Tassin-la-Demi-Lune, Francia ";1;115925
" Chikkaballapura, India ";1;115926
" Kongsvinger, Norvegia ";1;115927
" Nyköping, Svezia ";1;115928
" Mentone, Francia ";1;115929
" Fallon, Nevada ";1;115930
" Haltom City, Texas ";1;115931
" Uçhisar, Turchia ";1;115932
" Nashdale, Australia ";1;115933
" Grésy-sur-Aix, Francia ";1;115934
" Vail, Arizona ";1;115935
" Bondues, Francia ";1;115936
" Kraichtal, Germania ";1;115937
" Elsberry, Missouri ";1;115938
" Port Severn, Canada ";1;115939
" South Saint Paul, Minnesota ";1;115940
" Lexy, Francia ";1;115941
" Pukalani, Hawaii ";1;115942
" Fulbourn, Regno Unito ";1;115943
" Finch Hatton, Australia ";1;115944
" Opaki, Nuova Zelanda ";1;115945
" Columbus, Montana ";1;115946
" Mytchett, Regno Unito ";1;115947
" Scheulder, Paesi Bassi ";1;115948
" Titchmarsh, Regno Unito ";1;115949
" Zola, Italia ";1;115950
" Alstead, New Hampshire ";1;115951
" Vaucresson, Francia ";1;115952
" Asti, Italia ";1;115953
" Biganos, Francia ";1;115954
" Modi'in Makabim-Re'ut, Israele ";1;115955
" Ballingarry, Irlanda ";1;115956
" Lavigney, Francia ";1;115957
" Hardy, Virginia ";1;115958
" Míkonos, Grecia ";1;115959
" Tigard, Oregon ";1;115960
" Pickering, Regno Unito ";1;115961
" Ashland, Wisconsin ";1;115962
" Franklin, Australia ";1;115963
" Springville, California ";1;115964
" Ofer, Israele ";1;115965
" Hersham, Regno Unito ";1;115966
" Blandford Forum, Regno Unito ";1;115967
" Whitehouse, Ohio ";1;115968
" Lauriston, Nuova Zelanda ";1;115969
" Erzhausen, Germania ";1;115970
" Franconia, New Hampshire ";1;115971
" Clayton, Delaware ";1;115972
" Tomakin, Australia ";1;115973
" Arlon, Belgio ";1;115974
" Fgura, Malta ";1;115975
" Breaux Bridge, Louisiana ";1;115976
" Le Cheylard, Francia ";1;115977
" Haverhill, New Hampshire ";1;115978
" Phippsburg, Colorado ";1;115979
" Aberdeen, North Carolina ";1;115980
" Piemonte, Italia ";1;115981
" Wilburton, Regno Unito ";1;115982
" Depok, Indonesia ";1;115983
" Hudson, Canada ";1;115984
" Selma, California ";1;115985
" West Babylon, New York ";1;115986
" Currumbin, Australia ";1;115987
" Goode Beach, Australia ";1;115988
" Dutch Flat, California ";1;115989
" Schweinfurt, Germania ";1;115990
" Corris, Regno Unito ";1;115991
" Saint Martin, Canada ";1;115992
" Land O' Lakes, Florida ";1;115993
" West, Texas ";1;115994
" Bechstedtstraß, Germania ";1;115995
" Scottsville, New York ";1;115996
" Melilla, Spagna ";1;115997
" Steenenkamer, Paesi Bassi ";1;115998
" Saint-Gervais-les-Bains, Francia ";1;115999
" Capital Territory, Isole Solomon ";1;116000
" Heroica Veracruz, Messico ";1;116001
" Alcalá de Guadaíra, Spagna ";1;116002
" Winkfield, Regno Unito ";1;116003
" L'Assomption, Canada ";1;116004
" El Chaltén, Argentina ";1;116005
" Grevenbroich, Germania ";1;116006
" Massapequa Park, New York ";1;116007
" Clermont, Georgia ";1;116008
" Milton, New York ";1;116009
" Otego, New York ";1;116010
" Valemount, Canada ";1;116011
" Pomaria, South Carolina ";1;116012
" Ballysadare, Irlanda ";1;116013
" Libano, Kentucky ";1;116014
" Fexhe-le-Haut-Clocher, Belgio ";1;116015
" Saint-Orens-de-Gameville, Francia ";1;116016
" Bohinj, Slovenia ";1;116017
" Ponta Do Sol, Portogallo ";1;116018
" Ostermundigen, Svizzera ";1;116019
" Fenton, Michigan ";1;116020
" Downham Market, Regno Unito ";1;116021
" La Crescenta, California ";1;116022
" Baunatal, Germania ";1;116023
" Tjumen', Russia ";1;116024
" Russell, Canada ";1;116025
" Horstedt, Germania ";1;116026
" Hallidays Point, Australia ";1;116027
" Edgerton, Wisconsin ";1;116028
" Calstock, Regno Unito ";1;116029
" Lower Portland, Australia ";1;116030
" Sturminster Newton, Regno Unito ";1;116031
" Braine-le-Château, Belgio ";1;116032
" Amsterdam Airport Schiphol, Paesi Bassi ";1;116033
" Bleckede, Germania ";1;116034
" Levanger, Norvegia ";1;116035
" Haxey, Regno Unito ";1;116036
" Glinianka, Polonia ";1;116037
" Hamlyn Heights, Australia ";1;116038
" Baulkham Hills, Australia ";1;116039
" Provincia di Kampong Speu, Cambogia ";1;116040
" Ledyard, Connecticut ";1;116041
" Mollymook Beach, Australia ";1;116042
" West Haven, Connecticut ";1;116043
" Kansasville, Wisconsin ";1;116044
" Selargius, Italia ";1;116045
" Grevenmacher, Lussemburgo ";1;116046
" Seaholme, Australia ";1;116047
" Lawrenceburg, Kentucky ";1;116048
" Wingdale, New York ";1;116049
" Manchester, Maryland ";1;116050
" Punaauia, Polinesia Francese ";1;116051
" t?pánkovice, Repubblica Ceca ";1;116052
" Otsu, Giappone ";1;116053
" Riegelsville, Pennsylvania ";1;116054
" Midhurst, Regno Unito ";1;116055
" Crafers, Australia ";1;116056
" Herceg Novi Municipality, Montenegro ";1;116057
" Knonau, Svizzera ";1;116058
" Seneca Falls, New York ";1;116059
" Dolo, Italia ";1;116060
" Blaincourt-lès-Précy, Francia ";1;116061
" Deniliquin, Australia ";1;116062
" Avola, Italia ";1;116063
" Tyldesley, Regno Unito ";1;116064
" Weilerswist, Germania ";1;116065
" Kelsterbach, Germania ";1;116066
" Invermay, Australia ";1;116067
" Randlett, Utah ";1;116068
" Nandy, Francia ";1;116069
" Mardy, Regno Unito ";1;116070
" Nerima, Giappone ";1;116071
" Zeewolde, Paesi Bassi ";1;116072
" Cardwell, Australia ";1;116073
" San Fernando, Argentina ";1;116074
" Lod?nice, Repubblica Ceca ";1;116075
" Chestertown, Maryland ";1;116076
" Groslay, Francia ";1;116077
" Carouge, Svizzera ";1;116078
" Brackley, Regno Unito ";1;116079
" Greenock, Regno Unito ";1;116080
" Milligan College, Tennessee ";1;116081
" Les Lilas, Francia ";1;116082
" North Epping, Australia ";1;116083
" Oberglatt, Svizzera ";1;116084
" Pesaro, Italia ";1;116085
" Broxburn, Regno Unito ";1;116086
" Hamilton, Michigan ";1;116087
" Pleasanton, Texas ";1;116088
" Skagway, Alaska ";1;116089
" Valle de Bravo, Messico ";1;116090
" Easthouses, Regno Unito ";1;116091
" Giarre, Italia ";1;116092
" Melsungen, Germania ";1;116093
" Wandiligong, Australia ";1;116094
" Felsted, Regno Unito ";1;116095
" Marion, Illinois ";1;116096
" Liss, Regno Unito ";1;116097
" Baker, Nevada ";1;116098
" San Pedro de Poás, Costa Rica ";1;116099
" Boone, Iowa ";1;116100
" Finestrat, Spagna ";1;116101
" Tillsonburg, Canada ";1;116102
" Carmignano, Italia ";1;116103
" Saint Peter, Minnesota ";1;116104
" Smithfield, Utah ";1;116105
" Durban-Corbières, Francia ";1;116106
" Nümbrecht, Germania ";1;116107
" Castellbisbal, Spagna ";1;116108
" Dornbirn, Austria ";1;116109
" Richland Center, Wisconsin ";1;116110
" Pasikurowice, Polonia ";1;116111
" Ardmore, Oklahoma ";1;116112
