"locale";"cnt";"tcnt"
"NewYork,NewYork";4948;4948
"Londra,RegnoUnito";4517;9465
"SanFrancisco,California";2516;11981
"LosAngeles,California";2491;14472
"Parigi,Francia";1743;16215
"Seattle,Washington";1385;17600
"Toronto,Canada";1343;18943
"Chicago,Illinois";1156;20099
"Portland,Oregon";1089;21188
"Berlino,Germania";1075;22263
"Singapore";950;23213
"Washington,DistrictofColumbia";876;24089
"Vancouver,Canada";829;24918
"Amsterdam,PaesiBassi";795;25713
"SanDiego,California";778;26491
"Boston,Massachusetts";756;27247
"";754;28001
"Montreal,Canada";730;28731
"Barcellona,Spagna";704;29435
"Austin,Texas";662;30097
"Atlanta,Georgia";569;30666
"Philadelphia,Pennsylvania";545;31211
"Roma,Italia";535;31746
"Copenaghen,";529;32275
"Denver,Colorado";529;32804
"Houston,Texas";506;33310
"Hong-Kong";457;33767
"Oakland,California";442;34209
"Dublino,Irlanda";438;34647
"Miami,Florida";431;35078
"Monaco,Germania";424;35502
"Milano,Italia";421;35923
"Inghilterra,RegnoUnito";408;36331
"Madrid,Spagna";400;36731
"NuovoGallesdelSud,Australia";399;37130
"Mosca,Russia";392;37522
"Melbourne,Australia";392;37914
"Sydney,Australia";375;38289
"Cina";368;38657
"Vienna,Austria";363;39020
"California,StatiUniti";362;39382
"Lisbona,Portogallo";352;39734
"SanJose,California";346;40080
"Victoria,Australia";346;40426
"Minneapolis,Minnesota";343;40769
"Edimburgo,RegnoUnito";341;41110
"Amburgo,Germania";340;41450
"Zurigo,Svizzera";332;41782
"Stoccolma,Svezia";332;42114
"Auckland,NuovaZelanda";326;42440
"Praga,RepubblicaCeca";319;42759
"Nashville,Tennessee";304;43063
"Ottawa,Canada";302;43365
"Budapest,Ungheria";302;43667
"StatiUniti";302;43969
"Istanbul,Turchia";282;44251
"Seul,CoreadelSud";274;44525
"Berkeley,California";270;44795
"Calgary,Canada";270;45065
"Bangkok,Tailandia";270;45335
"Atene,Grecia";269;45604
"Oslo,Norvegia";267;45871
"Bristol,RegnoUnito";259;46130
"Citt�delMessico,Messico";255;46385
"NewOrleans,Louisiana";253;46638
"BuenosAires,Argentina";251;46889
"Queensland,Australia";248;47137
"Bruxelles,Belgio";244;47381
"Citt�delCapo,Sudafrica";239;47620
"SanPaolo,Brasile";237;47857
"LasVegas,Nevada";236;48093
"Manchester,RegnoUnito";234;48327
"Sacramento,California";228;48555
"Baltimora,Maryland";224;48779
"RegnoUnito";223;49002
"Pittsburgh,Pennsylvania";215;49217
"Charlotte,NorthCarolina";215;49432
"Cambridge,Massachusetts";212;49644
"Shanghai,Cina";212;49856
"Phoenix,Arizona";206;50062
"Firenze,Italia";201;50263
"SaltLakeCity,Utah";197;50460
"Orlando,Florida";196;50656
"Honolulu,Hawaii";195;50851
"SantaBarbara,California";192;51043
"Colonia,Germania";191;51234
"Helsinki,Finlandia";184;51418
"Columbus,Ohio";183;51601
"KualaLumpur,Malesia";182;51783
"Tokyo,Giappone";178;51961
"Varsavia,Polonia";177;52138
"Boulder,Colorado";177;52315
"TelAviv,Israele";173;52488
"Glasgow,RegnoUnito";169;52657
"Victoria,Canada";166;52823
"Francoforte,Germania";163;52986
"RiodeJaneiro,Brasile";160;53146
"Brighton,RegnoUnito";159;53305
"Madison,Wisconsin";159;53464
"SantaMonica,California";158;53622
"SanPietroburgo,Russia";157;53779
"Dubai,EmiratiArabiUniti";157;53936
"Edmonton,Canada";157;54093
"Wellington,NuovaZelanda";152;54245
"Pechino,Cina";149;54394
"Reykjavik,Islanda";148;54542
"AnnArbor,Michigan";147;54689
"Cincinnati,Ohio";146;54835
"SanAntonio,Texas";146;54981
"LongBeach,California";143;55124
"Ginevra,Svizzera";142;55266
"Oxford,RegnoUnito";140;55406
"Raleigh,NorthCarolina";139;55545
"Utrecht,PaesiBassi";137;55682
"MiamiBeach,Florida";137;55819
"Indianapolis,Indiana";136;55955
"SantaCruz,California";136;56091
"Tucson,Arizona";133;56224
"Australia";130;56354
"PaloAlto,California";129;56483
"Tampa,Florida";127;56610
"Lione,Francia";127;56737
"Richmond,Virginia";125;56862
"Eugene,Oregon";123;56985
"Asheville,NorthCarolina";122;57107
"Perth,Australia";121;57228
"Cracovia,Polonia";121;57349
"Stoccarda,Germania";120;57469
"Arlington,Virginia";119;57588
"FortLauderdale,Florida";118;57706
"Cambridge,RegnoUnito";118;57824
"CoreadelSud";116;57940
"TelAviv-Yafo,Israele";116;58056
"Irvine,California";114;58170
"L'Aia,PaesiBassi";114;58284
"Birmingham,RegnoUnito";112;58396
"Germania";111;58507
"Porto,Portogallo";111;58618
"Leeds,RegnoUnito";111;58729
"Taiwan";110;58839
"Albuquerque,NewMexico";110;58949
"MountainView,California";110;59059
"SantaFe,NewMexico";109;59168
"SaintPaul,Minnesota";108;59276
"Mumbai,India";108;59384
"Rochester,NewYork";107;59491
"Buffalo,NewYork";107;59598
"KansasCity,Missouri";107;59705
"St.Louis,Missouri";105;59810
"Durham,NorthCarolina";105;59915
"India";104;60019
"Milwaukee,Wisconsin";103;60122
"PaesiBassi";103;60225
"Massachusetts,StatiUniti";101;60326
"NewYork,StatiUniti";99;60425
"Israele";99;60524
"Scottsdale,Arizona";99;60623
"ColoradoSprings,Colorado";98;60721
"Charleston,SouthCarolina";98;60819
"Venezia,Italia";97;60916
"Belgrado,Serbia";97;61013
"Brisbane,Australia";97;61110
"Zagabria,Croazia";96;61206
"NewJersey,StatiUniti";96;61302
"Bogot�,Colombia";95;61397
"Rotterdam,PaesiBassi";95;61492
"Cleveland,Ohio";94;61586
"Providence,RhodeIsland";94;61680
"Somerville,Massachusetts";93;61773
"Louisville,Kentucky";93;61866
"Lindenwold,NewJersey";93;61959
"Sofia,Bulgaria";92;62051
"SanJuan,Portorico";91;62142
"Alexandria,Virginia";91;62233
"Halifax,Canada";89;62322
"Bologna,Italia";88;62410
"Ithaca,NewYork";87;62497
"Bucharest,Romania";85;62582
"FortWorth,Texas";85;62667
"Charlottesville,Virginia";85;62752
"Torino,Italia";84;62836
"Anchorage,Alaska";83;62919
"Manila,Filippine";83;63002
"Winnipeg,Canada";83;63085
"Portland,Maine";82;63167
"Lubiana,Slovenia";82;63249
"Jacksonville,Florida";81;63330
"Nizza,Francia";81;63411
"SantaRosa,California";81;63492
"Pasadena,California";81;63573
"Johannesburg,Sudafrica";81;63654
"Vancouver,Washington";80;63734
"AustraliaOccidentale,Australia";80;63814
"Detroit,Michigan";80;63894
"Bali,Indonesia";79;63973
"Boise,Idaho";78;64051
"NuovaDelhi,India";78;64129
"Anversa,Belgio";78;64207
"Liverpool,RegnoUnito";78;64285
"Bend,Oregon";78;64363
"Kiev,Ucraina";77;64440
"Reno,Nevada";77;64517
"D�sseldorf,Germania";76;64593
"Canada";76;64669
"Losanna,Svizzera";76;64745
"Vilnius,Lituania";75;64820
"Memphis,Tennessee";75;64895
"Sheffield,RegnoUnito";75;64970
"Tacoma,Washington";75;65045
"GrandRapids,Michigan";74;65119
"Burlington,Vermont";73;65192
"Sunnyvale,California";72;65264
"FortCollins,Colorado";72;65336
"JerseyCity,NewJersey";72;65408
"Berna,Svizzera";71;65479
"Basilea,Svizzera";71;65550
"Spokane,Washington";70;65620
"Cardiff,RegnoUnito";69;65689
"Gainesville,Florida";69;65758
"Bellingham,Washington";69;65827
"Bath,RegnoUnito";69;65896
"Francia";68;65964
"BritishColumbia,Canada";68;66032
"Gerusalemme,Israele";67;66099
"G�teborg,Svezia";66;66165
"SanMateo,California";66;66231
"Valencia,Spagna";66;66297
"Tolosa,Francia";66;66363
"Caloocan,Filippine";66;66429
"SilverSpring,Maryland";66;66495
"Kyoto,Giappone";66;66561
"WestHollywood,California";65;66626
"Napoli,Italia";65;66691
"Siviglia,Spagna";65;66756
"Hannover,Germania";65;66821
"HuntingtonBeach,California";64;66885
"Christchurch,NuovaZelanda";63;66948
"Dubrovnik,Croazia";63;67011
"Birmingham,Alabama";63;67074
"Nottingham,RegnoUnito";61;67135
"Belfast,RegnoUnito";61;67196
"Bratislava,Slovacchia";61;67257
"Riga,Lettonia";61;67318
"ChapelHill,NorthCarolina";61;67379
"Mississauga,Canada";60;67439
"Londra,Canada";60;67499
"Tallinn,Estonia";60;67559
"Bonn,Germania";60;67619
"Santiago,Cile";59;67678
"Heidelberg,Germania";59;67737
"Osaka,Giappone";59;67796
"Marsiglia,Francia";59;67855
"Irlanda";58;67913
"HoChiMinh,Vietnam";58;67971
"RegioneSpecialedellaCapitalediJakarta,Indonesia";57;68028
"Spalato,Croazia";57;68085
"Bergen,Norvegia";57;68142
"Canberra,Australia";56;68198
"NewHaven,Connecticut";56;68254
"NewportBeach,California";55;68309
"Tempe,Arizona";55;68364
"Aarhus,";55;68419
"Spagna";55;68474
"Olympia,Washington";53;68527
"Palermo,Italia";53;68580
"Adelaide,Australia";53;68633
"SantaClara,California";53;68686
"SanRafael,California";53;68739
"Alameda,California";53;68792
"Omaha,Nebraska";53;68845
"Princeton,NewJersey";53;68898
"Italia";53;68951
"Hamilton,Canada";52;69003
"Encinitas,California";52;69055
"Fremont,California";52;69107
"Ubud,Indonesia";52;69159
"Bordeaux,Francia";52;69211
"Ghent,Belgio";52;69263
"Bangalore,India";51;69314
"RedwoodCity,California";51;69365
"Pennsylvania,StatiUniti";50;69415
"TaipeiCity,Taiwan";50;69465
"Dresda,Germania";50;69515
"GoldCoast,Australia";50;69565
"OklahomaCity,Oklahoma";50;69615
"VirginiaBeach,Virginia";50;69665
"NorthVancouver,Canada";49;69714
"Sarasota,Florida";49;69763
"Giacarta,Indonesia";49;69812
"Tulum,Messico";49;69861
"Florida,StatiUniti";49;69910
"NewcastleuponTyne,RegnoUnito";48;69958
"Norimberga,Germania";48;70006
"Bloomington,Indiana";48;70054
"NuovaZelanda";48;70102
"Flagstaff,Arizona";48;70150
"PlayadelCarmen,Messico";48;70198
"Southampton,RegnoUnito";48;70246
"Munster,Germania";48;70294
"Ashland,Oregon";48;70342
"Kingston,Canada";48;70390
"Ibiza,Spagna";48;70438
"Hawaii,StatiUniti";48;70486
"Lipsia,Germania";48;70534
"Ontario,Canada";47;70581
"SanLuisObispo,California";47;70628
"Riverside,California";47;70675
"Norwich,RegnoUnito";47;70722
"Missoula,Montana";47;70769
"Monterey,California";47;70816
"Fresno,California";47;70863
"Kailua-Kona,Hawaii";46;70909
"Albany,NewYork";46;70955
"Fairfax,Virginia";46;71001
"Cork,Irlanda";46;71047
"WalnutCreek,California";46;71093
"PetalingJaya,Malesia";45;71138
"Malm�,Svezia";45;71183
"AustraliaMeridionale,Australia";45;71228
"Bellevue,Washington";45;71273
"York,RegnoUnito";45;71318
"Galway,Irlanda";45;71363
"SaintLouis,Missouri";45;71408
"Haarlem,PaesiBassi";44;71452
"MenloPark,California";44;71496
"Guelph,Canada";43;71539
"BeverlyHills,California";43;71582
"Svizzera";43;71625
"AbuDhabi,EmiratiArabiUniti";43;71668
"ChiangMai,Tailandia";43;71711
"Tulsa,Oklahoma";42;71753
"Tallahassee,Florida";42;71795
"Scozia,RegnoUnito";42;71837
"Sonoma,California";42;71879
"Hollywood,Florida";42;71921
"JoshuaTree,California";42;71963
"Giappone";42;72005
"Taipei,Taiwan";42;72047
"Napa,California";41;72088
"Michigan,StatiUniti";41;72129
"Salem,Oregon";41;72170
"Lexington,Kentucky";41;72211
"Waterloo,Canada";40;72251
"ElPaso,Texas";40;72291
"Bethesda,Maryland";40;72331
"Lilla,Francia";40;72371
"Winston-Salem,NorthCarolina";40;72411
"Chico,California";40;72451
"BatonRouge,Louisiana";40;72491
"Greenville,SouthCarolina";40;72531
"Medellin,Colombia";40;72571
"Vermont,StatiUniti";40;72611
"Shibuya,Giappone";40;72651
"Makati,Filippine";39;72690
"Evanston,Illinois";39;72729
"Virginia,StatiUniti";39;72768
"PalmSprings,California";39;72807
"Littleton,Colorado";39;72846
"Sebastopol,California";39;72885
"Shenzhen,Cina";39;72924
"Atene,Georgia";39;72963
"Bozeman,Montana";39;73002
"Knoxville,Tennessee";39;73041
"Champaign,Illinois";38;73079
"Columbia,Missouri";38;73117
"Surrey,Canada";38;73155
"Quezon,Filippine";38;73193
"Salonicco,Grecia";38;73231
"Colorado,StatiUniti";38;73269
"Beaverton,Oregon";38;73307
"MillValley,California";38;73345
"Reading,RegnoUnito";38;73383
"WestPalmBeach,Florida";37;73420
"Decatur,Georgia";37;73457
"Burnaby,Canada";37;73494
"Karlsruhe,Germania";37;73531
"Columbia,SouthCarolina";37;73568
"SaintPetersburg,Florida";37;73605
"Anaheim,California";37;73642
"Brema,Germania";37;73679
"Strasburgo,Francia";37;73716
"Cupertino,California";36;73752
"TerritoriodellaCapitaleAustraliana,Australia";36;73788
"Aberdeen,RegnoUnito";36;73824
"Tailandia";36;73860
"Saskatoon,Canada";36;73896
"Savannah,Georgia";36;73932
"Amherst,Massachusetts";36;73968
"Exeter,RegnoUnito";36;74004
"Malaga,Spagna";35;74039
"SantaAna,California";35;74074
"Galles,RegnoUnito";35;74109
"Cary,NorthCarolina";35;74144
"Oregon,StatiUniti";35;74179
"Torrance,California";35;74214
"CostaMesa,California";35;74249
"Texas,StatiUniti";35;74284
"Leicester,RegnoUnito";34;74318
"Brookline,Massachusetts";34;74352
"BocaRaton,Florida";34;74386
"Wilmington,NorthCarolina";34;74420
"Cancun,Messico";34;74454
"MarinadelRey,California";34;74488
"Hove,RegnoUnito";34;74522
"Chattanooga,Tennessee";34;74556
"Eindhoven,PaesiBassi";34;74590
"Friburgo,Germania";34;74624
"Petaluma,California";34;74658
"Dusseldorf,Germania";34;74692
"Montpellier,Francia";34;74726
"Beirut,Libano";34;74760
"Arcata,California";34;74794
"Northampton,Massachusetts";34;74828
"Grenoble,Francia";34;74862
"Lima,Per�";33;74895
"Plano,Texas";33;74928
"Aquisgrana,Germania";33;74961
"Nimega,PaesiBassi";33;74994
"Wilmington,Delaware";33;75027
"Napoli,Florida";33;75060
"Indonesia";33;75093
"ByronBay,Australia";33;75126
"Hoboken,NewJersey";33;75159
"Greensboro,NorthCarolina";33;75192
"Genova,Italia";33;75225
"Salisburgo,Austria";33;75258
"Newton,Massachusetts";33;75291
"Bournemouth,RegnoUnito";32;75323
"Rockville,Maryland";32;75355
"Shinjuku,Giappone";32;75387
"Riyadh,ArabiaSaudita";32;75419
"Leida,PaesiBassi";31;75450
"Groninga,PaesiBassi";31;75481
"Selangor,Malesia";31;75512
"Burbank,California";31;75543
"Syracuse,NewYork";31;75574
"IsoladiHongKong,Hong-Kong";31;75605
"Quebec,Canada";31;75636
"Canterbury,NuovaZelanda";31;75667
"SanClemente,California";31;75698
"Annapolis,Maryland";31;75729
"Marietta,Georgia";31;75760
"Stanford,California";31;75791
"Magonza,Germania";31;75822
"Granada,Spagna";31;75853
"Brno,RepubblicaCeca";31;75884
"Lancaster,Pennsylvania";31;75915
"Plymouth,RegnoUnito";31;75946
"Hanoi,Vietnam";31;75977
"BainbridgeIsland,Washington";30;76007
"IlCairo,Egitto";30;76037
"Glendale,California";30;76067
"Orange,California";30;76097
"Marrakesh,Marocco";30;76127
"Worcester,Massachusetts";30;76157
"Frederiksberg,";30;76187
"Markham,Canada";30;76217
"Kelowna,Canada";30;76247
"Gilbert,Arizona";30;76277
"CulverCity,California";30;76307
"Messico";30;76337
"Graz,Austria";30;76367
"Filippine";30;76397
"IowaCity,Iowa";29;76426
"Minsk,Bielorussia";29;76455
"Doha,Qatar";29;76484
"Lucerna,Svizzera";29;76513
"SanJose,CostaRica";29;76542
"Lubbock,Texas";29;76571
"Cluj-Napoca,Romania";29;76600
"Melbourne,Florida";29;76629
"Cheltenham,RegnoUnito";29;76658
"SaintJohn's,Canada";29;76687
"Richmond,Canada";29;76716
"Pleasanton,California";29;76745
"Spring,Texas";29;76774
"Nantes,Francia";29;76803
"Richmond,California";29;76832
"Aurora,Colorado";29;76861
"Redmond,Washington";29;76890
"Carlsbad,California";29;76919
"LagunaBeach,California";28;76947
"Goleta,California";28;76975
"NorthCarolina,StatiUniti";28;77003
"Canarie,Spagna";28;77031
"Corvallis,Oregon";28;77059
"Coventry,RegnoUnito";28;77087
"StateCollege,Pennsylvania";28;77115
"Newcastle,Australia";28;77143
"Nelson,NuovaZelanda";28;77171
"Maastricht,PaesiBassi";28;77199
"Lafayette,Louisiana";28;77227
"LittleRock,Arkansas";28;77255
"Durango,Colorado";28;77283
"WashingtonD.C.,DistrictofColumbia";28;77311
"Regina,Canada";28;77339
"StPetersburg,Florida";28;77367
"Malibu,California";28;77395
"Kitchener,Canada";27;77422
"Livermore,California";27;77449
"Setagaya,Giappone";27;77476
"Trondheim,Norvegia";27;77503
"SanAnselmo,California";27;77530
"Pisa,Italia";27;77557
"SouthLakeTahoe,California";27;77584
"Norman,Oklahoma";27;77611
"ChulaVista,California";27;77638
"Lovanio,Belgio";27;77665
"Springfield,Missouri";27;77692
"Malta";27;77719
"Lawrence,Kansas";27;77746
"BeloHorizonte,Brasile";27;77773
"Grecia";27;77800
"Pune,India";26;77826
"Padova,Italia";26;77852
"Portsmouth,RegnoUnito";26;77878
"Redding,California";26;77904
"Roseville,California";26;77930
"Phuket,Tailandia";26;77956
"Kailua,Hawaii";26;77982
"Bilbao,Spagna";26;78008
"Limerick,Irlanda";26;78034
"Arlington,Texas";26;78060
"Canton,Cina";26;78086
"Henderson,Nevada";26;78112
"ParkCity,Utah";26;78138
"LosAltos,California";26;78164
"LosGatos,California";26;78190
"Tasmania,Australia";26;78216
"TraverseCity,Michigan";25;78241
"PalmadeMallorca,Spagna";25;78266
"RamosMej�a,Argentina";25;78291
"Ojai,California";25;78316
"Guildford,RegnoUnito";25;78341
"PortoAlegre,Brasile";25;78366
"Rochester,Minnesota";25;78391
"Fayetteville,Arkansas";25;78416
"Windsor,Canada";25;78441
"CastroValley,California";25;78466
"Norfolk,Virginia";25;78491
"Bruges,Belgio";25;78516
"Aix-en-Provence,Francia";25;78541
"Wiesbaden,Germania";25;78566
"Tbilisi,Georgia";25;78591
"Nairobi,Kenya";24;78615
"Montevideo,Uruguay";24;78639
"Clearwater,Florida";24;78663
"Lund,Svezia";24;78687
"Dunedin,NuovaZelanda";24;78711
"GrassValley,California";24;78735
"BondiBeach,Australia";24;78759
"Bakersfield,California";24;78783
"Washington,StatiUniti";24;78807
"Sedona,Arizona";24;78831
"Oceanside,California";24;78855
"Sandton,Sudafrica";24;78879
"SanSebasti�n,Spagna";24;78903
"Medford,Massachusetts";24;78927
"ManhattanBeach,California";24;78951
"Kalamazoo,Michigan";24;78975
"Mobile,Alabama";24;78999
"Chandler,Arizona";24;79023
"Rio,Brasile";24;79047
"Lussemburgo";24;79071
"Guadalajara,Messico";24;79095
"Montclair,NewJersey";24;79119
"Campbell,California";24;79143
"Recife,Brasile";23;79166
"PalmadiMaiorca,Spagna";23;79189
"Oakville,Canada";23;79212
"Verona,Italia";23;79235
"L'Avana,Cuba";23;79258
"WestHartford,Connecticut";23;79281
"Kihei,Hawaii";23;79304
"Malesia";23;79327
"SanRamon,California";23;79350
"SanCarlos,California";23;79373
"Golden,Colorado";23;79396
"RedondoBeach,California";23;79419
"Ventura,California";23;79442
"Polonia";23;79465
"Missouri,StatiUniti";23;79488
"Renton,Washington";23;79511
"Odense,";23;79534
"FortMyers,Florida";23;79557
"SantaClarita,California";23;79580
"LasCruces,NewMexico";23;79603
"KeyWest,Florida";23;79626
"Burlingame,California";23;79649
"Quito,Ecuador";23;79672
"Pensacola,Florida";23;79695
"Stockton,California";22;79717
"Bochum,Germania";22;79739
"Queenstown,NuovaZelanda";22;79761
"Hillsboro,Oregon";22;79783
"FallsChurch,Virginia";22;79805
"Canterbury,RegnoUnito";22;79827
"CollegeStation,Texas";22;79849
"Connecticut,StatiUniti";22;79871
"Wichita,Kansas";22;79893
"PasoRobles,California";22;79915
"Ankara,Turchia";22;79937
"SantoDomingo,RepubblicaDominicana";22;79959
"Macao";22;79981
"Bothell,Washington";22;80003
"SanMigueldeAllende,Messico";22;80025
"Kiel,Germania";22;80047
"Cartagena,Colombia";22;80069
"DesMoines,Iowa";22;80091
"Stamford,Connecticut";22;80113
"Kirkland,Washington";22;80135
"Hobart,Australia";22;80157
"Uppsala,Svezia";22;80179
"Newport,RhodeIsland";22;80201
"Urbana,Illinois";22;80223
"Vaughan,Canada";22;80245
"Aptos,California";22;80267
"Monterrey,Messico";22;80289
"Claremont,California";22;80311
"Zara,Croazia";22;80333
"Haifa,Israele";22;80355
"Bethlehem,Pennsylvania";21;80376
"Columbia,Maryland";21;80397
"RoyalOak,Michigan";21;80418
"Novato,California";21;80439
"RanchoCucamonga,California";21;80460
"Winterthur,Svizzera";21;80481
"Brunswick,Australia";21;80502
"Whittier,California";21;80523
"Fullerton,California";21;80544
"Issaquah,Washington";21;80565
"McLean,Virginia";21;80586
"Vallejo,California";21;80607
"Concord,California";21;80628
"Mesa,Arizona";21;80649
"Lincoln,Nebraska";21;80670
"Rennes,Francia";21;80691
"Temecula,California";21;80712
"SanLeandro,California";21;80733
"Lussemburgo,Lussemburgo";21;80754
"PuertoVallarta,Messico";21;80775
"Chania,Grecia";21;80796
"Maryland,StatiUniti";20;80816
"Brampton,Canada";20;80836
"Albany,California";20;80856
"OverlandPark,Kansas";20;80876
"Waltham,Massachusetts";20;80896
"LagunaNiguel,California";20;80916
"Provo,Utah";20;80936
"Taichung,Taiwan";20;80956
"RoundRock,Texas";20;80976
"Vienna,Virginia";20;80996
"Wroc?aw,Polonia";20;81016
"SouthBend,Indiana";20;81036
"Colombo,SriLanka";20;81056
"Como,Italia";20;81076
"Sarajevo,BosniaErzegovina";20;81096
"Essen,Germania";20;81116
"PortMacquarie,Australia";20;81136
"MiltonKeynes,RegnoUnito";20;81156
"Minato,Giappone";20;81176
"Denpasar,Indonesia";20;81196
"Antwerpen,Belgio";20;81216
"Corona,California";19;81235
"PortTownsend,Washington";19;81254
"Aalborg,";19;81273
"Belgio";19;81292
"Penang,Malesia";19;81311
"Siena,Italia";19;81330
"Squamish,Canada";19;81349
"Truckee,California";19;81368
"Hartford,Connecticut";19;81387
"Manly,Australia";19;81406
"OakPark,Illinois";19;81425
"Pretoria,Sudafrica";19;81444
"Greenwich,Connecticut";19;81463
"Ohio,StatiUniti";19;81482
"Hayward,California";19;81501
"DistrettoFederale,Messico";19;81520
"PacificGrove,California";19;81539
"Hilo,Hawaii";19;81558
"Norwalk,Connecticut";19;81577
"EastLansing,Michigan";19;81596
"Hudson,NewYork";19;81615
"Roanoke,Virginia";19;81634
"Longmont,Colorado";19;81653
"MissionViejo,California";19;81672
"DelrayBeach,Florida";19;81691
"Beacon,NewYork";19;81710
"Gand,Belgio";19;81729
"Bras�lia,Brasile";18;81747
"Kamloops,Canada";18;81765
"Naperville,Illinois";18;81783
"ElCerrito,California";18;81801
"Durham,RegnoUnito";18;81819
"Modesto,California";18;81837
"Carmel,Indiana";18;81855
"Espoo,Finlandia";18;81873
"LakeOswego,Oregon";18;81891
"Nelson,Canada";18;81909
"St.Augustine,Florida";18;81927
"Frederick,Maryland";18;81945
"Quincy,Massachusetts";18;81963
"Tauranga,NuovaZelanda";18;81981
"FortWayne,Indiana";18;81999
"Arvada,Colorado";18;82017
"WestChester,Pennsylvania";18;82035
"Portogallo";18;82053
"Austria";18;82071
"Roswell,Georgia";18;82089
"Stavanger,Norvegia";18;82107
"Breda,PaesiBassi";18;82125
"Delft,PaesiBassi";18;82143
"Mannheim,Germania";18;82161
"Annecy,Francia";18;82179
"Chengdu,Cina";18;82197
"Coimbra,Portogallo";18;82215
"Bergamo,Italia";18;82233
"StLouis,Missouri";18;82251
"Cascais,Portogallo";18;82269
"Healdsburg,California";18;82287
"Fremantle,Australia";18;82305
"HalfMoonBay,California";17;82322
"Cusco,Per�";17;82339
"Vista,California";17;82356
"G�ttingen,Germania";17;82373
"GigHarbor,Washington";17;82390
"Salinas,California";17;82407
"NewTaipeiCity,Taiwan";17;82424
"Edmond,Oklahoma";17;82441
"Reston,Virginia";17;82458
"SanJos�,CostaRica";17;82475
"Camarillo,California";17;82492
"Tampere,Finlandia";17;82509
"Nashua,NewHampshire";17;82526
"Altadena,California";17;82543
"Citt�delGuatemala,Guatemala";17;82560
"Almaty,Kazakistan";17;82577
"Carmel,California";17;82594
"Ukiah,California";17;82611
"Appleton,Wisconsin";17;82628
"Serbia";17;82645
"Arlington,Massachusetts";17;82662
"Catania,Italia";17;82679
"Richmond,Australia";17;82696
"Williamsburg,Virginia";17;82713
"WinterPark,Florida";17;82730
"Harrisburg,Pennsylvania";17;82747
"Irving,Texas";17;82764
"Katy,Texas";17;82781
"Brasilia,Brasile";17;82798
"Kaunas,Lituania";17;82815
"HoodRiver,Oregon";17;82832
"Wisconsin,StatiUniti";17;82849
"Brasile";17;82866
"ThousandOaks,California";17;82883
"NewWestminster,Canada";17;82900
"Pula,Croazia";17;82917
"T�bingen,Germania";17;82934
"Fitzroy,Australia";17;82951
"Panama,Panama";17;82968
"Curitiba,Brasile";16;82984
"Eureka,California";16;83000
"Herndon,Virginia";16;83016
"Tennessee,StatiUniti";16;83032
"SantaCruzdeTenerife,Spagna";16;83048
"NewMexico,StatiUniti";16;83064
"Alpharetta,Georgia";16;83080
"Folsom,California";16;83096
"Tilburg,PaesiBassi";16;83112
"Dundee,RegnoUnito";16;83128
"LasPalmasdeGranCanaria,Spagna";16;83144
"SanGallo,Svizzera";16;83160
"Everett,Washington";16;83176
"W�rzburg,Germania";16;83192
"Worthing,RegnoUnito";16;83208
"Qu�becCity,Canada";16;83224
"Hyattsville,Maryland";16;83240
"NewTerritories,Hong-Kong";16;83256
"Wheaton,Illinois";16;83272
"Chester,RegnoUnito";16;83288
"Coquitlam,Canada";16;83304
"Croazia";16;83320
"SouthYarra,Australia";16;83336
"Emeryville,California";16;83352
"GrandJunction,Colorado";16;83368
"Havana,Cuba";16;83384
"Helena,Montana";16;83400
"Visalia,California";16;83416
"Manchester,NewHampshire";16;83432
"Saratoga,California";16;83448
"Cumming,Georgia";16;83464
"Gatineau,Canada";16;83480
"AntiguaGuatemala,Guatemala";16;83496
"WestLafayette,Indiana";16;83512
"Newark,NewJersey";16;83528
"Denton,Texas";16;83544
"Li�ge,Belgio";16;83560
"Casablanca,Marocco";16;83576
"Turku,Finlandia";16;83592
"NoviSad,Serbia";16;83608
"Arnhem,PaesiBassi";16;83624
"Kuta,Indonesia";16;83640
"NevadaCity,California";16;83656
"Woodstock,NewYork";16;83672
"SouthSanFrancisco,California";15;83687
"Mendocino,California";15;83702
"SaratogaSprings,NewYork";15;83717
"FountainValley,California";15;83732
"Kingston,NewYork";15;83747
"FairOaks,California";15;83762
"Sayulita,Messico";15;83777
"Merida,Messico";15;83792
"Salem,Massachusetts";15;83807
"Innsbruck,Austria";15;83822
"Richardson,Texas";15;83837
"Milpitas,California";15;83852
"Bremerton,Washington";15;83867
"MountPleasant,SouthCarolina";15;83882
"Watertown,Massachusetts";15;83897
"Barrie,Canada";15;83912
"Northampton,RegnoUnito";15;83927
"YorbaLinda,California";15;83942
"RichmondHill,Canada";15;83957
"Kissimmee,Florida";15;83972
"Vashon,Washington";15;83987
"PompanoBeach,Florida";15;84002
"Woking,RegnoUnito";15;84017
"Franklin,Tennessee";15;84032
"Laurel,Maryland";15;84047
"Loveland,Colorado";15;84062
"Ogden,Utah";15;84077
"Amarillo,Texas";15;84092
"CostaRica";15;84107
"Sausalito,California";15;84122
"Ratisbona,Germania";15;84137
"Burlington,Canada";15;84152
"NewHampshire,StatiUniti";15;84167
"Medford,Oregon";15;84182
"RoyalLeamingtonSpa,RegnoUnito";15;84197
"ArroyoGrande,California";15;84212
"SaintAlbans,RegnoUnito";15;84227
"Duisburg,Germania";15;84242
"Lincoln,RegnoUnito";15;84257
"WallaWalla,Washington";15;84272
"Potsdam,Germania";15;84287
"Escondido,California";15;84302
"Laval,Canada";15;84317
"Durban,Sudafrica";15;84332
"Hilversum,PaesiBassi";15;84347
"Odessa,Ucraina";15;84362
"Goa,India";15;84377
"Taos,NewMexico";15;84392
"Amersfoort,PaesiBassi";15;84407
"Windsor,California";15;84422
"Belmont,California";14;84436
"Skopje,Macedonia";14;84450
"Sharjah,EmiratiArabiUniti";14;84464
"Fayetteville,NorthCarolina";14;84478
"Loughborough,RegnoUnito";14;84492
"AlisoViejo,California";14;84506
"Jackson,Mississippi";14;84520
"Peterborough,RegnoUnito";14;84534
"MountShasta,California";14;84548
"Bedford,RegnoUnito";14;84562
"Hangzhou,Cina";14;84576
"PismoBeach,California";14;84590
"Chelmsford,RegnoUnito";14;84604
"Newtown,Australia";14;84618
"Swansea,RegnoUnito";14;84632
"LaMesa,California";14;84646
"Ashburn,Virginia";14;84660
"Brunswick,Germania";14;84674
"Lugano,Svizzera";14;84688
"Vacaville,California";14;84702
"SouthPortland,Maine";14;84716
"Troy,Michigan";14;84730
"Lakeland,Florida";14;84744
"Redlands,California";14;84758
"Lesina,Croazia";14;84772
"Antibes,Francia";14;84786
"Stockport,RegnoUnito";14;84800
"Springfield,Virginia";14;84814
"SanGabriel,California";14;84828
"Blacksburg,Virginia";14;84842
"Martinez,California";14;84856
"Kowloon,Hong-Kong";14;84870
"Morgantown,WestVirginia";14;84884
"Russia";14;84898
"Lynnwood,Washington";14;84912
"Finlandia";14;84926
"CedarRapids,Iowa";14;84940
"ThunderBay,Canada";14;84954
"ShahAlam,Malesia";14;84968
"Holland,Michigan";14;84982
"Randburg,Sudafrica";14;84996
"Linz,Austria";14;85010
"Frisco,Texas";14;85024
"Alicante,Spagna";14;85038
"'s-Hertogenbosch,PaesiBassi";14;85052
"Meguro,Giappone";14;85066
"Swindon,RegnoUnito";14;85080
"Ixelles,Belgio";14;85094
"Gaithersburg,Maryland";14;85108
"WhitePlains,NewYork";14;85122
"Hamilton,NuovaZelanda";14;85136
"Waco,Texas";14;85150
"HermosaBeach,California";14;85164
"Dublin,California";14;85178
"Lafayette,California";14;85192
"Maine,StatiUniti";14;85206
"Rotorua,NuovaZelanda";14;85220
"Cannes,Francia";14;85234
"Trieste,Italia";14;85248
"Kassel,Germania";14;85262
"RegionedellacapitaleGiacarta,Indonesia";14;85276
"Sonora,California";14;85290
"Astoria,Oregon";14;85304
"Ekaterinburg,Russia";14;85318
"Norvegia";14;85332
"Qu�bec,Canada";13;85345
"Whitehorse,Canada";13;85358
"Totnes,RegnoUnito";13;85371
"Englewood,Colorado";13;85384
"LimaDistrict,Per�";13;85397
"Kennewick,Washington";13;85410
"Ames,Iowa";13;85423
"ElkGrove,California";13;85436
"Carrboro,NorthCarolina";13;85449
"Fargo,North";13;85462
"Alhambra,California";13;85475
"Arcadia,California";13;85488
"Lowell,Massachusetts";13;85501
"Augusta,Georgia";13;85514
"Zugo,Svizzera";13;85527
"Auburn,Washington";13;85540
"SteamboatSprings,Colorado";13;85553
"Cambria,California";13;85566
"Parker,Colorado";13;85579
"Sarnia,Canada";13;85592
"Kapaa,Hawaii";13;85605
"Derby,RegnoUnito";13;85618
"MorroBay,California";13;85631
"Fairfax,California";13;85644
"SouthJordan,Utah";13;85657
"ElDoradoHills,California";13;85670
"Indio,California";13;85683
"Busan,CoreadelSud";13;85696
"Chennai,India";13;85709
"Soquel,California";13;85722
"Twickenham,RegnoUnito";13;85735
"Argentina";13;85748
"Lombardia,Italia";13;85761
"Kanab,Utah";13;85774
"TahoeCity,California";13;85787
"Sudbury,Canada";13;85800
"Rhinebeck,NewYork";13;85813
"Toledo,Ohio";13;85826
"Tuscaloosa,Alabama";13;85839
"Lafayette,Colorado";13;85852
"Paddington,Australia";13;85865
"PortElizabeth,Sudafrica";13;85878
"Maplewood,NewJersey";13;85891
"Whistler,Canada";13;85904
"Akron,Ohio";13;85917
"Warwick,RhodeIsland";13;85930
"GardenGrove,California";13;85943
"Bradford,RegnoUnito";13;85956
"Lansing,Michigan";13;85969
"Hyderabad,India";13;85982
"Boone,NorthCarolina";13;85995
"Coblenza,Germania";13;86008
"Dortmund,Germania";13;86021
"Chisinau,Moldavia";13;86034
"Hamden,Connecticut";13;86047
"Kathmandu,Nepal";13;86060
"Erlangen,Germania";13;86073
"Vail,Colorado";13;86086
"Apeldoorn,PaesiBassi";13;86099
"Boulogne-Billancourt,Francia";13;86112
"Sterling,Virginia";13;86125
"Eastbourne,RegnoUnito";13;86138
"Toscana,Italia";13;86151
"Washington,D.C.,DistrictofColumbia";13;86164
"Duluth,Minnesota";12;86176
"SugarLand,Texas";12;86188
"GreenBay,Wisconsin";12;86200
"Templeton,California";12;86212
"Carmel-by-the-Sea,California";12;86224
"Pamplona,Spagna";12;86236
"SanMarcos,California";12;86248
"Digione,Francia";12;86260
"Ipswich,RegnoUnito";12;86272
"Harrisonburg,Virginia";12;86284
"RepubblicaCeca";12;86296
"Arizona,StatiUniti";12;86308
"Courbevoie,Francia";12;86320
"Venezia,Florida";12;86332
"SiouxFalls,South";12;86344
"Kolkata,India";12;86356
"Pacifica,California";12;86368
"FitzroyNorth,Australia";12;86380
"Minnesota,StatiUniti";12;86392
"ChinoHills,California";12;86404
"Konstanz,Germania";12;86416
"Newberg,Oregon";12;86428
"Tainan,Taiwan";12;86440
"Stirling,RegnoUnito";12;86452
"Benicia,California";12;86464
"Georgia,StatiUniti";12;86476
"Yokohama,Giappone";12;86488
"Edmonds,Washington";12;86500
"Grapevine,Texas";12;86512
"Vicenza,Italia";12;86524
"Bermuda";12;86536
"Stuart,Florida";12;86548
"EllicottCity,Maryland";12;86560
"Newport,RegnoUnito";12;86572
"Lucca,Italia";12;86584
"Williamstown,Massachusetts";12;86596
"Almere,PaesiBassi";12;86608
"CorpusChristi,Texas";12;86620
"KotaKinabalu,Malesia";12;86632
"Tustin,California";12;86644
"Galveston,Texas";12;86656
"Bolton,RegnoUnito";12;86668
"Oldenburg,Germania";12;86680
"VeroBeach,Florida";12;86692
"Moab,Utah";12;86704
"Brentwood,California";12;86716
"Logan,Utah";12;86728
"L�neburg,Germania";12;86740
"Veneto,Italia";12;86752
"ChevyChase,Maryland";12;86764
"Centreville,Virginia";12;86776
"Saragozza,Spagna";12;86788
"Saarbr�cken,Germania";12;86800
"WiltonManors,Florida";12;86812
"IsoleBaleari,Spagna";12;86824
"Annandale,Virginia";12;86836
"Fairfield,Connecticut";12;86848
"Brattleboro,Vermont";12;86860
"Parma,Italia";12;86872
"Stellenbosch,Sudafrica";12;86884
"Topanga,California";12;86896
"Glenview,Illinois";12;86908
"Monaco";12;86920
"Macon,Georgia";12;86932
"Rinc�n,Portorico";12;86944
"Portorico";12;86956
"ElSegundo,California";12;86968
"QuebecCity,Canada";12;86980
"Aspen,Colorado";12;86992
"GeorgeTown,Malesia";11;87003
"Birmingham,Michigan";11;87014
"RanchoPalosVerdes,California";11;87025
"Nagoya,Giappone";11;87036
"Varna,Bulgaria";11;87047
"Ashford,RegnoUnito";11;87058
"WestNewYork,NewJersey";11;87069
"Aurora,Illinois";11;87080
"Illinois,StatiUniti";11;87091
"BelvedereTiburon,California";11;87102
"Troy,NewYork";11;87113
"Cebu,Filippine";11;87124
"Lansdale,Pennsylvania";11;87135
"Gardena,California";11;87146
"Zapopan,Messico";11;87157
"Kent,Washington";11;87168
"Novosibirsk,Russia";11;87179
"Oxnard,California";11;87190
"Murfreesboro,Tennessee";11;87201
"Wanaka,NuovaZelanda";11;87212
"PrinceGeorge,Canada";11;87223
"Cordoba,Argentina";11;87234
"SolanaBeach,California";11;87245
"Surabaya,Indonesia";11;87256
"Winchester,RegnoUnito";11;87267
"Brescia,Italia";11;87278
"BayofPlenty,NuovaZelanda";11;87289
"Edison,NewJersey";11;87300
"Pozna?,Polonia";11;87311
"LagunaHills,California";11;87322
"Puyallup,Washington";11;87333
"McKinney,Texas";11;87344
"Gilroy,California";11;87355
"Biel/Bienne,Svizzera";11;87366
"Preston,RegnoUnito";11;87377
"Canmore,Canada";11;87388
"Fairbanks,Alaska";11;87399
"Florian�polis,Brasile";11;87410
"ArlingtonHeights,Illinois";11;87421
"Telluride,Colorado";11;87432
"RhodeIsland,StatiUniti";11;87443
"Ahmedabad,India";11;87454
"NorthernIreland,RegnoUnito";11;87465
"SimiValley,California";11;87476
"Faro,Portogallo";11;87487
"Oxford,Mississippi";11;87498
"Chesapeake,Virginia";11;87509
"Walnut,California";11;87520
"Sitges,Spagna";11;87531
"SouthPasadena,California";11;87542
"WestJordan,Utah";11;87553
"Brest,Francia";11;87564
"Camperdown,Australia";11;87575
"Salisbury,RegnoUnito";11;87586
"Nanaimo,Canada";11;87597
"Concord,Massachusetts";11;87608
"Chilliwack,Canada";11;87619
"Salvador,Brasile";11;87630
"Ridgewood,NewJersey";11;87641
"Livorno,Italia";11;87652
"Alkmaar,PaesiBassi";11;87663
"Rocklin,California";11;87674
"Penticton,Canada";11;87685
"StPaul,Minnesota";11;87696
"Lexington,Massachusetts";11;87707
"Provincetown,Massachusetts";11;87718
"Clovis,California";11;87729
"Cali,Colombia";11;87740
"Tartu,Estonia";11;87751
"BigBearLake,California";11;87762
"UnionCity,California";11;87773
"P?hoa,Hawaii";11;87784
"Oakhurst,California";11;87795
"Portsmouth,NewHampshire";11;87806
"Warrington,RegnoUnito";11;87817
"Fallbrook,California";11;87828
"Lethbridge,Canada";11;87839
"Guerneville,California";11;87850
"NuovaScozia,Canada";11;87861
"Versailles,Francia";11;87872
"Allentown,Pennsylvania";11;87883
"Newburyport,Massachusetts";11;87894
"SanSebastian,Spagna";11;87905
"Breslavia,Polonia";11;87916
"Farnham,RegnoUnito";11;87927
"SaintCatharines,Canada";11;87938
"Zwolle,PaesiBassi";11;87949
"Cypress,Texas";10;87959
"Princeville,Hawaii";10;87969
"Poughkeepsie,NewYork";10;87979
"Elwood,Australia";10;87989
"Friburgo,Svizzera";10;87999
"EdenPrairie,Minnesota";10;88009
"Colombia";10;88019
"Enmore,Australia";10;88029
"Troms�,Norvegia";10;88039
"Coeurd'Alene,Idaho";10;88049
"Bendigo,Australia";10;88059
"Izmir,Turchia";10;88069
"Manassas,Virginia";10;88079
"LakeWorth,Florida";10;88089
"Cypress,California";10;88099
"Duluth,Georgia";10;88109
"Billings,Montana";10;88119
"Fes,Marocco";10;88129
"OregonCity,Oregon";10;88139
"Wolverhampton,RegnoUnito";10;88149
"LaQuinta,California";10;88159
"SantiagodeQuer�taro,Messico";10;88169
"MontereyPark,California";10;88179
"Amman,Giordania";10;88189
"Rabat,Marocco";10;88199
"SanJuanCapistrano,California";10;88209
"Louisiana,StatiUniti";10;88219
"JavaOccidentale,Indonesia";10;88229
"Glendale,Arizona";10;88239
"Cerritos,California";10;88249
"Langley,Canada";10;88259
"Inverness,RegnoUnito";10;88269
"NiagaraFalls,Canada";10;88279
"Sandy,Utah";10;88289
"Lutherville-Timonium,Maryland";10;88299
"NewportNews,Virginia";10;88309
"Orem,Utah";10;88319
"HuntingtonStation,NewYork";10;88329
"Gloucester,Massachusetts";10;88339
"Poway,California";10;88349
"Libertyville,Illinois";10;88359
"Springfield,Illinois";10;88369
"Phoenixville,Pennsylvania";10;88379
"EastHampton,NewYork";10;88389
"TerritoriodelNord,Australia";10;88399
"Indiana,StatiUniti";10;88409
"Peterborough,Canada";10;88419
"Dublin,Ohio";10;88429
"Kingston,Giamaica";10;88439
"CoffsHarbour,Australia";10;88449
"Sudafrica";10;88459
"Abbotsford,Canada";10;88469
"Dunedin,Florida";10;88479
"Montpelier,Vermont";10;88489
"Brea,California";10;88499
"Lincoln,California";10;88509
"Ajax,Canada";10;88519
"Ferrara,Italia";10;88529
"Yonkers,NewYork";10;88539
"Orinda,California";10;88549
"Bloemfontein,Sudafrica";10;88559
"Watford,RegnoUnito";10;88569
"Torquay,Australia";10;88579
"Livonia,Michigan";10;88589
"L�beck,Germania";10;88599
"Kennesaw,Georgia";10;88609
"Bloomington,Illinois";10;88619
"Carrollton,Texas";10;88629
"Kaneohe,Hawaii";10;88639
"Koto,Giappone";10;88649
"Cochrane,Canada";10;88659
"Hawthorn,Australia";10;88669
"MetroManila,Filippine";10;88679
"Wollongong,Australia";10;88689
"Garland,Texas";10;88699
"Glendora,California";10;88709
"Poznan,Polonia";10;88719
"Augusta,Germania";10;88729
"Zoetermeer,PaesiBassi";10;88739
"Cambridge,Canada";10;88749
"Bluffton,SouthCarolina";10;88759
"Bradenton,Florida";10;88769
"BoyntonBeach,Florida";10;88779
"Peoria,Illinois";10;88789
"Colchester,RegnoUnito";10;88799
"PleasantHill,California";10;88809
"BrunswickWest,Australia";10;88819
"Westminster,Colorado";10;88829
"Concord,NewHampshire";10;88839
"LakeForest,California";10;88849
"Jackson,Wyoming";10;88859
"Charlottetown,Canada";10;88869
"Marbella,Spagna";10;88879
"Cordoba,Spagna";10;88889
"SunnyIslesBeach,Florida";10;88899
"Lecce,Italia";10;88909
"Vincennes,Francia";10;88919
"Treviri,Germania";10;88929
"Gouda,PaesiBassi";10;88939
"Kilkenny,Irlanda";10;88949
"Rouen,Francia";10;88959
"Coburg,Australia";10;88969
"Brunswick,Maine";10;88979
"MorganHill,California";10;88989
"Sapporo,Giappone";10;88999
"Placerville,California";10;89009
"Jupiter,Florida";10;89019
"Midlothian,Virginia";10;89029
"Bamberg,Germania";10;89039
"Cadice,Spagna";10;89049
"Coronado,California";10;89059
"Montreuil,Francia";9;89068
"Kaiserslautern,Germania";9;89077
"Hanover,NewHampshire";9;89086
"Greenville,NorthCarolina";9;89095
"Ravenna,Italia";9;89104
"Upland,California";9;89113
"Sliema,Malta";9;89122
"Otago,NuovaZelanda";9;89131
"SaintKilda,Australia";9;89140
"Malacca,Malesia";9;89149
"Rodi,Grecia";9;89158
"Belize";9;89167
"Modena,Italia";9;89176
"Woodbridge,Virginia";9;89185
"Saint-Gilles,Belgio";9;89194
"Fukuoka,Giappone";9;89203
"Oulu,Finlandia";9;89212
"Needham,Massachusetts";9;89221
"Leesburg,Virginia";9;89230
"Lynchburg,Virginia";9;89239
"Hitchin,RegnoUnito";9;89248
"Flemington,NewJersey";9;89257
"Orpington,RegnoUnito";9;89266
"MountVernon,Washington";9;89275
"PalmBeachGardens,Florida";9;89284
"Ulm,Germania";9;89293
"Cheltenham,Australia";9;89302
"FlowerMound,Texas";9;89311
"Woodstock,Georgia";9;89320
"TakomaPark,Maryland";9;89329
"Weston-super-Mare,RegnoUnito";9;89338
"NorthLasVegas,Nevada";9;89347
"Wakefield,RegnoUnito";9;89356
"Sammamish,Washington";9;89365
"Bielefeld,Germania";9;89374
"Belmont,Massachusetts";9;89383
"Tours,Francia";9;89392
"ValleyStream,NewYork";9;89401
"Mason,Ohio";9;89410
"Moncton,Canada";9;89419
"Antioch,California";9;89428
"Courtenay,Canada";9;89437
"Hopkinton,Massachusetts";9;89446
"Snohomish,Washington";9;89455
"McMinnville,Oregon";9;89464
"Bronte,Australia";9;89473
"Suzhou,Cina";9;89482
"Timi?oara,Romania";9;89491
"Fredericksburg,Virginia";9;89500
"PortJefferson,NewYork";9;89509
"Longueuil,Canada";9;89518
"Guanacaste,CostaRica";9;89527
"Haiku-Pauwela,Hawaii";9;89536
"PhnomPenh,Cambogia";9;89545
"KuwaitCity,Kuwait";9;89554
"Homestead,Florida";9;89563
"Rethymno,Grecia";9;89572
"Slough,RegnoUnito";9;89581
"Reims,Francia";9;89590
"Nassau,Bahamas";9;89599
"Fishers,Indiana";9;89608
"KingstonuponThames,RegnoUnito";9;89617
"FridayHarbor,Washington";9;89626
"Bayreuth,Germania";9;89635
"Getxo,Spagna";9;89644
"Schenectady,NewYork";9;89653
"�le-de-France,Francia";9;89662
"Kensington,Australia";9;89671
"Ontario,California";9;89680
"Carlton,Australia";9;89689
"Kobe,Giappone";9;89698
"CoralGables,Florida";9;89707
"IdahoFalls,Idaho";9;89716
"Avignone,Francia";9;89725
"LaCa�adaFlintridge,California";9;89734
"Lewes,RegnoUnito";9;89743
"Oshawa,Canada";9;89752
"Meridian,Idaho";9;89761
"Keene,NewHampshire";9;89770
"PalmDesert,California";9;89779
"Murrieta,California";9;89788
"HighWycombe,RegnoUnito";9;89797
"SealBeach,California";9;89806
"Geelong,Australia";9;89815
"Marfa,Texas";9;89824
"Northcote,Australia";9;89833
"Cairns,Australia";9;89842
"Plovdiv,Bulgaria";9;89851
"KansasCity,Kansas";9;89860
"Richmond,RegnoUnito";9;89869
"Reading,Pennsylvania";9;89878
"PortAngeles,Washington";9;89887
"PanamaCity,Panama";9;89896
"ClevelandHeights,Ohio";9;89905
"Midland,Texas";9;89914
"Milton,Massachusetts";9;89923
"Evergreen,Colorado";9;89932
"Milton,Canada";9;89941
"Yakima,Washington";9;89950
"Wilmette,Illinois";9;89959
"Cagliari,Italia";9;89968
"FarmingtonHills,Michigan";9;89977
"FosterCity,California";9;89986
"ElSobrante,California";9;89995
"Chino,California";9;90004
"WestCovina,California";9;90013
"California";9;90022
"Rostock,Germania";9;90031
"Baywood-LosOsos,California";9;90040
"Dover,NewHampshire";9;90049
"GraniteBay,California";9;90058
"Allen,Texas";9;90067
"Homer,Alaska";9;90076
"Middlebury,Vermont";9;90085
"BrisbaneCity,Australia";9;90094
"Wageningen,PaesiBassi";9;90103
"Freeport,Maine";9;90112
"Wuppertal,Germania";9;90121
"CathedralCity,California";9;90130
"Giessen,Germania";9;90139
"Panama";9;90148
"Limassol,Cipro";9;90157
"Suginami,Giappone";9;90166
"Reykjanesb�r,Islanda";9;90175
"Southend-on-Sea,RegnoUnito";9;90184
"Schaerbeek,Belgio";9;90193
"Catonsville,Maryland";9;90202
"Hull,RegnoUnito";9;90211
"LaVerne,California";9;90220
"Gurgaon,India";9;90229
"Svezia";9;90238
"Coogee,Australia";9;90247
"NorthBay,Canada";9;90256
"Carmichael,California";9;90265
"SaintAugustine,Florida";9;90274
"Haleiwa,Hawaii";9;90283
"Newtown,Pennsylvania";9;90292
"Campinas,Brasile";9;90301
"Durham,NewHampshire";8;90309
"SriLanka";8;90317
"Mullumbimby,Australia";8;90325
"WestEnd,Australia";8;90333
"Sudbury,Massachusetts";8;90341
"Johor,Malesia";8;90349
"Jena,Germania";8;90357
"Kennebunk,Maine";8;90365
"York,Pennsylvania";8;90373
"RowlandHeights,California";8;90381
"Clemson,SouthCarolina";8;90389
"Beckenham,RegnoUnito";8;90397
"Lewisville,Texas";8;90405
"DelMar,California";8;90413
"RedDeer,Canada";8;90421
"Shinagawa,Giappone";8;90429
"Ucraina";8;90437
"Framingham,Massachusetts";8;90445
"Rehovot,Israele";8;90453
"Ocala,Florida";8;90461
"Heraklion,Grecia";8;90469
"NorthKuta,Indonesia";8;90477
"Coarsegold,California";8;90485
"Trento,Italia";8;90493
"Macclesfield,RegnoUnito";8;90501
"Fairfield,California";8;90509
"Ensenada,Messico";8;90517
"Yuma,Arizona";8;90525
"FortWaltonBeach,Florida";8;90533
"Doylestown,Pennsylvania";8;90541
"AliceSprings,Australia";8;90549
"Taupo,NuovaZelanda";8;90557
"HiltonHeadIsland,SouthCarolina";8;90565
"SouthOrange,NewJersey";8;90573
"Idaho,StatiUniti";8;90581
"Roseburg,Oregon";8;90589
"Warrnambool,Australia";8;90597
"GrantsPass,Oregon";8;90605
"Incheon,CoreadelSud";8;90613
"Erie,Pennsylvania";8;90621
"Manchester,Connecticut";8;90629
"FederalWay,Washington";8;90637
"Whangarei,NuovaZelanda";8;90645
"Northville,Michigan";8;90653
"Seongnam-si,CoreadelSud";8;90661
"Atene,Ohio";8;90669
"?�d?,Polonia";8;90677
"Tirana,Albania";8;90685
"Kazan,Russia";8;90693
"Calama,Cile";8;90701
"Colchester,Vermont";8;90709
"Newport,Australia";8;90717
"Pullman,Washington";8;90725
"Ashfield,Australia";8;90733
"Minnetonka,Minnesota";8;90741
"LaSpezia,Italia";8;90749
"Hereford,RegnoUnito";8;90757
"Georgetown,Texas";8;90765
"Lakewood,Washington";8;90773
"Westfield,NewJersey";8;90781
"Louisville,Colorado";8;90789
"Norcross,Georgia";8;90797
"Peoria,Arizona";8;90805
"KeyBiscayne,Florida";8;90813
"Heemstede,PaesiBassi";8;90821
"Maidstone,RegnoUnito";8;90829
"StonyBrook,NewYork";8;90837
"Utah,StatiUniti";8;90845
"Attica,Grecia";8;90853
"Broomfield,Colorado";8;90861
"Farmington,Michigan";8;90869
"Bowie,Maryland";8;90877
"Talent,Oregon";8;90885
"Brasov,Romania";8;90893
"SilverCity,NewMexico";8;90901
"Lehi,Utah";8;90909
"Abilene,Texas";8;90917
"Blackrock,Irlanda";8;90925
"Issy-les-Moulineaux,Francia";8;90933
"Albury,Australia";8;90941
"Foshan,Cina";8;90949
"GlenAllen,Virginia";8;90957
"Midland,Michigan";8;90965
"AgouraHills,California";8;90973
"ConteadiStoccolma,Svezia";8;90981
"Islanda";8;90989
"Pomona,California";8;90997
"Teddington,RegnoUnito";8;91005
"Summit,NewJersey";8;91013
"Tualatin,Oregon";8;91021
"Westerville,Ohio";8;91029
"LaCrosse,Wisconsin";8;91037
"MercerIsland,Washington";8;91045
"MedicineHat,Canada";8;91053
"Anacortes,Washington";8;91061
"JacksonvilleBeach,Florida";8;91069
"FortBragg,California";8;91077
"LaMirada,California";8;91085
"Piedmont,California";8;91093
"DistrettodiWestBloomfield,Michigan";8;91101
"FortMcMurray,Canada";8;91109
"PalmHarbor,Florida";8;91117
"CastleRock,Colorado";8;91125
"Nanjing,Cina";8;91133
"Huntington,NewYork";8;91141
"Waterford,Irlanda";8;91149
"Manteca,California";8;91157
"Libano,NewHampshire";8;91165
"SanMarcos,Texas";8;91173
"Weehawken,NewJersey";8;91181
"Kharkiv,Ucraina";8;91189
"Auburn,California";8;91197
"Podgorica,Montenegro";8;91205
"Manhattan,Kansas";8;91213
"Stowe,Vermont";8;91221
"Duncan,Canada";8;91229
"Anderson,SouthCarolina";8;91237
"Winchester,Virginia";8;91245
"Fredericton,Canada";8;91253
"TheWoodlands,Texas";8;91261
"Malden,Massachusetts";8;91269
"Lakewood,Colorado";8;91277
"Brevard,NorthCarolina";8;91285
"Sintra,Portogallo";8;91293
"Rovigno,Croazia";8;91301
"HydePark,NewYork";8;91309
"Miraflores,Per�";8;91317
"NoosaHeads,Australia";8;91325
"BoulderCreek,California";8;91333
"Seaside,California";8;91341
"Rockland,Maine";8;91349
"Uccle,Belgio";8;91357
"Glebe,Australia";8;91365
"Medell�n,Colombia";8;91373
"Richland,Washington";8;91381
"Easton,Pennsylvania";8;91389
"Bari,Italia";8;91397
"Magdeburgo,Germania";8;91405
"Baden,Svizzera";8;91413
"Norristown,Pennsylvania";8;91421
"Falmouth,RegnoUnito";8;91429
"Columbus,Indiana";8;91437
"Leeuwarden,PaesiBassi";8;91445
"Winters,California";8;91453
"Harrogate,RegnoUnito";8;91461
"Perrysburg,Ohio";8;91469
"Vernon,Canada";8;91477
"Hampton,Illinois";8;91485
"Guilford,Connecticut";8;91493
"RegioneMetropolitanadiSantiago,Cile";8;91501
"Gloucester,RegnoUnito";8;91509
"AlcaladeHenares,Spagna";8;91517
"Lubecca,Germania";8;91525
"Branford,Connecticut";8;91533
"Bondi,Australia";8;91541
"Guernsey";8;91549
"Elmhurst,Illinois";8;91557
"Croydon,RegnoUnito";8;91565
"Monza,Italia";8;91573
"KaohsiungCity,Taiwan";8;91581
"Oakley,California";7;91588
"Kensington,California";7;91595
"Falmouth,Maine";7;91602
"SanJos�delCabo,Messico";7;91609
"Dedham,Massachusetts";7;91616
"Banbury,RegnoUnito";7;91623
"LeagueCity,Texas";7;91630
"Ipswich,Australia";7;91637
"Evansville,Indiana";7;91644
"RoyalTunbridgeWells,RegnoUnito";7;91651
"Mitcham,RegnoUnito";7;91658
"Lagos,Nigeria";7;91665
"Columbus,Georgia";7;91672
"Prescott,Arizona";7;91679
"Yorktown,Virginia";7;91686
"Tijuana,Messico";7;91693
"Sunderland,RegnoUnito";7;91700
"Plymouth,Massachusetts";7;91707
"Newmarket,Canada";7;91714
"Newbury,RegnoUnito";7;91721
"WestPoint,NewYork";7;91728
"Breckenridge,Colorado";7;91735
"Nicosia,Cipro";7;91742
"Erfurt,Germania";7;91749
"Barnstaple,RegnoUnito";7;91756
"Olathe,Kansas";7;91763
"VoorheesTownship,NewJersey";7;91770
"Centurion,Sudafrica";7;91777
"Huntsville,Alabama";7;91784
"RanchoMirage,California";7;91791
"CaptainCook,Hawaii";7;91798
"CapeCoral,Florida";7;91805
"Mornington,Australia";7;91812
"Lodi,California";7;91819
"Hastings,RegnoUnito";7;91826
"Binghamton,NewYork";7;91833
"Cirencester,RegnoUnito";7;91840
"MyrtleBeach,SouthCarolina";7;91847
"Auburn,Alabama";7;91854
"Godalming,RegnoUnito";7;91861
"Stoke-on-Trent,RegnoUnito";7;91868
"Basingstoke,RegnoUnito";7;91875
"Havertown,Pennsylvania";7;91882
"Osnabr�ck,Germania";7;91889
"WhiteRock,Canada";7;91896
"DeerfieldBeach,Florida";7;91903
"Manawatu-Wanganui,NuovaZelanda";7;91910
"TaoyuanCity,Taiwan";7;91917
"Dearborn,Michigan";7;91924
"SuratThani,Tailandia";7;91931
"Uxbridge,RegnoUnito";7;91938
"Stillwater,Oklahoma";7;91945
"NorthKingstown,RhodeIsland";7;91952
"SurryHills,Australia";7;91959
"Warwick,RegnoUnito";7;91966
"EastJakarta,Indonesia";7;91973
"Maidenhead,RegnoUnito";7;91980
"IcoddelosVinos,Spagna";7;91987
"Atascadero,California";7;91994
"Weybridge,RegnoUnito";7;92001
"BandarSeriBegawan,Brunei";7;92008
"LongBeach,NewYork";7;92015
"Parkville,Maryland";7;92022
"Moorpark,California";7;92029
"Pottstown,Pennsylvania";7;92036
"BrunswickEast,Australia";7;92043
"Jackson,Tennessee";7;92050
"KlamathFalls,Oregon";7;92057
"Wellesley,Massachusetts";7;92064
"Shreveport,Louisiana";7;92071
"WinterSprings,Florida";7;92078
"Stratford-upon-Avon,RegnoUnito";7;92085
"Mansfield,Massachusetts";7;92092
"Juneau,Alaska";7;92099
"Leura,Australia";7;92106
"DelMonteForest,California";7;92113
"Lancaster,California";7;92120
"Clermont,Florida";7;92127
"WesternCape,Sudafrica";7;92134
"Starkville,Mississippi";7;92141
"Tofino,Canada";7;92148
"Witney,RegnoUnito";7;92155
"Hasselt,Belgio";7;92162
"Middletown,Connecticut";7;92169
"Ankeny,Iowa";7;92176
"ThreeRivers,California";7;92183
"DownersGrove,Illinois";7;92190
"M�lheim,Germania";7;92197
"Scarsdale,NewYork";7;92204
"Bracknell,RegnoUnito";7;92211
"Lilburn,Georgia";7;92218
"Jyv�skyl�,Finlandia";7;92225
"PuertoEscondido,Messico";7;92232
"NewHope,Pennsylvania";7;92239
"Monrovia,California";7;92246
"Moscow,Idaho";7;92253
"Northport,NewYork";7;92260
"Caledon,Canada";7;92267
"MissouriCity,Texas";7;92274
"Wayne,Pennsylvania";7;92281
"Potomac,Maryland";7;92288
"Waikato,NuovaZelanda";7;92295
"Kristiansand,Norvegia";7;92302
"Nampa,Idaho";7;92309
"Suwanee,Georgia";7;92316
"Vi�adelMar,Cile";7;92323
"ManitouSprings,Colorado";7;92330
"Shoreham-by-Sea,RegnoUnito";7;92337
"Frome,RegnoUnito";7;92344
"Humble,Texas";7;92351
"Wailuku,Hawaii";7;92358
"WestDesMoines,Iowa";7;92365
"PortCoquitlam,Canada";7;92372
"Vigo,Spagna";7;92379
"Lakewood,Ohio";7;92386
"WakeForest,NorthCarolina";7;92393
"Brossard,Canada";7;92400
"NorthBondi,Australia";7;92407
"Pickering,Canada";7;92414
"Northbrook,Illinois";7;92421
"Bayonne,NewJersey";7;92428
"Milford,Connecticut";7;92435
"Taunton,RegnoUnito";7;92442
"Newport,Oregon";7;92449
"Marquette,Michigan";7;92456
"Marblehead,Massachusetts";7;92463
"BurySaintEdmunds,RegnoUnito";7;92470
"Townsville,Australia";7;92477
"YuccaValley,California";7;92484
"Bangor,Maine";7;92491
"Navan,Irlanda";7;92498
"SanDimas,California";7;92505
"Westminster,California";7;92512
"Simpsonville,SouthCarolina";7;92519
"Merced,California";7;92526
"Elgin,Illinois";7;92533
"Media,Pennsylvania";7;92540
"Kenosha,Wisconsin";7;92547
"Freeland,Washington";7;92554
"Lawrenceville,Georgia";7;92561
"CherryHill,NewJersey";7;92568
"Levallois-Perret,Francia";7;92575
"DiamondBar,California";7;92582
"Siracusa,Italia";7;92589
"Bountiful,Utah";7;92596
"Bedford,NewHampshire";7;92603
"Nonthaburi,Tailandia";7;92610
"TinleyPark,Illinois";7;92617
"LakeCharles,Louisiana";7;92624
"Goyang-si,CoreadelSud";7;92631
"Napier,NuovaZelanda";7;92638
"StAugustine,Florida";7;92645
"Cabarete,RepubblicaDominicana";7;92652
"Apex,NorthCarolina";7;92659
"Krefeld,Germania";7;92666
"Collingwood,Australia";7;92673
"Wellington,Florida";7;92680
"Brownsville,Texas";7;92687
"Union,NewJersey";7;92694
"Canton,Ohio";7;92701
"R�schlikon,Svizzera";7;92708
"Saskatchewan,Canada";7;92715
"TwentyninePalms,California";7;92722
"Pinole,California";7;92729
"Shrewsbury,RegnoUnito";7;92736
"Windsor,RegnoUnito";7;92743
"Spartanburg,SouthCarolina";7;92750
"Sligo,Irlanda";7;92757
"LasPinas,Filippine";7;92764
"Enschede,PaesiBassi";7;92771
"Girona,Spagna";7;92778
"JohorBahru,Malesia";7;92785
"Epsom,RegnoUnito";7;92792
"Covina,California";7;92799
"Gravesend,RegnoUnito";7;92806
"Gedda,ArabiaSaudita";7;92813
"LuxemburgCity,Lussemburgo";7;92820
"Sicilia,Italia";7;92827
"Capitola,California";7;92834
"Kent,Ohio";7;92841
"Delta,Canada";7;92848
"Staunton,Virginia";7;92855
"Oradea,Romania";7;92862
"Washougal,Washington";7;92869
"CorteMadera,California";7;92876
"Stroud,RegnoUnito";7;92883
"Terrassa,Spagna";7;92890
"SanBruno,California";7;92897
"Oakton,Virginia";7;92904
"MakatiCity,Filippine";7;92911
"Metz,Francia";7;92918
"Chamb�ry,Francia";7;92925
"Mostar,BosniaErzegovina";7;92932
"Rexburg,Idaho";7;92939
"Centennial,Colorado";7;92946
"Westford,Massachusetts";7;92953
"Chichester,RegnoUnito";7;92960
"Keaau,Hawaii";7;92967
"Melrose,Massachusetts";7;92974
"WavellHeights,Australia";7;92981
"Asni�res-sur-Seine,Francia";7;92988
"Fiume,Croazia";7;92995
"Suwon,CoreadelSud";7;93002
"Larchmont,NewYork";7;93009
"NewBraunfels,Texas";7;93016
"Puntarenas,CostaRica";7;93023
"Guayaquil,Ecuador";7;93030
"NewBern,NorthCarolina";7;93037
"SunCity,Arizona";7;93044
"Tunisi,Tunisia";7;93051
"Parenzo,Croazia";7;93058
"Mackay,Australia";7;93065
"Beaufort,SouthCarolina";7;93072
"Leopoli,Ucraina";7;93079
"Wokingham,RegnoUnito";7;93086
"Giv'atayim,Israele";7;93093
"Poole,RegnoUnito";7;93100
"Newark,Delaware";7;93107
"Andover,Massachusetts";7;93114
"Saint-�tienne,Francia";7;93121
"Robina,Australia";7;93128
"Hiroshima,Giappone";7;93135
"Salerno,Italia";7;93142
"Winchester,Massachusetts";7;93149
"Kendal,RegnoUnito";7;93156
"Burnsville,Minnesota";6;93162
"UnionCity,NewJersey";6;93168
"Abingdon,RegnoUnito";6;93174
"PrinceRupert,Canada";6;93180
"Dongguan,Cina";6;93186
"CampbellRiver,Canada";6;93192
"PrefetturadiOkinawa,Giappone";6;93198
"CeskeBudejovice,RepubblicaCeca";6;93204
"Draper,Utah";6;93210
"FairfaxStation,Virginia";6;93216
"Perth,RegnoUnito";6;93222
"Huddersfield,RegnoUnito";6;93228
"Aylesbury,RegnoUnito";6;93234
"Camberley,RegnoUnito";6;93240
"Strongsville,Ohio";6;93246
"Sandpoint,Idaho";6;93252
"Westfield,Indiana";6;93258
"LaCiotat,Francia";6;93264
"Cheyenne,Wyoming";6;93270
"Delaware,Ohio";6;93276
"Laramie,Wyoming";6;93282
"Sheboygan,Wisconsin";6;93288
"PuntaGorda,Florida";6;93294
"SouthCarolina,StatiUniti";6;93300
"Yangon,Myanmar";6;93306
"Natick,Massachusetts";6;93312
"McDonough,Georgia";6;93318
"Monument,Colorado";6;93324
"Richmond,Texas";6;93330
"Noumea,NuovaCaledonia";6;93336
"Bois-Colombes,Francia";6;93342
"Sibiu,Romania";6;93348
"Granger,Indiana";6;93354
"Link�ping,Svezia";6;93360
"TempleCity,California";6;93366
"Rockwall,Texas";6;93372
"NewCity,NewYork";6;93378
"Decatur,Illinois";6;93384
"EastGrinstead,RegnoUnito";6;93390
"Burke,Virginia";6;93396
"Dubbo,Australia";6;93402
"FortMill,SouthCarolina";6;93408
"Ra'anana,Israele";6;93414
"Longview,Texas";6;93420
"Salisbury,Maryland";6;93426
"Canton,Georgia";6;93432
"Trenton,NewJersey";6;93438
"CapeMay,NewJersey";6;93444
"YubaCity,California";6;93450
"Alamo,California";6;93456
"Vantaa,Finlandia";6;93462
"Farmington,Utah";6;93468
"WestOrange,NewJersey";6;93474
"Southfield,Michigan";6;93480
"Akershus,Norvegia";6;93486
"Invercargill,NuovaZelanda";6;93492
"Setauket-EastSetauket,NewYork";6;93498
"SouthHadley,Massachusetts";6;93504
"Libano,Ohio";6;93510
"Sewickley,Pennsylvania";6;93516
"Massapequa,NewYork";6;93522
"Brantford,Canada";6;93528
"Carbondale,Colorado";6;93534
"Ilparadisodeisurfisti,Australia";6;93540
"Doncaster,RegnoUnito";6;93546
"AlorSetar,Malesia";6;93552
"DePere,Wisconsin";6;93558
"Colmar,Francia";6;93564
"Caen,Francia";6;93570
"BayShore,NewYork";6;93576
"Romsey,RegnoUnito";6;93582
"Rogers,Arkansas";6;93588
"Slovacchia";6;93594
"Kiama,Australia";6;93600
"SubangJaya,Malesia";6;93606
"WestBridgford,RegnoUnito";6;93612
"Beeston,RegnoUnito";6;93618
"Managua,Nicaragua";6;93624
"Loughton,RegnoUnito";6;93630
"Maisons-Laffitte,Francia";6;93636
"Woodinville,Washington";6;93642
"Racine,Wisconsin";6;93648
"Ume�,Svezia";6;93654
"SouthMelbourne,Australia";6;93660
"Be'erSheva,Israele";6;93666
"PleasantGrove,Utah";6;93672
"Yellowknife,Canada";6;93678
"Henley-on-Thames,RegnoUnito";6;93684
"Walsall,RegnoUnito";6;93690
"EwaBeach,Hawaii";6;93696
"MountLawley,Australia";6;93702
"UpperMarlboro,Maryland";6;93708
"Lakeville,Minnesota";6;93714
"Ballwin,Missouri";6;93720
"LosAlamitos,California";6;93726
"Odessa,Texas";6;93732
"Enfield,RegnoUnito";6;93738
"Bridgewater,NewJersey";6;93744
"ShingleSprings,California";6;93750
"Hendersonville,Tennessee";6;93756
"Salem,Virginia";6;93762
"Topeka,Kansas";6;93768
"Lahaina,Hawaii";6;93774
"Portsmouth,Virginia";6;93780
"InclineVillage,Nevada";6;93786
"Trapani,Italia";6;93792
"Woodford,RegnoUnito";6;93798
"CoralSprings,Florida";6;93804
"AirlieBeach,Australia";6;93810
"Paia,Hawaii";6;93816
"Broadstairs,RegnoUnito";6;93822
"MapleRidge,Canada";6;93828
"Jakarta,Indonesia";6;93834
"Lancaster,RegnoUnito";6;93840
"Urbandale,Iowa";6;93846
"Zionsville,Indiana";6;93852
"TheColony,Texas";6;93858
"Seaford,RegnoUnito";6;93864
"Banff,Canada";6;93870
"Kochi,India";6;93876
"Stonington,Connecticut";6;93882
"NewBritain,Connecticut";6;93888
"OrlandPark,Illinois";6;93894
"Sherbrooke,Canada";6;93900
"Pittsboro,NorthCarolina";6;93906
"ChagrinFalls,Ohio";6;93912
"Hoofddorp,PaesiBassi";6;93918
"Livingston,NewJersey";6;93924
"Morristown,NewJersey";6;93930
"WestlakeVillage,California";6;93936
"SunshineCoast,Australia";6;93942
"Pattaya,Tailandia";6;93948
"Bangor,RegnoUnito";6;93954
"SaranacLake,NewYork";6;93960
"Belleville,Canada";6;93966
"Hendersonville,NorthCarolina";6;93972
"Helsingborg,Svezia";6;93978
"Dhaka,Bangladesh";6;93984
"Gateshead,RegnoUnito";6;93990
"Layton,Utah";6;93996
"SaultSte.Marie,Canada";6;94002
"Woodland,California";6;94008
"Salamanca,Spagna";6;94014
"Acworth,Georgia";6;94020
"LomaLinda,California";6;94026
"Redditch,RegnoUnito";6;94032
"Ardmore,Pennsylvania";6;94038
"CollegePark,Maryland";6;94044
"Tarifa,Spagna";6;94050
"NewBedford,Massachusetts";6;94056
"OrmondBeach,Florida";6;94062
"Mansfield,Connecticut";6;94068
"Prato,Italia";6;94074
"CapitalDistrict,Venezuela";6;94080
"NewRochelle,NewYork";6;94086
"RanchoSantaMargarita,California";6;94092
"Evans,Georgia";6;94098
"Koloa,Hawaii";6;94104
"Docklands,Australia";6;94110
"LaCrescenta-Montrose,California";6;94116
"Toledo,Spagna";6;94122
"Banten,Indonesia";6;94128
"Treviso,Italia";6;94134
"MammothLakes,California";6;94140
"Bolinas,California";6;94146
"Oaxaca,Messico";6;94152
"Coppell,Texas";6;94158
"Xiamen,Cina";6;94164
"Tarrytown,NewYork";6;94170
"Hounslow,RegnoUnito";6;94176
"EmiratiArabiUniti";6;94182
"Ningbo,Cina";6;94188
"Springfield,Oregon";6;94194
"Svendborg,";6;94200
"WestLinn,Oregon";6;94206
"NewcastleUponTyne,RegnoUnito";6;94212
"Patras,Grecia";6;94218
"Amstelveen,PaesiBassi";6;94224
"Rockledge,Florida";6;94230
"Killarney,Irlanda";6;94236
"Nanterre,Francia";6;94242
"Hawthorne,California";6;94248
"Hermanus,Sudafrica";6;94254
"Southampton,NewYork";6;94260
"PrefetturadiOsaka,Giappone";6;94266
"Angers,Francia";6;94272
"ZikhronYa'akov,Israele";6;94278
"Champlin,Minnesota";6;94284
"StKilda,Australia";6;94290
"Guatemala";6;94296
"Toulon,Francia";6;94302
"Ayr,RegnoUnito";6;94308
"�ibenik,Croazia";6;94314
"Falmouth,Massachusetts";6;94320
"LaRochelle,Francia";6;94326
"PonteVedraBeach,Florida";6;94332
"Titusville,Florida";6;94338
"NewBrunswick,NewJersey";6;94344
"Carpinteria,California";6;94350
"IsoladiBowen,Canada";6;94356
"Monteverde,CostaRica";6;94362
"Ypsilanti,Michigan";6;94368
"UlanBator,Mongolia";6;94374
"SouthKingstown,RhodeIsland";6;94380
"Hafnarfjordur,Islanda";6;94386
"PalmCoast,Florida";6;94392
"Arles,Francia";6;94398
"SaintAndrews,RegnoUnito";6;94404
"Nantucket,Massachusetts";6;94410
"Lynn,Massachusetts";6;94416
"NorthBergen,NewJersey";6;94422
"Glastonbury,RegnoUnito";6;94428
"Longview,Washington";6;94434
"PenderIsland,Canada";6;94440
"Bandung,Indonesia";6;94446
"RohnertPark,California";6;94452
"Ferndale,Michigan";6;94458
"Malay,Filippine";6;94464
"Kaliningrad,Russia";6;94470
"Cuenca,Ecuador";6;94476
"Gdynia,Polonia";6;94482
"Lagrauli�re,Francia";6;94488
"Occidental,California";6;94494
"Yarmouth,Massachusetts";6;94500
"Slovenia";6;94506
"Stratford,Connecticut";6;94512
"Varese,Italia";6;94518
"PottsPoint,Australia";6;94524
"CarmelValley,California";6;94530
"Maleny,Australia";6;94536
"Guanajuato,Messico";6;94542
"Mariposa,California";6;94548
"Hurricane,Utah";6;94554
"SherwoodPark,Canada";6;94560
"Ilkley,RegnoUnito";6;94566
"Fujisawa,Giappone";6;94572
"Sollentuna,Svezia";6;94578
"Ostrava,RepubblicaCeca";6;94584
"UniversityPlace,Washington";6;94590
"Cozumel,Messico";6;94596
"Corrales,NewMexico";6;94602
"Newnan,Georgia";6;94608
"Pyrmont,Australia";6;94614
"Middletown,NewYork";6;94620
"Manhasset,NewYork";6;94626
"Malines,Belgio";6;94632
"PalmBeach,Australia";6;94638
"Rimini,Italia";6;94644
"Schaumburg,Illinois";6;94650
"Carolina,Portorico";6;94656
"Montreux,Svizzera";6;94662
"Romania";6;94668
"DistrettodiFaro,Portogallo";6;94674
"Bentonville,Arkansas";6;94680
"Stratford,Canada";6;94686
"ImperialBeach,California";6;94692
"Nakano,Giappone";6;94698
"H?iAn,Vietnam";6;94704
"Wrexham,RegnoUnito";6;94710
"Harare,Zimbabwe";6;94716
"Swarthmore,Pennsylvania";6;94722
"Wilton,Connecticut";6;94728
"Winnetka,Illinois";6;94734
"Lincoln,Canada";6;94740
"CocoaBeach,Florida";6;94746
"Montgomery,Alabama";6;94752
"Yarraville,Australia";6;94758
"Scranton,Pennsylvania";6;94764
"NorthAdams,Massachusetts";6;94770
"Towson,Maryland";6;94776
"KrongSiemReap,Cambogia";6;94782
"SatelliteBeach,Florida";6;94788
"TheVillages,Florida";6;94794
"Whitstable,RegnoUnito";6;94800
"CaboSanLucas,Messico";6;94806
"SaintGeorge,Utah";6;94812
"Arnold,Maryland";6;94818
"Westport,Connecticut";6;94824
"Horsham,RegnoUnito";6;94830
"BarHarbor,Maine";6;94836
"Christiansburg,Virginia";6;94842
"Muscat,Oman";6;94848
"FernandinaBeach,Florida";5;94853
"Clermont-Ferrand,Francia";5;94858
"Windhoek,Namibia";5;94863
"PalmBeach,Florida";5;94868
"Shoreline,Washington";5;94873
"Stonehaven,RegnoUnito";5;94878
"Nancy,Francia";5;94883
"Sutton,RegnoUnito";5;94888
"SpringHill,Florida";5;94893
"Norwalk,California";5;94898
"Mission,Canada";5;94903
"ElPuertodeSantaMar�a,Spagna";5;94908
"Janesville,Wisconsin";5;94913
"Rochester,Michigan";5;94918
"Elizabeth,NewJersey";5;94923
"StoneRidge,NewYork";5;94928
"Nowra,Australia";5;94933
"Northport,Michigan";5;94938
"TerreHaute,Indiana";5;94943
"Fontana,California";5;94948
"Neuchatel,Svizzera";5;94953
"Utica,NewYork";5;94958
"Sandnes,Norvegia";5;94963
"Tavira,Portogallo";5;94968
"DistrettodiWoodbridge,NewJersey";5;94973
"GreatFalls,Montana";5;94978
"RamatGan,Israele";5;94983
"Tegucigalpa,Honduras";5;94988
"Houten,PaesiBassi";5;94993
"Marysville,Washington";5;94998
"Brighton,Australia";5;95003
"Parksville,Canada";5;95008
"LittleElm,Texas";5;95013
"Antigonish,Canada";5;95018
"Mililani,Hawaii";5;95023
"Goi�nia,Brasile";5;95028
"Halifax,RegnoUnito";5;95033
"McAllen,Texas";5;95038
"PeregianBeach,Australia";5;95043
"Cuernavaca,Messico";5;95048
"Sumida,Giappone";5;95053
"BaldwinPark,California";5;95058
"Pemberton,Canada";5;95063
"Firenze,Oregon";5;95068
"Farmington,Connecticut";5;95073
"Orangeville,Canada";5;95078
"Nosara,CostaRica";5;95083
"Newport,Kentucky";5;95088
"Largo,Florida";5;95093
"Brighton,Michigan";5;95098
"Henrico,Virginia";5;95103
"NorthBrunswickTownship,NewJersey";5;95108
"SantCugatdelVall�s,Spagna";5;95113
"GrandePrairie,Canada";5;95118
"Lelystad,PaesiBassi";5;95123
"Escazu,CostaRica";5;95128
"Prahran,Australia";5;95133
"Iowa,StatiUniti";5;95138
"Casper,Wyoming";5;95143
"Milwaukie,Oregon";5;95148
"Weymouth,Massachusetts";5;95153
"Thirroul,Australia";5;95158
"Valbonne,Francia";5;95163
"Tra�,Croazia";5;95168
"Upminster,RegnoUnito";5;95173
"Kew,Australia";5;95178
"Penarth,RegnoUnito";5;95183
"RioRancho,NewMexico";5;95188
"Frisco,Colorado";5;95193
"PortagelaPrairie,Canada";5;95198
"Brunei";5;95203
"LaTablada,Argentina";5;95208
"Chemnitz,Germania";5;95213
"Harpenden,RegnoUnito";5;95218
"CastleHill,Australia";5;95223
"Westland,Michigan";5;95228
"TomsRiver,NewJersey";5;95233
"Waterloo,Australia";5;95238
"Stiria,Austria";5;95243
"Moers,Germania";5;95248
"Barnstable,Massachusetts";5;95253
"Okinawa,Giappone";5;95258
"Lompoc,California";5;95263
"Rockford,Illinois";5;95268
"Harrow,RegnoUnito";5;95273
"Comox,Canada";5;95278
"Elkhart,Indiana";5;95283
"Ia?i,Romania";5;95288
"Asuncion,Paraguay";5;95293
"Leawood,Kansas";5;95298
"Maryville,Tennessee";5;95303
"Ballarat,Australia";5;95308
"Crawley,RegnoUnito";5;95313
"Balgowlah,Australia";5;95318
"Maitland,Florida";5;95323
"EastPerth,Australia";5;95328
"SanSalvador,ElSalvador";5;95333
"Kearny,NewJersey";5;95338
"Mauritius";5;95343
"DeeWhy,Australia";5;95348
"PortSt.Lucie,Florida";5;95353
"BalaCynwyd,Pennsylvania";5;95358
"St.George,Utah";5;95363
"Hackensack,NewJersey";5;95368
"Modica,Italia";5;95373
"RostovsulDon,Russia";5;95378
"MorenoValley,California";5;95383
"MountPleasant,Michigan";5;95388
"Waialua,Hawaii";5;95393
"Islamabad,Pakistan";5;95398
"Warren,NewJersey";5;95403
"Smyrna,Georgia";5;95408
"Hudson,NewHampshire";5;95413
"Gaja-et-Villedieu,Francia";5;95418
"Cookeville,Tennessee";5;95423
"PrairieVillage,Kansas";5;95428
"Downingtown,Pennsylvania";5;95433
"Cooperstown,NewYork";5;95438
"Kentfield,California";5;95443
"DeLand,Florida";5;95448
"Revere,Massachusetts";5;95453
"Medford,NewJersey";5;95458
"Aurora,Canada";5;95463
"Croydon,Australia";5;95468
"Metairie,Louisiana";5;95473
"CitrusHeights,California";5;95478
"AmericanFork,Utah";5;95483
"Berkhamsted,RegnoUnito";5;95488
"Pittsburg,California";5;95493
"Wicklow,Irlanda";5;95498
"Whitby,Canada";5;95503
"Hillsborough,NorthCarolina";5;95508
"Vlaardingen,PaesiBassi";5;95513
"Nederland,Colorado";5;95518
"Victor,Idaho";5;95523
"Londonderry,RegnoUnito";5;95528
"JohnsonCity,Tennessee";5;95533
"Arlington,Washington";5;95538
"Dordrecht,PaesiBassi";5;95543
"Ely,RegnoUnito";5;95548
"Seaforth,Australia";5;95553
"Acton,Australia";5;95558
"Alberta,Canada";5;95563
"Livingston,Montana";5;95568
"Lisburn,RegnoUnito";5;95573
"FuquayVarina,NorthCarolina";5;95578
"NewSmyrnaBeach,Florida";5;95583
"Houilles,Francia";5;95588
"Phoenix,Oregon";5;95593
"SaintKildaWest,Australia";5;95598
"PortMoody,Canada";5;95603
"Owensboro,Kentucky";5;95608
"Laredo,Texas";5;95613
"HollySprings,NorthCarolina";5;95618
"Orangevale,California";5;95623
"Karlstad,Svezia";5;95628
"Caledonia,Michigan";5;95633
"Rosemead,California";5;95638
"Swords,Irlanda";5;95643
"Tangerang,Indonesia";5;95648
"PortolaValley,California";5;95653
"Tonbridge,RegnoUnito";5;95658
"Natal,Brasile";5;95663
"Langkawi,Malesia";5;95668
"Ridgefield,Connecticut";5;95673
"SaffronWalden,RegnoUnito";5;95678
"Felton,California";5;95683
"Madison,Alabama";5;95688
"Edgewater,NewJersey";5;95693
"Xi'an,Cina";5;95698
"Charleston,WestVirginia";5;95703
"Middleton,Wisconsin";5;95708
"EastLondon,Sudafrica";5;95713
"Gardnerville,Nevada";5;95718
"Pearland,Texas";5;95723
"Moraga,California";5;95728
"CrystalLake,Illinois";5;95733
"Holmdel,NewJersey";5;95738
"Kopavogur,Islanda";5;95743
"Chesterfield,Missouri";5;95748
"SterlingHeights,Michigan";5;95753
"T�rguMure?,Romania";5;95758
"Clarksville,Maryland";5;95763
"Langley,Washington";5;95768
"Walton-on-Thames,RegnoUnito";5;95773
"Westfield,Massachusetts";5;95778
"Cheshire,Connecticut";5;95783
"Lewiston,Idaho";5;95788
"Poynton,RegnoUnito";5;95793
"NewCanaan,Connecticut";5;95798
"Victorville,California";5;95803
"Zeeland,Michigan";5;95808
"Lee'sSummit,Missouri";5;95813
"Turlock,California";5;95818
"Milton,Florida";5;95823
"Albany,Australia";5;95828
"Bellevue,Nebraska";5;95833
"Farnborough,RegnoUnito";5;95838
"SaintJohn,Canada";5;95843
"Fajardo,Portorico";5;95848
"Northland,NuovaZelanda";5;95853
"Crestone,Colorado";5;95858
"Yucaipa,California";5;95863
"V�ster�s,Svezia";5;95868
"Giacartameridionale,Indonesia";5;95873
"Birkenhead,RegnoUnito";5;95878
"Kansas,StatiUniti";5;95883
"StKildaEast,Australia";5;95888
"Wenatchee,Washington";5;95893
"Deal,RegnoUnito";5;95898
"Hilliard,Ohio";5;95903
"Staines-upon-Thames,RegnoUnito";5;95908
"Ch�ne-Bougeries,Svizzera";5;95913
"Stoughton,Wisconsin";5;95918
"SanPedroGarzaGarc�a,Messico";5;95923
"CharterTownshipofClinton,Michigan";5;95928
"ColumbiaFalls,Montana";5;95933
"Nyack,NewYork";5;95938
"St.Charles,Illinois";5;95943
"NewYork,Iowa";5;95948
"IsoladiMan";5;95953
"Saint-Cloud,Francia";5;95958
"Carlisle,RegnoUnito";5;95963
"LakeintheHills,Illinois";5;95968
"PalmBay,Florida";5;95973
"PortMelbourne,Australia";5;95978
"Ota,Giappone";5;95983
"Independence,Missouri";5;95988
"Puebla,Messico";5;95993
"AtlanticCity,NewJersey";5;95998
"LaMadeleine,Francia";5;96003
"Marlow,RegnoUnito";5;96008
"Acton,Massachusetts";5;96013
"Hanalei,Hawaii";5;96018
"RapidCity,South";5;96023
"Kapolei,Hawaii";5;96028
"Penzance,RegnoUnito";5;96033
"Tournai,Belgio";5;96038
"Chelmsford,Massachusetts";5;96043
"Bor�s,Svezia";5;96048
"RockvilleCentre,NewYork";5;96053
"Ketchikan,Alaska";5;96058
"Neuilly-sur-Seine,Francia";5;96063
"LeMans,Francia";5;96068
"SpruceGrove,Canada";5;96073
"Delaware,StatiUniti";5;96078
"Erskineville,Australia";5;96083
"Randfontein,Sudafrica";5;96088
"Midvale,Utah";5;96093
"GreatNeck,NewYork";5;96098
"Gianyar,Indonesia";5;96103
"Bishop,California";5;96108
"Malvern,Pennsylvania";5;96113
"Truro,RegnoUnito";5;96118
"Southborough,Massachusetts";5;96123
"Fortaleza,Brasile";5;96128
"Fairfield,Iowa";5;96133
"Willemstad,Cura�ao";5;96138
"Netanya,Israele";5;96143
"Coralville,Iowa";5;96148
"Sequim,Washington";5;96153
"CedarCity,Utah";5;96158
"NeutralBay,Australia";5;96163
"Baviera,Germania";5;96168
"Naas,Irlanda";5;96173
"Saugerties,NewYork";5;96178
"LaPlata,Argentina";5;96183
"BadHomburg,Germania";5;96188
"Kittery,Maine";5;96193
"CivitanovaMarche,Italia";5;96198
"Winthrop,Massachusetts";5;96203
"Northfield,Minnesota";5;96208
"Abbotsford,Australia";5;96213
"Dhahran,ArabiaSaudita";5;96218
"Kandy,SriLanka";5;96223
"PortofSpain,TrinidadeTobago";5;96228
"Castelldefels,Spagna";5;96233
"Inverloch,Australia";5;96238
"Kuwait";5;96243
"NewFarm,Australia";5;96248
"Warwick,NewYork";5;96253
"Saint-Maur-des-Foss�s,Francia";5;96258
"Hillsborough,California";5;96263
"Salem,NewHampshire";5;96268
"Oegstgeest,PaesiBassi";5;96273
"Chongqing,Cina";5;96278
"Amersham,RegnoUnito";5;96283
"Pittsford,NewYork";5;96288
"Englewood,NewJersey";5;96293
"Troyes,Francia";5;96298
"Penfield,NewYork";5;96303
"GreatBarrington,Massachusetts";5;96308
"Wayne,NewJersey";5;96313
"Manaus,Brasile";5;96318
"ReggioEmilia,Italia";5;96323
"Celje,Slovenia";5;96328
"Feltham,RegnoUnito";5;96333
"Zaandam,PaesiBassi";5;96338
"Oakdale,California";5;96343
"Essaouira,Marocco";5;96348
"SanCristobaldelasCasas,Messico";5;96353
"CarmelValleyVillage,California";5;96358
"SanPedro,Belize";5;96363
"M�nchengladbach,Germania";5;96368
"Oia,Grecia";5;96373
"Brooksville,Maine";5;96378
"MargaretRiver,Australia";5;96383
"Budva,Montenegro";5;96388
"Esslingen,Germania";5;96393
"Palatine,Illinois";5;96398
"Flensburg,Germania";5;96403
"Madison,Connecticut";5;96408
"Harrison,NewJersey";5;96413
"Woodacre,California";5;96418
"Edgware,RegnoUnito";5;96423
"Ostend,Belgio";5;96428
"HeberCity,Utah";5;96433
"Alpine,Utah";5;96438
"Latina,Italia";5;96443
"Sparks,Nevada";5;96448
"Stourbridge,RegnoUnito";5;96453
"Udine,Italia";5;96458
"Sassari,Italia";5;96463
"Ajijic,Messico";5;96468
"Aventura,Florida";5;96473
"Neuch�tel,Svizzera";5;96478
"Boquete,Panama";5;96483
"DrippingSprings,Texas";5;96488
"Sackville,Canada";5;96493
"SanCrist�baldeLasCasas,Messico";5;96498
"WestSacramento,California";5;96503
"Riverview,Florida";5;96508
"Courtrai,Belgio";5;96513
"Eastsound,Washington";5;96518
"Saltsj�baden,Svezia";5;96523
"Sherwood,Oregon";5;96528
"Starksboro,Vermont";5;96533
"Wellfleet,Massachusetts";5;96538
"Rosendale,NewYork";5;96543
"VelikaGorica,Croazia";5;96548
"LakeMary,Florida";5;96553
"LennoxHead,Australia";5;96558
"Marburg,Germania";5;96563
"Flint,Michigan";5;96568
"BloomfieldHills,Michigan";5;96573
"Aalst,Belgio";5;96578
"Mansfield,Texas";5;96583
"Ingolstadt,Germania";5;96588
"PembrokePines,Florida";5;96593
"Garmisch-Partenkirchen,Germania";5;96598
"DistrettodiPiscataway,NewJersey";5;96603
"ChuoWard,Giappone";5;96608
"Horgen,Svizzera";5;96613
"Collingswood,NewJersey";5;96618
"Gauteng,Sudafrica";5;96623
"Lakewood,California";5;96628
"Goodyear,Arizona";5;96633
"Siegen,Germania";5;96638
"Cottesloe,Australia";5;96643
"Hingham,Massachusetts";5;96648
"Springfield,Massachusetts";5;96653
"Armidale,Australia";5;96658
"Barranquilla,Colombia";5;96663
"Estoril,Portogallo";5;96668
"Gresham,Oregon";5;96673
"SaintHelena,California";5;96678
"Itaja�,Brasile";5;96683
"SeaTac,Washington";5;96688
"Benalm�dena,Spagna";5;96693
"Venezuela";5;96698
"Wuhan,Cina";5;96703
"Namur,Belgio";5;96708
"Joinville,Brasile";5;96713
"Beaumont,Texas";5;96718
"Pijnacker,PaesiBassi";5;96723
"PortOrange,Florida";5;96728
"Dorchester,RegnoUnito";5;96733
"Hampton,Virginia";5;96738
"Collingwood,Canada";5;96743
"RagusaVecchia,Croazia";5;96748
"Hickory,NorthCarolina";5;96753
"Palmer,Alaska";5;96758
"Brunswick,Georgia";5;96763
"Barrington,Illinois";5;96768
"Jacksonville,Oregon";5;96773
"Bray,Irlanda";5;96778
"Woodbridge,RegnoUnito";5;96783
"Haymarket,Virginia";5;96788
"Romford,RegnoUnito";5;96793
"PuntaCana,RepubblicaDominicana";5;96798
"Rutherford,NewJersey";5;96803
"Hudson,Wisconsin";5;96808
"Conshohocken,Pennsylvania";5;96813
"Makawao,Hawaii";5;96818
"LaFortuna,CostaRica";5;96823
"Aarau,Svizzera";5;96828
"Islamorada,Florida";5;96833
"NewtonAbbot,RegnoUnito";5;96838
"Oporto,Portogallo";5;96843
"Delta,Utah";5;96848
"Duarte,California";5;96853
"Dover,Delaware";4;96857
"PortWashington,NewYork";4;96861
"Annemasse,Francia";4;96865
"Americana,Brasile";4;96869
"WaterfordTownship,Michigan";4;96873
"Petersham,Australia";4;96877
"Milford,Pennsylvania";4;96881
"Sainte-Ad�le,Canada";4;96885
"Tisbury,Massachusetts";4;96889
"ParkRidge,Illinois";4;96893
"Maroochydore,Australia";4;96897
"SiemReap,Cambogia";4;96901
"Wahiawa,Hawaii";4;96905
"S�borg,";4;96909
"LasVegas,NewMexico";4;96913
"Pasig,Filippine";4;96917
"FollyBeach,SouthCarolina";4;96921
"Sale,RegnoUnito";4;96925
"BuenaPark,California";4;96929
"ElCajon,California";4;96933
"Aveiro,Portogallo";4;96937
"Brookings,Oregon";4;96941
"AsburyPark,NewJersey";4;96945
"Getafe,Spagna";4;96949
"Harrison,NewYork";4;96953
"ElizabethBay,Australia";4;96957
"Shawnee,Kansas";4;96961
"Clark,NewJersey";4;96965
"Hornchurch,RegnoUnito";4;96969
"Alghero,Italia";4;96973
"Normal,Illinois";4;96977
"Warren,Michigan";4;96981
"BentleighEast,Australia";4;96985
"CrescentCity,California";4;96989
"Mandaluyong,Filippine";4;96993
"Liegi,Belgio";4;96997
"Christchurch,RegnoUnito";4;97001
"Ste.Genevieve,Missouri";4;97005
"Epping,Australia";4;97009
"Burleson,Texas";4;97013
"BattleGround,Washington";4;97017
"Sunbury,Australia";4;97021
"Menifee,California";4;97025
"Raglan,NuovaZelanda";4;97029
"PowellRiver,Canada";4;97033
"Fayetteville,Georgia";4;97037
"Zhuhai,Cina";4;97041
"GreatBookham,RegnoUnito";4;97045
"Jaipur,India";4;97049
"BlackRock,Australia";4;97053
"LaL�neadelaConcepci�n,Spagna";4;97057
"Valladolid,Messico";4;97061
"CairnsCity,Australia";4;97065
"Georgina,Canada";4;97069
"Osseo,Minnesota";4;97073
"Ribeir�oPreto,Brasile";4;97077
"CranberryTownship,Pennsylvania";4;97081
"Jaroslavl',Russia";4;97085
"Nacogdoches,Texas";4;97089
"Bathurst,Australia";4;97093
"Sandy,Oregon";4;97097
"StIves,Australia";4;97101
"Terrace,Canada";4;97105
"Chantilly,Francia";4;97109
"Margate,RegnoUnito";4;97113
"Wauwatosa,Wisconsin";4;97117
"Sidmouth,RegnoUnito";4;97121
"Stockbridge,Georgia";4;97125
"Thornbury,Australia";4;97129
"Newtown,Connecticut";4;97133
"Arden,NorthCarolina";4;97137
"WestMelbourne,Australia";4;97141
"Gillingham,RegnoUnito";4;97145
"SouthBallina,Australia";4;97149
"Dover,Massachusetts";4;97153
"Southall,RegnoUnito";4;97157
"Williamston,Michigan";4;97161
"Seaford,NewYork";4;97165
"Rochester,RegnoUnito";4;97169
"Perak,Malesia";4;97173
"Clayton,California";4;97177
"Biarritz,Francia";4;97181
"Olney,Maryland";4;97185
"Saginaw,Michigan";4;97189
"Stamford,RegnoUnito";4;97193
"Shrewsbury,Massachusetts";4;97197
"Weston,Florida";4;97201
"Cocoa,Florida";4;97205
"Bolzano,Italia";4;97209
"Tasman,NuovaZelanda";4;97213
"ParadiseValley,Arizona";4;97217
"Columbus,Mississippi";4;97221
"Ivanhoe,Australia";4;97225
"Okotoks,Canada";4;97229
"Canandaigua,NewYork";4;97233
"EauClaire,Wisconsin";4;97237
"Mandeville,Louisiana";4;97241
"Middletown,RhodeIsland";4;97245
"Korolyov,Russia";4;97249
"Astana,Kazakistan";4;97253
"CapelleaandenIJssel,PaesiBassi";4;97257
"Mequon,Wisconsin";4;97261
"Huntsville,Texas";4;97265
"Hurst,Texas";4;97269
"Lexington,SouthCarolina";4;97273
"Morrisville,Pennsylvania";4;97277
"Edogawa,Giappone";4;97281
"Nuneaton,RegnoUnito";4;97285
"MountWaverley,Australia";4;97289
"Millbrae,California";4;97293
"Marlborough,Massachusetts";4;97297
"Lindfield,Australia";4;97301
"AuburnHills,Michigan";4;97305
"MalvernEast,Australia";4;97309
"HotSprings,Arkansas";4;97313
"KefarSava,Israele";4;97317
"MenomoneeFalls,Wisconsin";4;97321
"Glenbrook,Australia";4;97325
"Kentucky,StatiUniti";4;97329
"Cobb,California";4;97333
"Burwood,Australia";4;97337
"Ni�,Serbia";4;97341
"LalorPark,Australia";4;97345
"ApolloBay,Australia";4;97349
"Leverkusen,Germania";4;97353
"PrinceEdwardIsland,Canada";4;97357
"Wimberley,Texas";4;97361
"Hawke'sBay,NuovaZelanda";4;97365
"Bonaire,Georgia";4;97369
"Tracy,California";4;97373
"Bunkyo,Giappone";4;97377
"Kenmore,Washington";4;97381
"Keller,Texas";4;97385
"DesPlaines,Illinois";4;97389
"Boerne,Texas";4;97393
"NorthAugusta,SouthCarolina";4;97397
"Mouvaux,Francia";4;97401
"Pittsford,Vermont";4;97405
"Woodstock,Illinois";4;97409
"Delafield,Wisconsin";4;97413
"Olga,Washington";4;97417
"Palmdale,California";4;97421
"Rockford,Michigan";4;97425
"TheGap,Australia";4;97429
"Leichhardt,Australia";4;97433
"Circleville,Ohio";4;97437
"Burlington,Massachusetts";4;97441
"Bartlesville,Oklahoma";4;97445
"Camden,Maine";4;97449
"Grayslake,Illinois";4;97453
"NorthCharleston,SouthCarolina";4;97457
"Holon,Israele";4;97461
"Kingston,Massachusetts";4;97465
"Dunfermline,RegnoUnito";4;97469
"EastMeadow,NewYork";4;97473
"Agrigento,Italia";4;97477
"Ponce,Portorico";4;97481
"Medan,Indonesia";4;97485
"Bloomington,Minnesota";4;97489
"Farmingdale,NewYork";4;97493
"RockyPoint,NewYork";4;97497
"Kumamoto,Giappone";4;97501
"Florianopolis,Brasile";4;97505
"Beachwood,Ohio";4;97509
"Dubuque,Iowa";4;97513
"Middletown,California";4;97517
"Natchez,Mississippi";4;97521
"MoorePark,Australia";4;97525
"Glyfada,Grecia";4;97529
"Rumson,NewJersey";4;97533
"Lettonia";4;97537
"MerrittIsland,Florida";4;97541
"Marion,Iowa";4;97545
"Barbados";4;97549
"Bernards,NewJersey";4;97553
"Hanover,Pennsylvania";4;97557
"CoonRapids,Minnesota";4;97561
"Lewiston,Maine";4;97565
"Newmarket,Australia";4;97569
"HighlandVillage,Texas";4;97573
"Bagnes,Svizzera";4;97577
"Surbiton,RegnoUnito";4;97581
"Kennebunkport,Maine";4;97585
"Narrabeen,Australia";4;97589
"Carcassonne,Francia";4;97593
"Greer,SouthCarolina";4;97597
"Akureyri,Islanda";4;97601
"Rovaniemi,Finlandia";4;97605
"Redfern,Australia";4;97609
"Poulsbo,Washington";4;97613
"Springboro,Ohio";4;97617
"TrabucoCanyon,California";4;97621
"PanamaCity,Florida";4;97625
"Hattiesburg,Mississippi";4;97629
"Newark,California";4;97633
"Stevenage,RegnoUnito";4;97637
"Hopkins,Minnesota";4;97641
"Rockport,Maine";4;97645
"Croton-on-Hudson,NewYork";4;97649
"Stillwater,Minnesota";4;97653
"OakRidge,Tennessee";4;97657
"Ambato,Ecuador";4;97661
"EastProvidence,RhodeIsland";4;97665
"Halesowen,RegnoUnito";4;97669
"FranklinTownship,NewJersey";4;97673
"Barrington,RhodeIsland";4;97677
"Edgartown,Massachusetts";4;97681
"MountMartha,Australia";4;97685
"WelwynGardenCity,RegnoUnito";4;97689
"MountJuliet,Tennessee";4;97693
"Wildomar,California";4;97697
"Adeje,Spagna";4;97701
"CrownPoint,Indiana";4;97705
"Wayland,Massachusetts";4;97709
"Rochester,Illinois";4;97713
"Fleet,RegnoUnito";4;97717
"Bruce,Australia";4;97721
"Sylvania,Ohio";4;97725
"CedarPark,Texas";4;97729
"Noblesville,Indiana";4;97733
"Camberwell,Australia";4;97737
"Merrimack,NewHampshire";4;97741
"Wahroonga,Australia";4;97745
"Fletcher,NorthCarolina";4;97749
"ChesterSprings,Pennsylvania";4;97753
"Leander,Texas";4;97757
"MillCreek,Washington";4;97761
"Guilford,Vermont";4;97765
"CaveCreek,Arizona";4;97769
"Uithoorn,PaesiBassi";4;97773
"Merrick,NewYork";4;97777
"PennantHills,Australia";4;97781
"Stafford,Virginia";4;97785
"Sevenoaks,RegnoUnito";4;97789
"Yeovil,RegnoUnito";4;97793
"Makaha,Hawaii";4;97797
"Katoomba,Australia";4;97801
"Weaverville,NorthCarolina";4;97805
"Weymouth,RegnoUnito";4;97809
"Ammanford,RegnoUnito";4;97813
"Cody,Wyoming";4;97817
"Solihull,RegnoUnito";4;97821
"Sardegna,Italia";4;97825
"Ellington,Connecticut";4;97829
"Cagnes-sur-Mer,Francia";4;97833
"Delhi,India";4;97837
"Vermilion,Ohio";4;97841
"EastOrange,NewJersey";4;97845
"MeridiancharterTownship,Michigan";4;97849
"NiagaraFalls,NewYork";4;97853
"GrandForks,North";4;97857
"KillDevilHills,NorthCarolina";4;97861
"Clarksville,Tennessee";4;97865
"Maia,Portogallo";4;97869
"Kalispell,Montana";4;97873
"Riverton,Utah";4;97877
"Shelton,Connecticut";4;97881
"SpanishFork,Utah";4;97885
"SaintIves,RegnoUnito";4;97889
"Rye,NewYork";4;97893
"Newburgh,NewYork";4;97897
"Redmond,Oregon";4;97901
"EstesPark,Colorado";4;97905
"CairoGovernorate,Egitto";4;97909
"Yongin,CoreadelSud";4;97913
"Pasco,Washington";4;97917
"Marysville,California";4;97921
"Villanova,Pennsylvania";4;97925
"HuntingtonWoods,Michigan";4;97929
"S�oJos�dosCampos,Brasile";4;97933
"ChonBuri,Tailandia";4;97937
"MorrisPlains,NewJersey";4;97941
"Gunnison,Colorado";4;97945
"Oundle,RegnoUnito";4;97949
"Noisy-le-Sec,Francia";4;97953
"Coupeville,Washington";4;97957
"Thornton,Colorado";4;97961
"Vermillion,South";4;97965
"PittMeadows,Canada";4;97969
"Plymouth,Wisconsin";4;97973
"CuyahogaFalls,Ohio";4;97977
"Kufstein,Austria";4;97981
"Modi'in-Maccabim-Re'ut,Israele";4;97985
"Duxbury,Massachusetts";4;97989
"Tarragona,Spagna";4;97993
"Cowbridge,RegnoUnito";4;97997
"LaPuente,California";4;98001
"Beverly,Massachusetts";4;98005
"RedLion,Pennsylvania";4;98009
"Accra,Ghana";4;98013
"Sooke,Canada";4;98017
"Roskilde,";4;98021
"MossVale,Australia";4;98025
"ForestLodge,Australia";4;98029
"BayCity,Michigan";4;98033
"Douai,Francia";4;98037
"Taormina,Italia";4;98041
"Easley,SouthCarolina";4;98045
"PeloponnisosDytikiElladakeIonio,Grecia";4;98049
"Manlius,NewYork";4;98053
"Antelope,California";4;98057
"KwaZulu-Natal,Sudafrica";4;98061
"Greencastle,Pennsylvania";4;98065
"Bromley,RegnoUnito";4;98069
"LosAlamos,NewMexico";4;98073
"StoneMountain,Georgia";4;98077
"Visby,Svezia";4;98081
"Belgrave,Australia";4;98085
"Washington,Utah";4;98089
"MountLaurel,NewJersey";4;98093
"EastStroudsburg,Pennsylvania";4;98097
"YorktownHeights,NewYork";4;98101
"WestWindsorTownship,NewJersey";4;98105
"Elizabethtown,Pennsylvania";4;98109
"R�sselsheim,Germania";4;98113
"Placentia,California";4;98117
"Tijeras,NewMexico";4;98121
"Simsbury,Connecticut";4;98125
"Wilson,Wyoming";4;98129
"Santander,Spagna";4;98133
"Gastonia,NorthCarolina";4;98137
"Amalfi,Italia";4;98141
"Euless,Texas";4;98145
"Armadale,Australia";4;98149
"RanchoSantaFe,California";4;98153
"Putney,Vermont";4;98157
"SpokaneValley,Washington";4;98161
"PalmerstonNorth,NuovaZelanda";4;98165
"Sechelt,Canada";4;98169
"WestDrayton,RegnoUnito";4;98173
"Oceanside,NewYork";4;98177
"Baraboo,Wisconsin";4;98181
"Woburn,Massachusetts";4;98185
"Waipahu,Hawaii";4;98189
"Newquay,RegnoUnito";4;98193
"Salina,Kansas";4;98197
"Paramus,NewJersey";4;98201
"Kirkland,Canada";4;98205
"SantaMarta,Colombia";4;98209
"CottageGrove,Oregon";4;98213
"SouthWindsor,Connecticut";4;98217
"Borehamwood,RegnoUnito";4;98221
"LaGrange,Kentucky";4;98225
"Vannes,Francia";4;98229
"Ilfracombe,RegnoUnito";4;98233
"Wynnewood,Pennsylvania";4;98237
"Hatfield,RegnoUnito";4;98241
"Holyoke,Massachusetts";4;98245
"Paonia,Colorado";4;98249
"Burtonsville,Maryland";4;98253
"SantaCruzlaLaguna,Guatemala";4;98257
"BadHonnef,Germania";4;98261
"Greenfield,Massachusetts";4;98265
"Colombes,Francia";4;98269
"Bowral,Australia";4;98273
"Besan�on,Francia";4;98277
"Amadora,Portogallo";4;98281
"Kelseyville,California";4;98285
"HuaHin,Tailandia";4;98289
"Leicester,NorthCarolina";4;98293
"HamptonBays,NewYork";4;98297
"F�rth,Germania";4;98301
"Kingston,Australia";4;98305
"StevensPoint,Wisconsin";4;98309
"Odder,";4;98313
"Lahore,Pakistan";4;98317
"StAlbans,RegnoUnito";4;98321
"AddisAbaba,Etiopia";4;98325
"Bronxville,NewYork";4;98329
"Chaplin,Connecticut";4;98333
"SantiagodelosCaballeros,RepubblicaDominicana";4;98337
"Andover,RegnoUnito";4;98341
"Patong,Tailandia";4;98345
"Shaftesbury,RegnoUnito";4;98349
"Ni�nijNovgorod,Russia";4;98353
"Maroubra,Australia";4;98357
"Chamonix,Francia";4;98361
"Plainville,Connecticut";4;98365
"Bodrum,Turchia";4;98369
"LaPaz,Messico";4;98373
"Fontenay-sous-Bois,Francia";4;98377
"Alpine,Texas";4;98381
"Essex,Connecticut";4;98385
"SouthKuta,Indonesia";4;98389
"CharlotteAmalie,IsoleVerginiAmericane";4;98393
"Barnet,RegnoUnito";4;98397
"Worms,Germania";4;98401
"Sorrento,Italia";4;98405
"Sheffield,Massachusetts";4;98409
"Kyle,Texas";4;98413
"Noosaville,Australia";4;98417
"Pawtucket,RhodeIsland";4;98421
"Richmond,Vermont";4;98425
"Eumundi,Australia";4;98429
"Saint-Ouen,Francia";4;98433
"MueangPhuket,Tailandia";4;98437
"Illawong,Australia";4;98441
"Wilbraham,Massachusetts";4;98445
"Legnano,Italia";4;98449
"Ludwigsburg,Germania";4;98453
"Nerja,Spagna";4;98457
"Mildura,Australia";4;98461
"Negombo,SriLanka";4;98465
"Jeju-si,CoreadelSud";4;98469
"LakeStevens,Washington";4;98473
"Lincoln,Massachusetts";4;98477
"Kernersville,NorthCarolina";4;98481
"Footscray,Australia";4;98485
"MortonGrove,Illinois";4;98489
"Saint-Nazaire,Francia";4;98493
"ForestGrove,Oregon";4;98497
"Bellaire,Texas";4;98501
"Williamsburg,Massachusetts";4;98505
"Oviedo,Spagna";4;98509
"Perm',Russia";4;98513
"Altrincham,RegnoUnito";4;98517
"Tervuren,Belgio";4;98521
"BigPineKey,Florida";4;98525
"Dingle,Irlanda";4;98529
"Naha,Giappone";4;98533
"Giza,Egitto";4;98537
"TwinFalls,Idaho";4;98541
"Mid-Cambridge,Massachusetts";4;98545
"Maspalomas,Spagna";4;98549
"AguaDulce,California";4;98553
"PanamaCityBeach,Florida";4;98557
"Lincoln,Vermont";4;98561
"Kotor,Montenegro";4;98565
"Crozet,Virginia";4;98569
"SantaEul�riadesRiu,Spagna";4;98573
"BelAir,Maryland";4;98577
"Vladivostok,Russia";4;98581
"ChiangRai,Tailandia";4;98585
"Manama,Bahrein";4;98589
"MapleValley,Washington";4;98593
"Voorburg,PaesiBassi";4;98597
"Saitama,Giappone";4;98601
"Westmount,Canada";4;98605
"Levis,Canada";4;98609
"Sint-Niklaas,Belgio";4;98613
"Clifton,NewJersey";4;98617
"Cornelius,NorthCarolina";4;98621
"Elkridge,Maryland";4;98625
"NewAlbany,Indiana";4;98629
"Conroe,Texas";4;98633
"Comrie,RegnoUnito";4;98637
"Ulsan,CoreadelSud";4;98641
"Cholet,Francia";4;98645
"Marocco";4;98649
"Taylors,SouthCarolina";4;98653
"Evesham,RegnoUnito";4;98657
"Seghedino,Ungheria";4;98661
"Atenas,CostaRica";4;98665
"Eltham,Australia";4;98669
"WheatRidge,Colorado";4;98673
"Vanves,Francia";4;98677
"Plainfield,Illinois";4;98681
"NewMalden,RegnoUnito";4;98685
"Oliver,Canada";4;98689
"Ischia,Italia";4;98693
"NewPaltz,NewYork";4;98697
"Sendai,Giappone";4;98701
"Puteaux,Francia";4;98705
"Lecco,Italia";4;98709
"Celle,Germania";4;98713
"Catalogna,Spagna";4;98717
"Agadir,Marocco";4;98721
"Annerley,Australia";4;98725
"Salta,Argentina";4;98729
"Camas,Washington";4;98733
"Orange,Australia";4;98737
"Para�aque,Filippine";4;98741
"Easton,Massachusetts";4;98745
"Aruba";4;98749
"GreenValley,Arizona";4;98753
"SaintCharles,Illinois";4;98757
"Manchester,Vermont";4;98761
"Seminole,Florida";4;98765
"BassanodelGrappa,Italia";4;98769
"Powell,Ohio";4;98773
"Philomath,Oregon";4;98777
"Nevada,StatiUniti";4;98781
"LakePlacid,NewYork";4;98785
"RedBank,NewJersey";4;98789
"Bloemendaal,PaesiBassi";4;98793
"Grahamstown,Sudafrica";4;98797
"Williamstown,Australia";4;98801
"Kampala,Uganda";4;98805
"Mittagong,Australia";4;98809
"Nara,Giappone";4;98813
"Fairport,NewYork";4;98817
"Arezzo,Italia";4;98821
"TodosSantos,Messico";4;98825
"Hellerup,";4;98829
"IndianWells,California";4;98833
"Freshwater,Australia";4;98837
"Greeley,Colorado";4;98841
"BocasdelToroProvince,Panama";4;98845
"Olten,Svizzera";4;98849
"Cornwall,Canada";4;98853
"Jindabyne,Australia";4;98857
"EastWindsor,NewJersey";4;98861
"SaintJohns,Florida";4;98865
"Cibolo,Texas";4;98869
"Charlotte,Vermont";4;98873
"Watsonville,California";4;98877
"Hartford,Vermont";4;98881
"Stanmore,RegnoUnito";4;98885
"Tamarindo,CostaRica";4;98889
"OakHarbor,Washington";4;98893
"Mantua,Italia";4;98897
"Carmarthen,RegnoUnito";4;98901
"SaintCharles,Missouri";4;98905
"Algeciras,Spagna";4;98909
"Dulles,Virginia";4;98913
"Laval,Francia";4;98917
"Yomitan,Giappone";4;98921
"Monroe,NewYork";4;98925
"Placitas,NewMexico";4;98929
"Heathmont,Australia";4;98933
"Friedrichshafen,Germania";4;98937
"Wakefield,Massachusetts";4;98941
"Mijas,Spagna";4;98945
"Cartagena,Spagna";4;98949
"Mombasa,Kenya";4;98953
"GroverBeach,California";4;98957
"Arusha,Tanzania";4;98961
"Malmesbury,RegnoUnito";4;98965
"Nehalem,Oregon";4;98969
"Woodside,California";4;98973
"Ross-on-Wye,RegnoUnito";4;98977
"Brasschaat,Belgio";4;98981
"Thera,Grecia";4;98985
"Corniglia,Italia";4;98989
"Ericeira,Portogallo";4;98993
"ChalfontSaintPeter,RegnoUnito";4;98997
"Pleasantville,NewYork";4;99001
"MountRoyal,Canada";4;99005
"Cobourg,Canada";4;99009
"Colares,Portogallo";4;99013
"Mendoza,Argentina";4;99017
"LymeRegis,RegnoUnito";4;99021
"Bergen,PaesiBassi";4;99025
"Hialeah,Florida";4;99029
"Honokaa,Hawaii";4;99033
"Messina,Italia";4;99037
"Karratha,Australia";4;99041
"BuffaloGrove,Illinois";4;99045
"Broadbeach,Australia";4;99049
"Solna,Svezia";4;99053
"Yerevan,Armenia";4;99057
"LaConner,Washington";4;99061
"SanJuandelSur,Nicaragua";4;99065
"Bunbury,Australia";4;99069
"OysterBay,NewYork";4;99073
"Harwich,Massachusetts";4;99077
"Castanea,Pennsylvania";4;99081
"RobertsCreek,Canada";4;99085
"Trinidad,California";4;99089
"Bristol,RhodeIsland";4;99093
"Vietnam";4;99097
"ThamesDitton,RegnoUnito";4;99101
"Gentilly,Francia";4;99105
"Brighton,Colorado";4;99109
"Redhill,RegnoUnito";4;99113
"Mashpee,Massachusetts";4;99117
"Pelham,Massachusetts";4;99121
"Ottignies-Louvain-la-Neuve,Belgio";4;99125
"Corfu,Grecia";4;99129
"Sondrio,Italia";4;99133
"Bishop'sStortford,RegnoUnito";4;99137
"Naucalpan,Messico";4;99141
"Bicton,Australia";4;99145
"Halle,Belgio";4;99149
"FortSaintJohn,Canada";4;99153
"Mons,Belgio";4;99157
"Bridgetown,Barbados";4;99161
"Clive,Iowa";4;99165
"K�pavogur,Islanda";4;99169
"Cipro";4;99173
"SantaMaria,California";4;99177
"Cortland,NewYork";4;99181
"Reigate,RegnoUnito";4;99185
"ColdLake,Canada";4;99189
"ThessaliaStereaEllada,Grecia";4;99193
"Perpignano,Francia";4;99197
"Rivas-Vaciamadrid,Spagna";4;99201
"Nutley,NewJersey";4;99205
"SantiagodeCompostela,Spagna";4;99209
"Haddonfield,NewJersey";4;99213
"Paignton,RegnoUnito";4;99217
"ChaddsFord,Pennsylvania";4;99221
"HoneoyeFalls,NewYork";4;99225
"Rosario,Argentina";4;99229
"Udaipur,India";4;99233
"PicoRivera,California";4;99237
"Ocoee,Florida";4;99241
"SalmonArm,Canada";4;99245
"BatteryPoint,Australia";4;99249
"BuenaVista,Colorado";4;99253
"Hornsby,Australia";4;99257
"MonroeTownship,NewJersey";4;99261
"Citt�diLondra,RegnoUnito";4;99265
"WichitaFalls,Texas";4;99269
"Baar,Svizzera";4;99273
"Chatham,RegnoUnito";4;99277
"Buckingham,RegnoUnito";4;99281
"Sagaponack,NewYork";4;99285
"Billericay,RegnoUnito";4;99289
"Medbourne,RegnoUnito";4;99293
"Bristol,Connecticut";4;99297
"Howell,Michigan";4;99301
"DoverHeights,Australia";4;99305
"MorongoValley,California";4;99309
"Gwangju,CoreadelSud";4;99313
"RedBluff,California";4;99317
"Bandon,Oregon";4;99321
"Reservoir,Australia";4;99325
"Phoenicia,NewYork";4;99329
"Fareham,RegnoUnito";4;99333
"GreenwoodVillage,Colorado";4;99337
"SanTanValley,Arizona";4;99341
"Feldkirch,Austria";4;99345
"Evora,Portogallo";3;99348
"Kenya";3;99351
"PointLookout,Australia";3;99354
"EastGreenwich,RhodeIsland";3;99357
"Aalsmeer,PaesiBassi";3;99360
"Airdrie,Canada";3;99363
"Parati,Brasile";3;99366
"Sarzeau,Francia";3;99369
"Shepperton,RegnoUnito";3;99372
"Hofheim,Germania";3;99375
"Vevey,Svizzera";3;99378
"Longmeadow,Massachusetts";3;99381
"DiamondCreek,Australia";3;99384
"LasRozas,Spagna";3;99387
"Haverhill,Massachusetts";3;99390
"Limoges,Francia";3;99393
"Paphos,Cipro";3;99396
"Isleworth,RegnoUnito";3;99399
"Gladstone,Oregon";3;99402
"Caernarfon,RegnoUnito";3;99405
"BatemansBay,Australia";3;99408
"Irmo,SouthCarolina";3;99411
"Cremona,Italia";3;99414
"Hockessin,Delaware";3;99417
"Bia?ystok,Polonia";3;99420
"Westport,Canada";3;99423
"Bucaramanga,Colombia";3;99426
"SaintPeters,Missouri";3;99429
"MountGravattEast,Australia";3;99432
"Cotati,California";3;99435
"Lithia,Florida";3;99438
"Lafayette,Indiana";3;99441
"Williston,North";3;99444
"Rota,Spagna";3;99447
"Prestwich,RegnoUnito";3;99450
"Westcourt,Australia";3;99453
"SeaCliff,NewYork";3;99456
"EastLyme,Connecticut";3;99459
"Seaside,Oregon";3;99462
"Waterford,Connecticut";3;99465
"Wolcott,Vermont";3;99468
"Andover,Minnesota";3;99471
"Sagle,Idaho";3;99474
"Mission,Kansas";3;99477
"Noisy-le-Grand,Francia";3;99480
"Redcar,RegnoUnito";3;99483
"RockyHill,Connecticut";3;99486
"Guaynabo,Portorico";3;99489
"Bethpage,NewYork";3;99492
"Knowle,RegnoUnito";3;99495
"Stowmarket,RegnoUnito";3;99498
"Worcester,RegnoUnito";3;99501
"Wilmington,Massachusetts";3;99504
"Blumenau,Brasile";3;99507
"Healesville,Australia";3;99510
"LakeElsinore,California";3;99513
"Blairsville,Georgia";3;99516
"Hemet,California";3;99519
"HaywardsHeath,RegnoUnito";3;99522
"Maisons-Alfort,Francia";3;99525
"Wolfville,Canada";3;99528
"LakeLure,NorthCarolina";3;99531
"Lindsay,Canada";3;99534
"TaiwanProvince,Taiwan";3;99537
"Mildenhall,RegnoUnito";3;99540
"SanBernardino,California";3;99543
"Meath,Irlanda";3;99546
"Alajuela,CostaRica";3;99549
"Biggleswade,RegnoUnito";3;99552
"J?rmala,Lettonia";3;99555
"Kearney,Nebraska";3;99558
"Ramsey,NewJersey";3;99561
"Clemmons,NorthCarolina";3;99564
"Noord,Aruba";3;99567
"Stettino,Polonia";3;99570
"Bassersdorf,Svizzera";3;99573
"Lymington,RegnoUnito";3;99576
"Slidell,Louisiana";3;99579
"Hammond,Louisiana";3;99582
"BallstonSpa,NewYork";3;99585
"CameronPark,California";3;99588
"AscotVale,Australia";3;99591
"Skokie,Illinois";3;99594
"Illkirch,Francia";3;99597
"Beverley,RegnoUnito";3;99600
"Labrador,Australia";3;99603
"IsoleCayman";3;99606
"EastBrisbane,Australia";3;99609
"Belper,RegnoUnito";3;99612
"Ungheria";3;99615
"Yeppoon,Australia";3;99618
"OrangePark,Florida";3;99621
"Thalwil,Svizzera";3;99624
"RepubblicaDominicana";3;99627
"Granbury,Texas";3;99630
"WestRyde,Australia";3;99633
"Bundoora,Australia";3;99636
"OrangeBeach,Alabama";3;99639
"Madison,Mississippi";3;99642
"Wilkes-Barre,Pennsylvania";3;99645
"MardelPlata,Argentina";3;99648
"HazelGrove,RegnoUnito";3;99651
"Taringa,Australia";3;99654
"CharltonKings,RegnoUnito";3;99657
"St.Catharines,Canada";3;99660
"SaintHelens,Oregon";3;99663
"Ultimo,Australia";3;99666
"Akron,NewYork";3;99669
"Clausthal-Zellerfeld,Germania";3;99672
"Carbondale,Illinois";3;99675
"Martinsburg,WestVirginia";3;99678
"EastGwillimbury,Canada";3;99681
"PuertoViejodeTalamanca,CostaRica";3;99684
"Huntsville,Canada";3;99687
"Overijse,Belgio";3;99690
"Jericho,NewYork";3;99693
"RochesterHills,Michigan";3;99696
"Mosta,Malta";3;99699
"Vejle,";3;99702
"Goes,PaesiBassi";3;99705
"Beaconsfield,RegnoUnito";3;99708
"NewCumberland,Pennsylvania";3;99711
"Bolingbrook,Illinois";3;99714
"Tamworth,Australia";3;99717
"Belfort,Francia";3;99720
"Blois,Francia";3;99723
"Newark-on-Trent,RegnoUnito";3;99726
"Wallingford,RegnoUnito";3;99729
"Viviers,Francia";3;99732
"St-Chamond,Francia";3;99735
"Pasadena,Texas";3;99738
"Mooloolaba,Australia";3;99741
"Bloomsburg,Pennsylvania";3;99744
"Sayville,NewYork";3;99747
"KiamaDowns,Australia";3;99750
"Manizales,Colombia";3;99753
"Southbury,Connecticut";3;99756
"JeffersonCity,Missouri";3;99759
"Tourcoing,Francia";3;99762
"Grinnell,Iowa";3;99765
"Varennes,Canada";3;99768
"Jonesboro,Georgia";3;99771
"Haverford,Pennsylvania";3;99774
"Lilydale,Australia";3;99777
"Roodepoort,Sudafrica";3;99780
"OceanSprings,Mississippi";3;99783
"Lillehammer,Norvegia";3;99786
"Braga,Portogallo";3;99789
"Ella,SriLanka";3;99792
"LaneCove,Australia";3;99795
"Argovia,Svizzera";3;99798
"Chiyoda,Giappone";3;99801
"WorcesterPark,RegnoUnito";3;99804
"Spotswood,Australia";3;99807
"RanchoCordova,California";3;99810
"Wasilla,Alaska";3;99813
"Prineville,Oregon";3;99816
"Leonberg,Germania";3;99819
"Basalt,Colorado";3;99822
"CagayandeOro,Filippine";3;99825
"Quakertown,Pennsylvania";3;99828
"Killeen,Texas";3;99831
"Concepci�n,Cile";3;99834
"Buttwil,Svizzera";3;99837
"Chelsea,Alabama";3;99840
"Estonia";3;99843
"Lexington,NorthCarolina";3;99846
"Holden,Massachusetts";3;99849
"Morrisville,NorthCarolina";3;99852
"Waxhaw,NorthCarolina";3;99855
"KennettSquare,Pennsylvania";3;99858
"Middleborough,Massachusetts";3;99861
"Turchia";3;99864
"ScottsValley,California";3;99867
"Erie,Colorado";3;99870
"Snoqualmie,Washington";3;99873
"Apopka,Florida";3;99876
"Giordania";3;99879
"JerezdelaFrontera,Spagna";3;99882
"Kirkwood,Missouri";3;99885
"SierraVista,Arizona";3;99888
"GrandHaven,Michigan";3;99891
"Strathfield,Australia";3;99894
"NorthRichlandHills,Texas";3;99897
"Como,Australia";3;99900
"Monroe,Louisiana";3;99903
"Portlaoise,Irlanda";3;99906
"Georgetown,Massachusetts";3;99909
"Hampton,NewHampshire";3;99912
"Batavia,Illinois";3;99915
"HaltonHills,Canada";3;99918
"Kinvarra,Irlanda";3;99921
"Barking,RegnoUnito";3;99924
"Holbrook,NewYork";3;99927
"Tivoli,NewYork";3;99930
"Payneham,Australia";3;99933
"Terrigal,Australia";3;99936
"Singleton,Australia";3;99939
"Mishawaka,Indiana";3;99942
"Wheeling,Illinois";3;99945
"Cranford,NewJersey";3;99948
"V�xj�,Svezia";3;99951
"NewBoston,NewHampshire";3;99954
"NewAlbany,Ohio";3;99957
"Bismarck,North";3;99960
"Wallingford,Connecticut";3;99963
"Coatbridge,RegnoUnito";3;99966
"WinterGarden,Florida";3;99969
"Brooklet,Australia";3;99972
"Villemomble,Francia";3;99975
"Ipswich,Massachusetts";3;99978
"Bretagna,Francia";3;99981
"Heswall,RegnoUnito";3;99984
"Grimsargh,RegnoUnito";3;99987
"RedLodge,Montana";3;99990
"Colombia,Colombia";3;99993
"Winthrop,Washington";3;99996
"Sellersville,Pennsylvania";3;99999
"Greenlawn,NewYork";3;100002
"Bellflower,California";3;100005
"SandiaPark,NewMexico";3;100008
"Cochabamba,Bolivia";3;100011
"Waukegan,Illinois";3;100014
"Catalunya,Spagna";3;100017
"Assisi,Italia";3;100020
"Berea,Ohio";3;100023
"Arequipa,Per�";3;100026
"WestPennantHills,Australia";3;100029
"KingCity,Canada";3;100032
"VoivodatodellaMasovia,Polonia";3;100035
"DiscoveryBay,California";3;100038
"DistrictofColumbia,StatiUniti";3;100041
"Hampstead,NewHampshire";3;100044
"Portage,Indiana";3;100047
"Elmont,NewYork";3;100050
"Brockenhurst,RegnoUnito";3;100053
"PathumThani,Tailandia";3;100056
"Huntington,WestVirginia";3;100059
"Deerfield,Illinois";3;100062
"Ca�onCity,Colorado";3;100065
"CanalWinchester,Ohio";3;100068
"MississippiMills,Canada";3;100071
"Provenza-Alpi-CostaAzzurra,Francia";3;100074
"Welland,Canada";3;100077
"Bussum,PaesiBassi";3;100080
"Huntersville,NorthCarolina";3;100083
"Salida,Colorado";3;100086
"Manresa,Spagna";3;100089
"EastWenatchee,Washington";3;100092
"S�oCaetanodoSul,Brasile";3;100095
"Ooltewah,Tennessee";3;100098
"Skelmersdale,RegnoUnito";3;100101
"Chardon,Ohio";3;100104
"Tupelo,Mississippi";3;100107
"Carnation,Washington";3;100110
"SunPrairie,Wisconsin";3;100113
"Biloxi,Mississippi";3;100116
"LakeHavasuCity,Arizona";3;100119
"MonterossoalMare,Italia";3;100122
"LaHabra,California";3;100125
"Clare,Irlanda";3;100128
"Douglasville,Georgia";3;100131
"Julian,California";3;100134
"Centralia,Washington";3;100137
"Warrington,Pennsylvania";3;100140
"G�tersloh,Germania";3;100143
"HappyValley,Oregon";3;100146
"Brick,NewJersey";3;100149
"SouthBurlington,Vermont";3;100152
"PointReyesStation,California";3;100155
"Alvernia-Rodano-Alpi,Francia";3;100158
"Burlington,NorthCarolina";3;100161
"Revelstoke,Canada";3;100164
"Luton,RegnoUnito";3;100167
"Leamington,Canada";3;100170
"Tyler,Texas";3;100173
"Marshfield,Massachusetts";3;100176
"Syosset,NewYork";3;100179
"Chippenham,RegnoUnito";3;100182
"Varberg,Svezia";3;100185
"Wrightwood,California";3;100188
"Methuen,Massachusetts";3;100191
"KewEast,Australia";3;100194
"Oberursel,Germania";3;100197
"Elfrida,Arizona";3;100200
"GlenIris,Australia";3;100203
"Karachi,Pakistan";3;100206
"CornerBrook,Canada";3;100209
"HighPoint,NorthCarolina";3;100212
"Oklahoma,StatiUniti";3;100215
"Lisboa,Portogallo";3;100218
"SanLuisPotosi,Messico";3;100221
"Bushey,RegnoUnito";3;100224
"Putney,Australia";3;100227
"MountPritchard,Australia";3;100230
"Grays,RegnoUnito";3;100233
"Ruston,Louisiana";3;100236
"Hayes,RegnoUnito";3;100239
"Beaune,Francia";3;100242
"Kirkkonummi,Finlandia";3;100245
"Wadsworth,Illinois";3;100248
"Mankato,Minnesota";3;100251
"Donvale,Australia";3;100254
"Lostwithiel,RegnoUnito";3;100257
"SaratogaSprings,Utah";3;100260
"HerediaProvince,CostaRica";3;100263
"Bearsden,RegnoUnito";3;100266
"BellaVista,Australia";3;100269
"Lenexa,Kansas";3;100272
"PrinceEdward,Canada";3;100275
"Mangaluru,India";3;100278
"Waterways,Australia";3;100281
"Porterville,California";3;100284
"Hawker,Australia";3;100287
"Yerres,Francia";3;100290
"Villeurbanne,Francia";3;100293
"FallRiver,Massachusetts";3;100296
"Fairview,Oregon";3;100299
"Plymouth,Minnesota";3;100302
"NorthMelbourne,Australia";3;100305
"Kildare,Irlanda";3;100308
"PortColborne,Canada";3;100311
"H�rsholm,";3;100314
"Fenton,Missouri";3;100317
"LiveOak,California";3;100320
"Easton,Connecticut";3;100323
"Beaufort,NorthCarolina";3;100326
"Oviedo,Florida";3;100329
"Hampton,RegnoUnito";3;100332
"Waterloo,Iowa";3;100335
"Cleveland,Tennessee";3;100338
"EastJava,Indonesia";3;100341
"Seddon,Australia";3;100344
"Rathmines,Irlanda";3;100347
"ApacheJunction,Arizona";3;100350
"ColonialHeights,Virginia";3;100353
"Cesena,Italia";3;100356
"Pullenvale,Australia";3;100359
"CowichanBay,Canada";3;100362
"Petersburg,Virginia";3;100365
"Sebring,Florida";3;100368
"LeCannet,Francia";3;100371
"Willits,California";3;100374
"Andalusia,Spagna";3;100377
"WashingtonCrossing,Pennsylvania";3;100380
"York,Maine";3;100383
"Pennington,NewJersey";3;100386
"TrinidadeTobago";3;100389
"InverGroveHeights,Minnesota";3;100392
"Rutherglen,Australia";3;100395
"Dennis,Massachusetts";3;100398
"GlenBurnie,Maryland";3;100401
"Middletown,Maryland";3;100404
"KingofPrussia,Pennsylvania";3;100407
"CampHill,Pennsylvania";3;100410
"Nebraska,StatiUniti";3;100413
"Firenze,Montana";3;100416
"Warren,RhodeIsland";3;100419
"Abingdon,Maryland";3;100422
"Bishopbriggs,RegnoUnito";3;100425
"Mitcham,Australia";3;100428
"Southbank,Australia";3;100431
"Cachan,Francia";3;100434
"Youngstown,Ohio";3;100437
"Smithtown,NewYork";3;100440
"Stanmore,Australia";3;100443
"Hudson,Massachusetts";3;100446
"Wembley,RegnoUnito";3;100449
"Hellertown,Pennsylvania";3;100452
"OaklandPark,Florida";3;100455
"Jeffersonville,Indiana";3;100458
"Milton,Delaware";3;100461
"Majadahonda,Spagna";3;100464
"Magnolia,Texas";3;100467
"LeHavre,Francia";3;100470
"Shenyang,Cina";3;100473
"Marshall,NorthCarolina";3;100476
"Aiken,SouthCarolina";3;100479
"Broome,Australia";3;100482
"Baguio,Filippine";3;100485
"Preston,Australia";3;100488
"BigSky,Montana";3;100491
"Coolangatta,Australia";3;100494
"GrandBlanc,Michigan";3;100497
"NewBerlin,Wisconsin";3;100500
"BrynMawr,Pennsylvania";3;100503
"Southland,NuovaZelanda";3;100506
"SanMartin,California";3;100509
"NewMilford,Connecticut";3;100512
"Clitheroe,RegnoUnito";3;100515
"Bahrein";3;100518
"Minden,Nevada";3;100521
"Brandon,Canada";3;100524
"Montclair,California";3;100527
"Lublino,Polonia";3;100530
"Barry,RegnoUnito";3;100533
"Rosem�re,Canada";3;100536
"GlenRidge,NewJersey";3;100539
"EastBrunswick,NewJersey";3;100542
"Waverton,Australia";3;100545
"Bodo,Norvegia";3;100548
"WalledLake,Michigan";3;100551
"LincolnCity,Oregon";3;100554
"Westport,Massachusetts";3;100557
"Brandeburgo,Germania";3;100560
"NorthBend,Washington";3;100563
"Galapagar,Spagna";3;100566
"Oud-Heverlee,Belgio";3;100569
"Guangdong,Cina";3;100572
"Springfield,Ohio";3;100575
"Earley,RegnoUnito";3;100578
"Paarl,Sudafrica";3;100581
"Cottonwood,Arizona";3;100584
"Beaconsfield,Australia";3;100587
"Stratham,NewHampshire";3;100590
"Brentwood,NewYork";3;100593
"Anoka,Minnesota";3;100596
"Carquefou,Francia";3;100599
"Dehradun,India";3;100602
"MarlboroTownship,NewJersey";3;100605
"Dothan,Alabama";3;100608
"Kalmar,Svezia";3;100611
"Tucker,Georgia";3;100614
"Creswick,Australia";3;100617
"Kitzb�hel,Austria";3;100620
"Garrison,NewYork";3;100623
"St�fa,Svizzera";3;100626
"Westminster,Vermont";3;100629
"�vreux,Francia";3;100632
"Middletown,NewJersey";3;100635
"Shipley,RegnoUnito";3;100638
"HighlandPark,NewJersey";3;100641
"SouthCroydon,RegnoUnito";3;100644
"SouthBrunswickTownship,NewJersey";3;100647
"Washington,Michigan";3;100650
"Blaine,Minnesota";3;100653
"Woolloomooloo,Australia";3;100656
"Libano,Oregon";3;100659
"Bellmore,NewYork";3;100662
"Randwick,Australia";3;100665
"Gaylord,Michigan";3;100668
"LibertyLake,Washington";3;100671
"Slingerlands,NewYork";3;100674
"Springdale,Arkansas";3;100677
"Volcano,Hawaii";3;100680
"Antrim,RegnoUnito";3;100683
"Argenteuil,Francia";3;100686
"Herentals,Belgio";3;100689
"Muttenz,Svizzera";3;100692
"Wyoming,Michigan";3;100695
"Mundelein,Illinois";3;100698
"Oconomowoc,Wisconsin";3;100701
"Wollstonecraft,Australia";3;100704
"Summerland,California";3;100707
"Bury,RegnoUnito";3;100710
"Corning,NewYork";3;100713
"LexingtonPark,Maryland";3;100716
"Helmond,PaesiBassi";3;100719
"Fatih,Turchia";3;100722
"St.AugustineBeach,Florida";3;100725
"SaintPeters,Australia";3;100728
"Belmont,Australia";3;100731
"Pflugerville,Texas";3;100734
"Celbridge,Irlanda";3;100737
"LakeZurich,Illinois";3;100740
"Hawthorne,NewJersey";3;100743
"Zihuatanejo,Messico";3;100746
"GrossePointeWoods,Michigan";3;100749
"Culpeper,Virginia";3;100752
"Dededo,Guam";3;100755
"Richfield,Minnesota";3;100758
"Cainta,Filippine";3;100761
"Speyer,Germania";3;100764
"Klaip?da,Lituania";3;100767
"Pinner,RegnoUnito";3;100770
"MountAiry,Maryland";3;100773
"Norfolk,Massachusetts";3;100776
"Granada,Nicaragua";3;100779
"Fiumicino,Italia";3;100782
"Warren,Vermont";3;100785
"Compton,California";3;100788
"Chartres,Francia";3;100791
"Fillmore,California";3;100794
"LitchfieldPark,Arizona";3;100797
"LakeLouise,Canada";3;100800
"SanCarlosdeBariloche,Argentina";3;100803
"Witten,Germania";3;100806
"Vitoria-Gasteiz,Spagna";3;100809
"Acton,Canada";3;100812
"Aubagne,Francia";3;100815
"Rowlett,Texas";3;100818
"Etterbeek,Belgio";3;100821
"Molde,Norvegia";3;100824
"Quer�taro,Messico";3;100827
"Deventer,PaesiBassi";3;100830
"Findlay,Ohio";3;100833
"Bartlett,Illinois";3;100836
"RockHill,SouthCarolina";3;100839
"Canton,Michigan";3;100842
"Melbourne,RegnoUnito";3;100845
"Crowborough,RegnoUnito";3;100848
"Katowice,Polonia";3;100851
"Iraklion,Grecia";3;100854
"GrandIsland,NewYork";3;100857
"Amiens,Francia";3;100860
"CoconutCreek,Florida";3;100863
"Schaffhausen,Svizzera";3;100866
"EveshamTownship,NewJersey";3;100869
"MoscowOblast,Russia";3;100872
"HawthornEast,Australia";3;100875
"RehobothBeach,Delaware";3;100878
"Mississippi,StatiUniti";3;100881
"MichiganCity,Indiana";3;100884
"FairLawn,NewJersey";3;100887
"Metuchen,NewJersey";3;100890
"Batavia,NewYork";3;100893
"Madison,NewJersey";3;100896
"Peabody,Massachusetts";3;100899
"Chiavari,Italia";3;100902
"PleasantRidge,Michigan";3;100905
"FortWright,Kentucky";3;100908
"McCall,Idaho";3;100911
"Salford,RegnoUnito";3;100914
"Lombarda,Croazia";3;100917
"Watertown,NewYork";3;100920
"Hercules,California";3;100923
"Mayo,Irlanda";3;100926
"Coulterville,California";3;100929
"Engadine,Australia";3;100932
"Greencastle,Indiana";3;100935
"Wetzikon,Svizzera";3;100938
"UminaBeach,Australia";3;100941
"Sisters,Oregon";3;100944
"Prospect,Kentucky";3;100947
"Blacktown,Australia";3;100950
"Lyngby,";3;100953
"Kellyville,Oklahoma";3;100956
"Vence,Francia";3;100959
"Perris,California";3;100962
"Germantown,Maryland";3;100965
"Exmouth,RegnoUnito";3;100968
"Mougins,Francia";3;100971
"Atene,NewYork";3;100974
"Leadville,Colorado";3;100977
"Esporles,Spagna";3;100980
"Monroe,Washington";3;100983
"SanMarino,California";3;100986
"Maarssenbroek,PaesiBassi";3;100989
"Rayong,Tailandia";3;100992
"Gaillard,Francia";3;100995
"Exeter,NewHampshire";3;100998
"MountVernon,NewYork";3;101001
"Forster,Australia";3;101004
"Nicosia";3;101007
"Sanl�cardeBarrameda,Spagna";3;101010
"SunValley,Idaho";3;101013
"Cayucos,California";3;101016
"Orono,Maine";3;101019
"Westwood,Massachusetts";3;101022
"Dilbeek,Belgio";3;101025
"Krasnoyarsk,Russia";3;101028
"BadNauheim,Germania";3;101031
"Pompei,Italia";3;101034
"Freeport,Bahamas";3;101037
"GlenwoodSprings,Colorado";3;101040
"Porthcawl,RegnoUnito";3;101043
"Woodbridge,Connecticut";3;101046
"Kita,Giappone";3;101049
"DeerIsle,Maine";3;101052
"Cobh,Irlanda";3;101055
"Smithers,Canada";3;101058
"Bakersville,NorthCarolina";3;101061
"Elanora,Australia";3;101064
"Sidney,Canada";3;101067
"MountCoolum,Australia";3;101070
"Offenbach,Germania";3;101073
"Lutz,Florida";3;101076
"Cowes,RegnoUnito";3;101079
"BuryStEdmunds,RegnoUnito";3;101082
"Saline,Michigan";3;101085
"Elmira,NewYork";3;101088
"Bulli,Australia";3;101091
"Calabasas,California";3;101094
"Kerrville,Texas";3;101097
"Klosterneuburg,Austria";3;101100
"Camaiore,Italia";3;101103
"Creswell,Oregon";3;101106
"DistrettodiOporto,Portogallo";3;101109
"LaderaRanch,California";3;101112
"Bear,Delaware";3;101115
"Fairview,NorthCarolina";3;101118
"Englewood,Florida";3;101121
"Highland,NewYork";3;101124
"Zermatt,Svizzera";3;101127
"Impruneta,Italia";3;101130
"Marina,California";3;101133
"Trent,Italia";3;101136
"Paradise,California";3;101139
"Split,Croatia,Croazia";3;101142
"Cambewarra,Australia";3;101145
"Ostuni,Italia";3;101148
"Rambouillet,Francia";3;101151
"TulumMunicipality,Messico";3;101154
"Crickhowell,RegnoUnito";3;101157
"Debrecen,Ungheria";3;101160
"Ashburton,RegnoUnito";3;101163
"Windsor,Australia";3;101166
"Vestal,NewYork";3;101169
"SpringValley,California";3;101172
"Cloverdale,California";3;101175
"Stevenson,Washington";3;101178
"Norrk�ping,Svezia";3;101181
"Saint-Lambert,Canada";3;101184
"Giamaica";3;101187
"Constan?a,Romania";3;101190
"Logro�o,Spagna";3;101193
"OrchardPark,NewYork";3;101196
"Chiapas,Messico";3;101199
"Heilbronn,Germania";3;101202
"Amberg,Germania";3;101205
"KangarooValley,Australia";3;101208
"Bartlett,Tennessee";3;101211
"Suresnes,Francia";3;101214
"CaulfieldNorth,Australia";3;101217
"DipartimentodiMontevideo,Uruguay";3;101220
"Estepona,Spagna";3;101223
"PalmasdeGranCanaria,Spagna";3;101226
"Rueil-Malmaison,Francia";3;101229
"Lambertville,NewJersey";3;101232
"Clinton,Connecticut";3;101235
"Rossland,Canada";3;101238
"HighlandsRanch,Colorado";3;101241
"Montana,StatiUniti";3;101244
"Woluwe-Saint-Pierre,Belgio";3;101247
"Ilford,RegnoUnito";3;101250
"MosmanPark,Australia";3;101253
"Blantyre,Malawi";3;101256
"Lambersart,Francia";3;101259
"EaglePoint,Oregon";3;101262
"IsoleCanarie,Spagna";3;101265
"Mukilteo,Washington";3;101268
"BlackDiamond,Washington";3;101271
"Perugia,Italia";3;101274
"Liguria,Italia";3;101277
"Yachats,Oregon";3;101280
"Zeist,PaesiBassi";3;101283
"Okayama,Giappone";3;101286
"Kemah,Texas";3;101289
"S�oBernardodoCampo,Brasile";3;101292
"Hailey,Idaho";3;101295
"AvondaleHeights,Australia";3;101298
"Groton,Connecticut";3;101301
"BayVillage,Ohio";3;101304
"Upper";3;101307
"Kedron,Australia";3;101310
"Villebon-sur-Yvette,Francia";3;101313
"CallalaBay,Australia";3;101316
"Nashville,Indiana";3;101319
"Comunit�diMadrid,Spagna";3;101322
"Cottbus,Germania";3;101325
"Huddinge,Svezia";3;101328
"Chihuahua,Messico";3;101331
"Mamaroneck,NewYork";3;101334
"Kriti,Grecia";3;101337
"Eilat,Israele";3;101340
"Poggibonsi,Italia";3;101343
"Plymouth,NewHampshire";3;101346
"Aberystwyth,RegnoUnito";3;101349
"WestPerth,Australia";3;101352
"Seend,RegnoUnito";3;101355
"Kitimat,Canada";3;101358
"Castlemaine,Australia";3;101361
"SaintMartin";3;101364
"Brenham,Texas";3;101367
"Friedrichsdorf,Germania";3;101370
"Pendleton,Oregon";3;101373
"Capodistria,Slovenia";3;101376
"Villingen-Schwenningen,Germania";3;101379
"Marrickville,Australia";3;101382
"Fontainebleau,Francia";3;101385
"Leominster,Massachusetts";3;101388
"Dreieich,Germania";3;101391
"Firenze,SouthCarolina";3;101394
"Monkton,Maryland";3;101397
"Aldie,Virginia";3;101400
"Miahuatlan,Messico";3;101403
"Gladstone,Australia";3;101406
"AlphenaandenRijn,PaesiBassi";3;101409
"PlayaFlamingo,CostaRica";3;101412
"LawrenceTownship,NewJersey";3;101415
"Carson,California";3;101418
"WestFootscray,Australia";3;101421
"Cienfuegos,Cuba";3;101424
"Carlow,Irlanda";3;101427
"SealRock,Oregon";3;101430
"Indooroopilly,Australia";3;101433
"PortCharlotte,Florida";3;101436
"Vaterstetten,Germania";3;101439
"Spearfish,South";3;101442
"Kladno,RepubblicaCeca";3;101445
"Independence,Oregon";3;101448
"Southborough,RegnoUnito";3;101451
"Shelburne,Vermont";3;101454
"Orense,Spagna";3;101457
"CentralCoast,Australia";3;101460
"Pasadena,Maryland";3;101463
"Dundalk,Maryland";3;101466
"HavelockNorth,NuovaZelanda";3;101469
"Hightstown,NewJersey";3;101472
"Trivandrum,India";3;101475
"Krabi,Tailandia";3;101478
"Montauk,NewYork";3;101481
"BodegaBay,California";3;101484
"Limavady,RegnoUnito";3;101487
"Cherrybrook,Australia";3;101490
"Viroqua,Wisconsin";3;101493
"BlueBell,Pennsylvania";3;101496
"Marlboro,Vermont";3;101499
"Gelsenkirchen,Germania";3;101502
"Houma,Louisiana";3;101505
"Kamakura,Giappone";3;101508
"BandarBaruBangi,Malesia";3;101511
"Swampscott,Massachusetts";3;101514
"Jeonju-si,CoreadelSud";3;101517
"Aquitania,Francia";3;101520
"Barnsley,RegnoUnito";3;101523
"Venezia,California";3;101526
"Yamba,Australia";3;101529
"Machico,Portogallo";3;101532
"Fairlight,Australia";3;101535
"Ashbourne,RegnoUnito";3;101538
"Windham,Maine";3;101541
"Niagara-on-the-Lake,Canada";3;101544
"Cortlandt,NewYork";3;101547
"ACoru�a,Spagna";3;101550
"Offenburg,Germania";3;101553
"Oranjestad,Aruba";3;101556
"Commack,NewYork";3;101559
"Ketchum,Idaho";3;101562
"SantAndreudeLlavaneres,Spagna";3;101565
"Iqaluit,Canada";3;101568
"Carcavelos,Portogallo";3;101571
"DulwichHill,Australia";3;101574
"Geraldton,Australia";3;101577
"Olsztyn,Polonia";3;101580
"Puchong,Malesia";3;101583
"Allendale,NewJersey";3;101586
"Sharon,Massachusetts";3;101589
"Baden-Baden,Germania";3;101592
"Pape'ete,PolinesiaFrancese";3;101595
"Greenwood,Indiana";3;101598
"Bayam�n,Portorico";3;101601
"Gryon,Svizzera";3;101604
"St.John,IsoleVerginiAmericane";3;101607
"WestVirginia,StatiUniti";3;101610
"Carlisle,Pennsylvania";3;101613
"BonneyLake,Washington";3;101616
"Nogent-sur-Marne,Francia";3;101619
"St.Thomas,IsoleVerginiAmericane";3;101622
"Silkeborg,";3;101625
"NorthWales,Pennsylvania";3;101628
"Malahide,Irlanda";3;101631
"ManuelAntonio,CostaRica";3;101634
"Coventry,RhodeIsland";3;101637
"AoNang,Tailandia";3;101640
"Wuxi,Cina";3;101643
"CrestedButte,Colorado";3;101646
"Germantown,Tennessee";3;101649
"Ulcinj,Montenegro";3;101652
"Welling,RegnoUnito";3;101655
"Wallkill,NewYork";3;101658
"Silverthorne,Colorado";3;101661
"Carrigaline,Irlanda";3;101664
"Harleysville,Pennsylvania";3;101667
"Bennington,Vermont";3;101670
"GulfShores,Alabama";3;101673
"Paiporta,Spagna";3;101676
"Kensington,Maryland";3;101679
"McCrae,Australia";3;101682
"Belton,Texas";3;101685
"Libano";3;101688
"Nilai,Malesia";3;101691
"Lunenburg,Canada";3;101694
"KeyLargo,Florida";3;101697
"Tola,Nicaragua";3;101700
"Haderslev,";3;101703
"Frigiliana,Spagna";3;101706
"Gij�n,Spagna";3;101709
"Sitka,Alaska";3;101712
"McKinleyville,California";3;101715
"Georgetown,Kentucky";3;101718
"Vaudreuil-Dorion,Canada";3;101721
"Pau,Francia";3;101724
"LaSerena,Cile";3;101727
"Antalya,Turchia";3;101730
"HopewellTownship,NewJersey";3;101733
"Soest,PaesiBassi";3;101736
"Schoten,Belgio";3;101739
"Dillon,Colorado";3;101742
"Bansk�Bystrica,Slovacchia";3;101745
"Badhoevedorp,PaesiBassi";3;101748
"Aljezur,Portogallo";3;101751
"Saint-Denis,Francia";3;101754
"Minot,North";3;101757
"LaValletta,Malta";3;101760
"Manheim,Pennsylvania";3;101763
"Alamogordo,NewMexico";3;101766
"Cane�as,Portogallo";3;101769
"Segovia,Spagna";3;101772
"CairnsNorth,Australia";3;101775
"EastAurora,NewYork";3;101778
"Longwood,Florida";3;101781
"Toshima,Giappone";3;101784
"Surprise,Arizona";3;101787
"SaintSimonsIsland,Georgia";3;101790
"Almada,Portogallo";3;101793
"Hungerford,RegnoUnito";3;101796
"Sunbury,Pennsylvania";3;101799
"OrioncharterTownship,Michigan";3;101802
"Vieques,Portorico";3;101805
"Ucluelet,Canada";3;101808
"SantaCruzdelaSierra,Bolivia";3;101811
"Purcellville,Virginia";3;101814
"Cambridge,NuovaZelanda";3;101817
"George,Sudafrica";3;101820
"Portslade,RegnoUnito";3;101823
"Scarborough,RegnoUnito";3;101826
"Marathon,Florida";3;101829
"CottageGrove,Wisconsin";3;101832
"Loomis,California";3;101835
"MarcusBeach,Australia";3;101838
"Wilson,NorthCarolina";3;101841
"Roslyn,NewYork";3;101844
"TarponSprings,Florida";3;101847
"Dinan,Francia";3;101850
"Goochland,Virginia";3;101853
"?eljabinsk,Russia";3;101856
"HodHasharon,Israele";3;101859
"Cadaqu�s,Spagna";3;101862
"RamatHasharon,Israele";3;101865
"Zografou,Grecia";3;101868
"Vitoria,Spagna";3;101871
"Montgomery,Texas";3;101874
"Skaneateles,NewYork";3;101877
"Birkirkara,Malta";3;101880
"Gualala,California";3;101883
"Rugby,RegnoUnito";3;101886
"Ramona,California";3;101889
"OldLyme,Connecticut";3;101892
"Pushkino,Russia";3;101895
"Moree,Australia";3;101898
"Gulfport,Mississippi";3;101901
"Peterborough,NewHampshire";3;101904
"Toyama,Giappone";3;101907
"Herzliyya,Israele";3;101910
"Aguascalientes,Messico";3;101913
"Saint-Maurice,Francia";3;101916
"Bedford,Texas";3;101919
"AvalonBeach,Australia";3;101922
"Kalami,Grecia";3;101925
"Wells,RegnoUnito";3;101928
"FoxIsland,Washington";3;101931
"Vic,Spagna";3;101934
"RegionedellaCapitaledella";3;101937
"Bloomingdale,Illinois";3;101940
"Sunrise,Florida";3;101943
"Jenkintown,Pennsylvania";3;101946
"Concord,NorthCarolina";3;101949
"SantaMargarita,California";3;101952
"SaintCloud,Minnesota";3;101955
"TaylorsLakes,Australia";3;101958
"Bursa,Turchia";3;101961
"Pescadero,California";3;101964
"Guam";3;101967
"Harlingen,Texas";3;101970
"Port-au-Prince,Haiti";3;101973
"Passavia,Germania";3;101976
"NorthBend,Oregon";3;101979
"Hamilton,Montana";3;101982
"Vaasa,Finlandia";3;101985
"Ridgefield,Washington";3;101988
"Storrington,RegnoUnito";3;101991
"Gardabaer,Islanda";3;101994
"Annandale,Australia";3;101997
"Lagunitas-ForestKnolls,California";3;102000
"M�rignac,Francia";3;102003
"Katsushika,Giappone";3;102006
"Stromness,RegnoUnito";3;102009
"LakeMills,Wisconsin";3;102012
"EurekaSprings,Arkansas";3;102015
"SouthwestRanches,Florida";3;102018
"Taito,Giappone";3;102021
"Agerola,Italia";3;102024
"Marlboro,NewYork";3;102027
"Chantilly,Virginia";3;102030
"Torquay,RegnoUnito";3;102033
"Reutlingen,Germania";3;102036
"Harvard,Massachusetts";3;102039
"Sel�uk,Turchia";3;102042
"Drag�r,";3;102045
"PagosaSprings,Colorado";3;102048
"PortAlberni,Canada";3;102051
"Georgsmarienh�tte,Germania";3;102054
"OakBluffs,Massachusetts";3;102057
"Chatham,NewJersey";3;102060
"Bourton-on-the-Water,RegnoUnito";3;102063
"NorthBethesda,Maryland";3;102066
"G�menos,Francia";3;102069
"Denville,NewJersey";3;102072
"Biel,Svizzera";3;102075
"WestVancouver,Canada";3;102078
"Wexford,Irlanda";3;102081
"JohnsonCity,Texas";3;102084
"Fredericksburg,Texas";3;102087
"Muskegon,Michigan";3;102090
"Bethel,Connecticut";3;102093
"Veghel,PaesiBassi";3;102096
"Chepstow,RegnoUnito";3;102099
"Wymondham,RegnoUnito";3;102102
"Bacolod,Filippine";3;102105
"Putrajaya,Malesia";3;102108
"Nagymaros,Ungheria";3;102111
"Best,PaesiBassi";3;102114
"Bardon,Australia";3;102117
"Oneonta,NewYork";3;102120
"Lyons,Colorado";3;102123
"Garches,Francia";3;102126
"WestHurley,NewYork";3;102129
"Norwich,Vermont";3;102132
"Empoli,Italia";3;102135
"Golfito,CostaRica";3;102138
"LaVerkin,Utah";3;102141
"JeffreysBay,Sudafrica";3;102144
"Rhoon,PaesiBassi";3;102147
"Pinetop-Lakeside,Arizona";3;102150
"Per�";3;102153
"Silverton,Oregon";3;102156
"Hanson,Massachusetts";3;102159
"Scarborough,Australia";3;102162
"Shellharbour,Australia";3;102165
"Bradford-on-Avon,RegnoUnito";3;102168
"Vilvoorde,Belgio";3;102171
"Severn,Maryland";3;102174
"BergischGladbach,Germania";3;102177
"Waimea,Hawaii";3;102180
"Bridgeport,Connecticut";3;102183
"Martlesham,RegnoUnito";3;102186
"Belgrado,Montana";3;102189
"MountGambier,Australia";3;102192
"Marikina,Filippine";3;102195
"Buford,Georgia";3;102198
"Charlottenlund,";3;102201
"Montenegro";3;102204
"Egham,RegnoUnito";3;102207
"Hatboro,Pennsylvania";3;102210
"Belleville,NewJersey";3;102213
"Muncie,Indiana";3;102216
"Penrith,RegnoUnito";3;102219
"RockyMount,NorthCarolina";3;102222
"NuestraSe�oradeLaPaz,Bolivia";3;102225
"Malakoff,Francia";3;102228
"Elyria,Ohio";3;102231
"HighFalls,NewYork";3;102234
"Saguenay,Canada";3;102237
"Clatskanie,Oregon";3;102240
"Olhao,Portogallo";3;102243
"Oberlin,Ohio";3;102246
"PortDouglas,Australia";3;102249
"Mysuru,India";3;102252
"Riverhead,NewYork";3;102255
"Kannapolis,NorthCarolina";3;102258
"Craughwell,Irlanda";3;102261
"Maumee,Ohio";3;102264
"ForestPark,Illinois";3;102267
"Dumfries,RegnoUnito";3;102270
"NambuccaHeads,Australia";3;102273
"Tring,RegnoUnito";3;102276
"Terneuzen,PaesiBassi";3;102279
"�cully,Francia";3;102282
"Agra,India";3;102285
"Joplin,Missouri";3;102288
"Calverton,NewYork";3;102291
"G�reme,Turchia";3;102294
"Bridgewater,Massachusetts";3;102297
"Floreat,Australia";3;102300
"Shepparton,Australia";3;102303
"Woluwe-Saint-Lambert,Belgio";3;102306
"Naxos,Grecia";3;102309
"Falkirk,RegnoUnito";3;102312
"Ashdod,Israele";3;102315
"DurbanNorth,Sudafrica";3;102318
"Hinckley,RegnoUnito";3;102321
"Brockton,Massachusetts";3;102324
"NorthMiamiBeach,Florida";3;102327
"Sandefjord,Norvegia";3;102330
"MerionStation,Pennsylvania";3;102333
"Tralee,Irlanda";3;102336
"Teufen,Svizzera";3;102339
"Baytown,Texas";3;102342
"Inglewood,California";3;102345
"Parbold,RegnoUnito";3;102348
"Miramar,Florida";3;102351
"Walmer,RegnoUnito";3;102354
"Horsham,Pennsylvania";3;102357
"AmericanCanyon,California";3;102360
"Lincoln,RhodeIsland";3;102363
"Rickmansworth,RegnoUnito";3;102366
"Whitchurch-Stouffville,Canada";3;102369
"Tsukuba,Giappone";3;102372
"NewPlymouth,NuovaZelanda";3;102375
"Heemskerk,PaesiBassi";3;102378
"Jo�oPessoa,Brasile";3;102381
"Niter�i,Brasile";3;102384
"Clarkston,Washington";3;102387
"Marcq-en-Bar�ul,Francia";3;102390
"Dunchurch,RegnoUnito";3;102393
"Sabah,Malesia";3;102396
"GeorgeTown,IsoleCayman";3;102399
"Woodbine,Maryland";3;102402
"Patchogue,NewYork";3;102405
"Bwlch,RegnoUnito";3;102408
"Portoro�,Slovenia";3;102411
"Marlborough,RegnoUnito";3;102414
"SanIsidro,Argentina";3;102417
"Kranj,Slovenia";3;102420
"Kenner,Louisiana";3;102423
"Slad,RegnoUnito";3;102426
"Dunmow,RegnoUnito";3;102429
"Salisbury,Connecticut";3;102432
"Southport,RegnoUnito";3;102435
"Bisbee,Arizona";3;102438
"HickoryCorners,Michigan";3;102441
"PfaffenhofenanderIlm,Germania";3;102444
"Chinle,Arizona";3;102447
"Fira,Grecia";3;102450
"Wooster,Ohio";3;102453
"Kerava,Finlandia";3;102456
"Haacht,Belgio";3;102459
"Oswestry,RegnoUnito";3;102462
"Niverville,Canada";3;102465
"Easton,Maryland";3;102468
"Yarmouth,Canada";3;102471
"Puducherry,India";3;102474
"Narbona,Francia";3;102477
"Covington,Louisiana";3;102480
"SagHarbor,NewYork";3;102483
"Paros,Grecia";3;102486
"Fayetteville,NewYork";3;102489
"Faversham,RegnoUnito";3;102492
"Hamilton,Bermuda";3;102495
"Wantirna,Australia";3;102498
"Phillipsburg,NewJersey";3;102501
"KingCity,California";3;102504
"SouthPadreIsland,Texas";3;102507
"Ramah,NewMexico";3;102510
"CannonHill,Australia";3;102513
"Ko�ice,Slovacchia";3;102516
"Tegueste,Spagna";3;102519
"Leon,Messico";3;102522
"LivingstonManor,NewYork";3;102525
"Lee,Massachusetts";3;102528
"FranklinPark,Illinois";3;102531
"Bellbrook,Ohio";3;102534
"Herzliya,Israele";3;102537
"Holb�k,";3;102540
"Perth,Canada";3;102543
"OrteScalo,Italia";3;102546
"Tamuning,Guam";3;102549
"OwenSound,Canada";3;102552
"Brentwood,RegnoUnito";3;102555
"TintonFalls,NewJersey";3;102558
"Kirkjub�jarklaustur,Islanda";3;102561
"Burnley,RegnoUnito";3;102564
"Baghdad,Iraq";3;102567
"Hahei,NuovaZelanda";3;102570
"Chapin,SouthCarolina";3;102573
"Wantagh,NewYork";3;102576
"VillaBrown,Argentina";3;102579
"Medfield,Massachusetts";3;102582
"Coleraine,RegnoUnito";3;102585
"Renfrew,RegnoUnito";3;102588
"RoseBay,Australia";3;102591
"Pioneertown,California";3;102594
"LakeArrowhead,California";3;102597
"OakPark,Australia";3;102600
"Ilhabela,Brasile";3;102603
"Nozawaonsen,Giappone";3;102606
"Herriman,Utah";3;102609
"GeelongWest,Australia";3;102612
"Hackney,RegnoUnito";3;102615
"Dubois,Wyoming";3;102618
"Cornwall,NewYork";3;102621
"Waxahachie,Texas";3;102624
"Bulawayo,Zimbabwe";3;102627
"Stockholmsl�n,Svezia";3;102630
"Clevedon,RegnoUnito";3;102633
"Halmstad,Svezia";3;102636
"Caledonia,NewYork";3;102639
"NewTecumseth,Canada";3;102642
"Muntinlupa,Filippine";3;102645
"TweedHeads,Australia";3;102648
"Swieqi,Malta";3;102651
"Maputo,Mozambico";3;102654
"GrandPrairie,Texas";3;102657
"Westcliffe,Colorado";3;102660
"Hildesheim,Germania";3;102663
"Jacksonville,NorthCarolina";3;102666
"Thane,India";3;102669
"Patterson,California";3;102672
"Savage,Minnesota";3;102675
"BenLomond,California";3;102678
"Matthews,NorthCarolina";3;102681
"BrokenArrow,Oklahoma";3;102684
"Scandicci,Italia";3;102687
"Macarsca,Croazia";3;102690
"Pireas,Grecia";3;102693
"SaintLucia,Australia";3;102696
"Connersville,Indiana";3;102699
"Weston,Connecticut";3;102702
"TownsvilleCity,Australia";3;102705
"Paducah,Kentucky";3;102708
"Santee,California";3;102711
"?esk�Krumlov,RepubblicaCeca";3;102714
"Greenbank,Washington";3;102717
"Chelan,Washington";3;102720
"Meadville,Pennsylvania";3;102723
"Brockport,NewYork";3;102726
"Conwy,RegnoUnito";3;102729
"Nov�Z�mky,Slovacchia";3;102732
"LosOlivos,California";3;102735
"Funchal,Portogallo";3;102738
"Wallisellen,Svizzera";3;102741
"Neuss,Germania";3;102744
"BerkeleyHeights,NewJersey";3;102747
"NorthPalmBeach,Florida";3;102750
"SanPedro,CostaRica";3;102753
"Ellensburg,Washington";3;102756
"Marlborough,NuovaZelanda";3;102759
"Lewes,Delaware";3;102762
"Carrara,Australia";3;102765
"Bridgnorth,RegnoUnito";3;102768
"Cranston,RhodeIsland";3;102771
"Fredrikstad,Norvegia";3;102774
"Baraga,Michigan";3;102777
"PetahTiqwa,Israele";3;102780
"Elmira,Canada";3;102783
"Stubi?keToplice,Croazia";3;102786
"Oceanside,Oregon";3;102789
"Netarts,Oregon";3;102792
"LewisCenter,Ohio";3;102795
"DenhamSprings,Louisiana";2;102797
"Levittown,NewYork";2;102799
"Flowood,Mississippi";2;102801
"WinterPark,Colorado";2;102803
"Statesville,NorthCarolina";2;102805
"Lititz,Pennsylvania";2;102807
"Suffern,NewYork";2;102809
"Burien,Washington";2;102811
"PlymouthCharterTownship,Michigan";2;102813
"MurrayBridge,Australia";2;102815
"NewLondon,Connecticut";2;102817
"PalosVerdesEstates,California";2;102819
"Yallingup,Australia";2;102821
"Worthington,Ohio";2;102823
"KeegoHarbor,Michigan";2;102825
"Perkasie,Pennsylvania";2;102827
"Fernvale,Australia";2;102829
"NowyTarg,Polonia";2;102831
"Rho,Italia";2;102833
"Goodlettsville,Tennessee";2;102835
"Krasnodar,Russia";2;102837
"Rafz,Svizzera";2;102839
"Ilion,NewYork";2;102841
"Leidschendam,PaesiBassi";2;102843
"CliftonHill,Australia";2;102845
"Sunnyvale,Texas";2;102847
"Braintree,Massachusetts";2;102849
"Pantin,Francia";2;102851
"SpringLake,Michigan";2;102853
"Dixon,Illinois";2;102855
"Castell�ndelaPlana,Spagna";2;102857
"Elko,Nevada";2;102859
"Blythewood,SouthCarolina";2;102861
"Kusterdingen,Germania";2;102863
"Fairborn,Ohio";2;102865
"Williams,Oregon";2;102867
"Wheathampstead,RegnoUnito";2;102869
"Midrand,Sudafrica";2;102871
"Holiday,Florida";2;102873
"Woodlesford,RegnoUnito";2;102875
"Hyvink��,Finlandia";2;102877
"Exeter,California";2;102879
"Honduras";2;102881
"CerneAbbas,RegnoUnito";2;102883
"Denair,California";2;102885
"KohokuWard,Giappone";2;102887
"Ashbourne,Irlanda";2;102889
"Monroe,Michigan";2;102891
"Neunkirchen-Seelscheid,Germania";2;102893
"Sittingbourne,RegnoUnito";2;102895
"Centerport,NewYork";2;102897
"WestNusaTenggara,Indonesia";2;102899
"Kirchlinteln,Germania";2;102901
"Norton,RegnoUnito";2;102903
"Kilmarnock,RegnoUnito";2;102905
"PriegodeC�rdoba,Spagna";2;102907
"Landau,Germania";2;102909
"PuntarenasProvince,CostaRica";2;102911
"Clermont,Francia";2;102913
"Plankstadt,Germania";2;102915
"CaracasMetropolitanDistrict,Venezuela";2;102917
"Isola,Slovenia";2;102919
"Mentone,California";2;102921
"Brandon,Florida";2;102923
"Sandgate,RegnoUnito";2;102925
"Elkhorn,Wisconsin";2;102927
"Hollister,California";2;102929
"Florissant,Missouri";2;102931
"Bongaree,Australia";2;102933
"Gallarate,Italia";2;102935
"SouthShields,RegnoUnito";2;102937
"AvonLake,Ohio";2;102939
"Lappeenranta,Finlandia";2;102941
"Forney,Texas";2;102943
"Haberfield,Australia";2;102945
"Tiverton,RegnoUnito";2;102947
"Newcastle-under-Lyme,RegnoUnito";2;102949
"Montague,California";2;102951
"Columbia,Tennessee";2;102953
"WaterburyCenter,Vermont";2;102955
"Oestrich-Winkel,Germania";2;102957
"Olaine,Lettonia";2;102959
"Willagee,Australia";2;102961
"HuntingtonPark,California";2;102963
"Pocatello,Idaho";2;102965
"NorthCoogee,Australia";2;102967
"Wargrave,RegnoUnito";2;102969
"Ashington,RegnoUnito";2;102971
"Herston,Australia";2;102973
"Cahuita,CostaRica";2;102975
"PrefetturadiKanagawa,Giappone";2;102977
"Hesperange,Lussemburgo";2;102979
"Waverly,Iowa";2;102981
"BanjaLuka,BosniaErzegovina";2;102983
"PequotLakes,Minnesota";2;102985
"Alderley,Australia";2;102987
"WoodcliffLake,NewJersey";2;102989
"Pancevo,Serbia";2;102991
"Attadale,Australia";2;102993
"Thurso,RegnoUnito";2;102995
"MtPleasant,SouthCarolina";2;102997
"Heerhugowaard,PaesiBassi";2;102999
"Cromwell,Connecticut";2;103001
"FortPierce,Florida";2;103003
"Cumberland,RhodeIsland";2;103005
"Minnedosa,Canada";2;103007
"Hazelbrook,Australia";2;103009
"StuartPark,Australia";2;103011
"AscotPark,Australia";2;103013
"SamutPrakan,Tailandia";2;103015
"ColumbiaCity,Indiana";2;103017
"SugarHill,Georgia";2;103019
"Bra,Italia";2;103021
"Greenbelt,Maryland";2;103023
"WillowVale,Australia";2;103025
"NorthRoyalton,Ohio";2;103027
"Curzola,Croazia";2;103029
"Teneriffe,Australia";2;103031
"WestHempstead,NewYork";2;103033
"Almu��car,Spagna";2;103035
"Reisterstown,Maryland";2;103037
"Wadhurst,RegnoUnito";2;103039
"Panev?�ys,Lituania";2;103041
"Voorschoten,PaesiBassi";2;103043
"Zlin,RepubblicaCeca";2;103045
"FigueiradaFoz,Portogallo";2;103047
"SanktAugustin,Germania";2;103049
"Brandon,RegnoUnito";2;103051
"Whanganui,NuovaZelanda";2;103053
"LePerreux-sur-Marne,Francia";2;103055
"SouthPerth,Australia";2;103057
"Stretford,RegnoUnito";2;103059
"Dr�bak,Norvegia";2;103061
"Abrantes,Portogallo";2;103063
"Dighton,Massachusetts";2;103065
"Woronora,Australia";2;103067
"Creta,Grecia";2;103069
"Whitfield,Australia";2;103071
"Gettysburg,Pennsylvania";2;103073
"LaHonda,California";2;103075
"Eccleston,RegnoUnito";2;103077
"Boronia,Australia";2;103079
"Sunriver,Oregon";2;103081
"CedarCreek,Texas";2;103083
"L�denscheid,Germania";2;103085
"Seguin,Texas";2;103087
"HigashiWard,Giappone";2;103089
"Schwabm�nchen,Germania";2;103091
"Vermont,Australia";2;103093
"Beecroft,Australia";2;103095
"DingmansFerry,Pennsylvania";2;103097
"Valhalla,NewYork";2;103099
"Ladysmith,Sudafrica";2;103101
"Pagewood,Australia";2;103103
"Moorestown,NewJersey";2;103105
"Chicopee,Massachusetts";2;103107
"HarpersFerry,WestVirginia";2;103109
"Riverbank,California";2;103111
"Rhyl,RegnoUnito";2;103113
"Gorey,Irlanda";2;103115
"WatermansBay,Australia";2;103117
"Lommel,Belgio";2;103119
"Obninsk,Russia";2;103121
"Burlington,Wisconsin";2;103123
"SouthAmboy,NewJersey";2;103125
"Saint-Germain-en-Laye,Francia";2;103127
"FozdoIgua�u,Brasile";2;103129
"FlemingIsland,Florida";2;103131
"NewIberia,Louisiana";2;103133
"Taylor,Michigan";2;103135
"Corinth,Texas";2;103137
"CirclePines,Minnesota";2;103139
"Akumal,Messico";2;103141
"Takamatsu,Giappone";2;103143
"Sarawak,Malesia";2;103145
"TerApel,PaesiBassi";2;103147
"Macclesfield,Australia";2;103149
"Taranaki,NuovaZelanda";2;103151
"Guadalupe,Messico";2;103153
"Southington,Connecticut";2;103155
"CarsonCity,Nevada";2;103157
"V�rmd�,Svezia";2;103159
"MountAiry,NorthCarolina";2;103161
"Hartsdale,NewYork";2;103163
"Bergenfield,NewJersey";2;103165
"Alpnach,Svizzera";2;103167
"Swadlincote,RegnoUnito";2;103169
"Bellinzona,Svizzera";2;103171
"Decatur,Indiana";2;103173
"Rainham,RegnoUnito";2;103175
"Trinidad,Cuba";2;103177
"Uriarra,Australia";2;103179
"NorthAurora,Illinois";2;103181
"Kamnik,Slovenia";2;103183
"Talca,Cile";2;103185
"Nanuet,NewYork";2;103187
"Berghem,PaesiBassi";2;103189
"Tournon-sur-Rh�ne,Francia";2;103191
"Johnstone,RegnoUnito";2;103193
"DoncasterEast,Australia";2;103195
"Sein�joki,Finlandia";2;103197
"SouthMorang,Australia";2;103199
"HopewellJunction,NewYork";2;103201
"Colbert,Washington";2;103203
"Harvey,Louisiana";2;103205
"Zakinthos,Grecia";2;103207
"PalosHeights,Illinois";2;103209
"Clayton,NorthCarolina";2;103211
"Millcreek,Utah";2;103213
"Eccles,RegnoUnito";2;103215
"BassaAustria,Austria";2;103217
"Pistoia,Italia";2;103219
"PleasantPrairie,Wisconsin";2;103221
"Cammeray,Australia";2;103223
"Destelbergen,Belgio";2;103225
"Bregenz,Austria";2;103227
"Amherst,Wisconsin";2;103229
"Windermere,Florida";2;103231
"Richmond,Kentucky";2;103233
"Murrysville,Pennsylvania";2;103235
"Spinea,Italia";2;103237
"Trumbull,Connecticut";2;103239
"Balaclava,Australia";2;103241
"Melville,NewYork";2;103243
"D�bendorf,Svizzera";2;103245
"Plainfield,Indiana";2;103247
"Ede,PaesiBassi";2;103249
"AverillPark,NewYork";2;103251
"Neenah,Wisconsin";2;103253
"Ijamsville,Maryland";2;103255
"HighgateHill,Australia";2;103257
"BeaverFalls,Pennsylvania";2;103259
"Williston,Florida";2;103261
"Dolton,Illinois";2;103263
"Wilmington,Vermont";2;103265
"Norwood,Massachusetts";2;103267
"Caguas,Portorico";2;103269
"Okehampton,RegnoUnito";2;103271
"Fergus,Canada";2;103273
"YpsilantiCharterTownship,Michigan";2;103275
"Gunpo-si,CoreadelSud";2;103277
"BurghleMarsh,RegnoUnito";2;103279
"OceanGrove,Australia";2;103281
"Henrietta,NewYork";2;103283
"ShellCove,Australia";2;103285
"LakeElmo,Minnesota";2;103287
"Merzouga,Marocco";2;103289
"SanAntonio,CostaRica";2;103291
"JohannesburgSouth,Sudafrica";2;103293
"Sinzing,Germania";2;103295
"Shamong,NewJersey";2;103297
"Puurs,Belgio";2;103299
"Balmain,Australia";2;103301
"Bethel,Vermont";2;103303
"Bexleyheath,RegnoUnito";2;103305
"Fitchburg,Wisconsin";2;103307
"Worsley,RegnoUnito";2;103309
"LasCondes,Cile";2;103311
"Eastpointe,Michigan";2;103313
"GlenEllyn,Illinois";2;103315
"Hudson,Ohio";2;103317
"Bath,Maine";2;103319
"LongBeach,Australia";2;103321
"Narraweena,Australia";2;103323
"Greenfield,Indiana";2;103325
"Thompson,Connecticut";2;103327
"SanJuan,Texas";2;103329
"Ashtead,RegnoUnito";2;103331
"Drouin,Australia";2;103333
"FountainHills,Arizona";2;103335
"NorthManly,Australia";2;103337
"DeerPark,NewYork";2;103339
"Nelson,RegnoUnito";2;103341
"GlenelgSouth,Australia";2;103343
"SpringvaleSouth,Australia";2;103345
"Thimphu,Bhutan";2;103347
"Charleroi,Belgio";2;103349
"Kennington,RegnoUnito";2;103351
"LasTerrenas,RepubblicaDominicana";2;103353
"Suquamish,Washington";2;103355
"IloiloCity,Filippine";2;103357
"ProvinciadiIstanbul,Turchia";2;103359
"Pohang-si,CoreadelSud";2;103361
"Douglas,IsoladiMan";2;103363
"HospitaletdeLlobregat,Spagna";2;103365
"Kodak,Tennessee";2;103367
"Recklinghausen,Germania";2;103369
"Bridgewater,Australia";2;103371
"KrongPreahSihanouk,Cambogia";2;103373
"Evere,Belgio";2;103375
"Kotka,Finlandia";2;103377
"AtlanticHighlands,NewJersey";2;103379
"Bellefontaine,Ohio";2;103381
"Plainview,NewYork";2;103383
"Taoyuan,Taiwan";2;103385
"H?lualoa,Hawaii";2;103387
"Westminster,Maryland";2;103389
"Arrowtown,NuovaZelanda";2;103391
"LaOrotava,Spagna";2;103393
"AppleValley,Minnesota";2;103395
"Bicester,RegnoUnito";2;103397
"Sandusky,Ohio";2;103399
"Innisfail,Canada";2;103401
"Sussex,Wisconsin";2;103403
"Villejuif,Francia";2;103405
"Floresville,Texas";2;103407
"Medstead,RegnoUnito";2;103409
"Codroipo,Italia";2;103411
"Landstuhl,Germania";2;103413
"Taillecourt,Francia";2;103415
"Cooranbong,Australia";2;103417
"Leusden,PaesiBassi";2;103419
"Kokomo,Indiana";2;103421
"SheboyganFalls,Wisconsin";2;103423
"Adendorf,Germania";2;103425
"Langhorne,Pennsylvania";2;103427
"Firenze,Arizona";2;103429
"Blacklick,Ohio";2;103431
"Fiandre,Belgio";2;103433
"Summerfield,NorthCarolina";2;103435
"Vitry-sur-Seine,Francia";2;103437
"Ampang,Malesia";2;103439
"Oeiras,Portogallo";2;103441
"Kuopio,Finlandia";2;103443
"Buskerud,Norvegia";2;103445
"HasbrouckHeights,NewJersey";2;103447
"Portage,Michigan";2;103449
"Piedmont,SouthCarolina";2;103451
"Ceres,California";2;103453
"EastHaddam,Connecticut";2;103455
"Crace,Australia";2;103457
"Saint-Augustin-de-Desmaures,Canada";2;103459
"Lichfield,RegnoUnito";2;103461
"Islip,NewYork";2;103463
"Saggart,Irlanda";2;103465
"Huntingdon,Pennsylvania";2;103467
"LangnauamAlbis,Svizzera";2;103469
"Redwood,NewYork";2;103471
"Puchheim,Germania";2;103473
"Warminster,Pennsylvania";2;103475
"Wylie,Texas";2;103477
"Morganton,NorthCarolina";2;103479
"Veenendaal,PaesiBassi";2;103481
"AnnapolisRoyal,Canada";2;103483
"Cyberjaya,Malesia";2;103485
"Cavan,Irlanda";2;103487
"Narragansett,RhodeIsland";2;103489
"HomerGlen,Illinois";2;103491
"Antioquia,Colombia";2;103493
"BigOmaha,NuovaZelanda";2;103495
"Rubery,RegnoUnito";2;103497
"GreatAyton,RegnoUnito";2;103499
"Charlton,Australia";2;103501
"Salhouse,RegnoUnito";2;103503
"Sunderland,Massachusetts";2;103505
"Giffnock,RegnoUnito";2;103507
"Littlebourne,RegnoUnito";2;103509
"Nagpur,India";2;103511
"PolinesiaFrancese";2;103513
"Monroe,NorthCarolina";2;103515
"Guisborough,RegnoUnito";2;103517
"PlainfieldcharterTownship,Michigan";2;103519
"Smyrna,Tennessee";2;103521
"PalisadesPark,NewJersey";2;103523
"Cuckfield,RegnoUnito";2;103525
"Rosmalen,PaesiBassi";2;103527
"Jenks,Oklahoma";2;103529
"Saarlouis,Germania";2;103531
"MadisonHeights,Michigan";2;103533
"Jackson,NewHampshire";2;103535
"Palisade,Colorado";2;103537
"Ada,Michigan";2;103539
"Anglet,Francia";2;103541
"Flourtown,Pennsylvania";2;103543
"Russellville,Arkansas";2;103545
"Sorell,Australia";2;103547
"GrossePointeFarms,Michigan";2;103549
"Ala�at?,Turchia";2;103551
"Hampden,Maine";2;103553
"Middletown,Delaware";2;103555
"Warner,NewHampshire";2;103557
"Munster,Indiana";2;103559
"Cura�ao";2;103561
"BateauBay,Australia";2;103563
"PlettenbergBay,Sudafrica";2;103565
"LiederbachamTaunus,Germania";2;103567
"Sunbury-on-Thames,RegnoUnito";2;103569
"Grafenw�hr,Germania";2;103571
"Bellagio,Italia";2;103573
"Saint-Lazare,Canada";2;103575
"Safford,Arizona";2;103577
"Ryde,Australia";2;103579
"Tenafly,NewJersey";2;103581
"Norderstedt,Germania";2;103583
"Blairstown,NewJersey";2;103585
"Vechta,Germania";2;103587
"Lun�ville,Francia";2;103589
"Libano,NewJersey";2;103591
"NewfoundlandandLabrador,Canada";2;103593
"Risca,RegnoUnito";2;103595
"EmeraldIsle,NorthCarolina";2;103597
"Goshen,Indiana";2;103599
"NakagyoWard,Giappone";2;103601
"QueenCreek,Arizona";2;103603
"Villeneuve-l�s-Avignon,Francia";2;103605
"Benowa,Australia";2;103607
"Farmingville,NewYork";2;103609
"RichardsBay,Sudafrica";2;103611
"Gardenvale,Australia";2;103613
"LaPalma,California";2;103615
"NorthFork,California";2;103617
"Corralejo,Spagna";2;103619
"Hawkhurst,RegnoUnito";2;103621
"Boechout,Belgio";2;103623
"Draguignan,Francia";2;103625
"Deltona,Florida";2;103627
"BannerElk,NorthCarolina";2;103629
"Willoughby,Ohio";2;103631
"Neu-Ulm,Germania";2;103633
"Mons-en-Bar�ul,Francia";2;103635
"Hanau,Germania";2;103637
"Clancy,Montana";2;103639
"LakeForest,Illinois";2;103641
"Ross,California";2;103643
"Spenge,Germania";2;103645
"Cygnet,Australia";2;103647
"IndianTrail,NorthCarolina";2;103649
"Lopburi,Tailandia";2;103651
"Crewkerne,RegnoUnito";2;103653
"Aledo,Texas";2;103655
"NeuhausenaufdenFildern,Germania";2;103657
"Lincolnwood,Illinois";2;103659
"FortBragg,NorthCarolina";2;103661
"Pinckney,Michigan";2;103663
"Burlington,Washington";2;103665
"Waukesha,Wisconsin";2;103667
"Sydney,Canada";2;103669
"Ostia,Italia";2;103671
"Dunmurry,RegnoUnito";2;103673
"LeBourget,Francia";2;103675
"Bagnolet,Francia";2;103677
"Buda�rs,Ungheria";2;103679
"Mazatl�n,Messico";2;103681
"Hamilton,Australia";2;103683
"Aschaffenburg,Germania";2;103685
"Huelva,Spagna";2;103687
"CollegePlace,Washington";2;103689
"Blanchard,Oklahoma";2;103691
"CaviteCity,Filippine";2;103693
"Chadstone,Australia";2;103695
"Burgdorf,Svizzera";2;103697
"Zemst,Belgio";2;103699
"PerthAmboy,NewJersey";2;103701
"Louth,Irlanda";2;103703
"Brandon,Mississippi";2;103705
"Monmouth,Oregon";2;103707
"LafayetteHill,Pennsylvania";2;103709
"RoadTown,IsoleVerginiBritanniche";2;103711
"MountHood,Oregon";2;103713
"CivitellaPaganico,Italia";2;103715
"Pembroke,Canada";2;103717
"Thompson'sStation,Tennessee";2;103719
"SierraMadre,California";2;103721
"NeptuneBeach,Florida";2;103723
"ElPrado,NewMexico";2;103725
"Bulimba,Australia";2;103727
"RoundLake,Illinois";2;103729
"Alabama,StatiUniti";2;103731
"DoubleBay,Australia";2;103733
"J�rna,Svezia";2;103735
"ClemtonPark,Australia";2;103737
"Rozelle,Australia";2;103739
"Nedlands,Australia";2;103741
"Wethersfield,Connecticut";2;103743
"EvertonPark,Australia";2;103745
"GreatFalls,Virginia";2;103747
"Stretton,Australia";2;103749
"Plantation,Florida";2;103751
"Thibodaux,Louisiana";2;103753
"Congleton,RegnoUnito";2;103755
"Dickinson,North";2;103757
"Waconia,Minnesota";2;103759
"ColmenarViejo,Spagna";2;103761
"Gallatin,Tennessee";2;103763
"Schwalmtal,Germania";2;103765
"Canton,NorthCarolina";2;103767
"Adamstown,Australia";2;103769
"Glastonbury,Connecticut";2;103771
"StephensCity,Virginia";2;103773
"Essendon,Australia";2;103775
"ForestLake,Minnesota";2;103777
"Springville,Utah";2;103779
"Brampton,RegnoUnito";2;103781
"Ridgewood,Australia";2;103783
"SaintVincenteGrenadines";2;103785
"Audubon,NewJersey";2;103787
"Sundsvall,Svezia";2;103789
"Grantsville,Maryland";2;103791
"Cranbrook,Canada";2;103793
"SriJayawardenepuraKotte,SriLanka";2;103795
"NewMarket,Virginia";2;103797
"Pewaukee,Wisconsin";2;103799
"Naugatuck,Connecticut";2;103801
"Newark,Ohio";2;103803
"Piran,Slovenia";2;103805
"Greensboro,Maryland";2;103807
"Esher,RegnoUnito";2;103809
"Kauniainen,Finlandia";2;103811
"BarBeach,Australia";2;103813
"Detmold,Germania";2;103815
"Campeche,Messico";2;103817
"Postojna,Slovenia";2;103819
"Libano,Indiana";2;103821
"NorthPort,Florida";2;103823
"FortLee,NewJersey";2;103825
"T�nder,";2;103827
"AltaAustria,Austria";2;103829
"Washington,Pennsylvania";2;103831
"Keystone,Colorado";2;103833
"Kozani,Grecia";2;103835
"Cuenca,Spagna";2;103837
"Stoughton,Massachusetts";2;103839
"Homebush,Australia";2;103841
"Norton,Massachusetts";2;103843
"NottingHill,Australia";2;103845
"Cattolica,Italia";2;103847
"Hershey,Pennsylvania";2;103849
"Clonmel,Irlanda";2;103851
"King'sLynn,RegnoUnito";2;103853
"RiverForest,Illinois";2;103855
"R�nne,";2;103857
"Talladega,Alabama";2;103859
"Collombey,Svizzera";2;103861
"Oreland,Pennsylvania";2;103863
"Uddevalla,Svezia";2;103865
"SanktLeon-Rot,Germania";2;103867
"Riverton,NewJersey";2;103869
"Bodicote,RegnoUnito";2;103871
"Baldwin,Maryland";2;103873
"Mechanicsville,Maryland";2;103875
"Fayetteville,WestVirginia";2;103877
"Choctaw,Oklahoma";2;103879
"Amherst,NewHampshire";2;103881
"Newmarket,NewHampshire";2;103883
"LoneTree,Colorado";2;103885
"StokeGifford,RegnoUnito";2;103887
"Huskisson,Australia";2;103889
"Gainesville,Virginia";2;103891
"BrushPrairie,Washington";2;103893
"Goatstown,Irlanda";2;103895
"Benicasim,Spagna";2;103897
"Lismore,Australia";2;103899
"Forestville,California";2;103901
"Loganville,Georgia";2;103903
"Duncraig,Australia";2;103905
"Gex,Francia";2;103907
"Bonbeach,Australia";2;103909
"Liverpool,NewYork";2;103911
"Ravensburg,Germania";2;103913
"Aberfeldie,Australia";2;103915
"FortLee,Virginia";2;103917
"Medina,Washington";2;103919
"Hamilton,Virginia";2;103921
"ConnellsPoint,Australia";2;103923
"Alings�s,Svezia";2;103925
"Lansing,Illinois";2;103927
"Champigny-sur-Marne,Francia";2;103929
"Schorndorf,Germania";2;103931
"Pierrelatte,Francia";2;103933
"Syracuse,Utah";2;103935
"NishiWard,Giappone";2;103937
"MillPark,Australia";2;103939
"Kajang,Malesia";2;103941
"FushimiWard,Giappone";2;103943
"SylvanLake,Canada";2;103945
"Trnava,Slovacchia";2;103947
"Ipoh,Malesia";2;103949
"Harelbeke,Belgio";2;103951
"Alfama,Portogallo";2;103953
"Castaic,California";2;103955
"Rockport,Texas";2;103957
"Allauch,Francia";2;103959
"Sint-Gillis-Waas,Belgio";2;103961
"Ukmerg?,Lituania";2;103963
"PeachtreeCorners,Georgia";2;103965
"VentnorCity,NewJersey";2;103967
"RouseHill,Australia";2;103969
"Orting,Washington";2;103971
"Sharon,Connecticut";2;103973
"Matapalo,CostaRica";2;103975
"Canby,Oregon";2;103977
"Langen,Germania";2;103979
"LaCenter,Washington";2;103981
"Tabernash,Colorado";2;103983
"ChippingNorton,RegnoUnito";2;103985
"MountainHome,Idaho";2;103987
"Suceava,Romania";2;103989
"Windsor,Connecticut";2;103991
"Lisvane,RegnoUnito";2;103993
"Clophill,RegnoUnito";2;103995
"Stafford,RegnoUnito";2;103997
"Uddingston,RegnoUnito";2;103999
"Ashland,Virginia";2;104001
"Gardiner,NewYork";2;104003
"Drysdale,Australia";2;104005
"Dexter,Missouri";2;104007
"PascoeVale,Australia";2;104009
"Gilford,NewHampshire";2;104011
"Sycamore,Illinois";2;104013
"LeRoy,NewYork";2;104015
"Rafina,Grecia";2;104017
"Friendswood,Texas";2;104019
"NewPalestine,Indiana";2;104021
"MarbleFalls,Texas";2;104023
"Swedesboro,NewJersey";2;104025
"Brookfield,Connecticut";2;104027
"Babylon,NewYork";2;104029
"Newtownabbey,RegnoUnito";2;104031
"BellGardens,California";2;104033
"Laurelville,Ohio";2;104035
"Brecksville,Ohio";2;104037
"Quepos,CostaRica";2;104039
"JervisBayTerritory,Australia";2;104041
"MontAlbertNorth,Australia";2;104043
"Morrill,Maine";2;104045
"Baldwinsville,NewYork";2;104047
"Emporia,Kansas";2;104049
"Moore,Oklahoma";2;104051
"Erkrath,Germania";2;104053
"Calistoga,California";2;104055
"IsoladiCamano,Washington";2;104057
"Essex,Vermont";2;104059
"Montebello,California";2;104061
"Murcia,Spagna";2;104063
"WindsorHeights,Iowa";2;104065
"Hutchinson,Kansas";2;104067
"Buntingford,RegnoUnito";2;104069
"Barnet,Vermont";2;104071
"HavredeGrace,Maryland";2;104073
"Downey,California";2;104075
"FrenchsForest,Australia";2;104077
"Oberrieden,Svizzera";2;104079
"Yeronga,Australia";2;104081
"Monsey,NewYork";2;104083
"Leonia,NewJersey";2;104085
"KeeneValley,NewYork";2;104087
"Lerici,Italia";2;104089
"Gummersbach,Germania";2;104091
"Morrison,Colorado";2;104093
"LocustGrove,Virginia";2;104095
"Queensbury,NewYork";2;104097
"Kungsbacka,Svezia";2;104099
"Kingsford,Australia";2;104101
"Taytay,Filippine";2;104103
"Thetford,RegnoUnito";2;104105
"Whissendine,RegnoUnito";2;104107
"BoilingSprings,SouthCarolina";2;104109
"M�nnedorf,Svizzera";2;104111
"Tula,Russia";2;104113
"Meursault,Francia";2;104115
"Clwt-y-bont,RegnoUnito";2;104117
"Castor,Canada";2;104119
"Corlette,Australia";2;104121
"Poitiers,Francia";2;104123
"Humacao,Portorico";2;104125
"Carencro,Louisiana";2;104127
"SevernaPark,Maryland";2;104129
"Polonia,Maine";2;104131
"Beavercreek,Ohio";2;104133
"Temple,Texas";2;104135
"Ladismith,Sudafrica";2;104137
"SaintAlbans,Australia";2;104139
"Hernando,Florida";2;104141
"Hopkinton,NewHampshire";2;104143
"Purley,RegnoUnito";2;104145
"Taranna,Australia";2;104147
"Kaohsiung,Taiwan";2;104149
"Pulawy,Polonia";2;104151
"Cuiab�,Brasile";2;104153
"Crownsville,Maryland";2;104155
"Larbert,RegnoUnito";2;104157
"PleasantView,Utah";2;104159
"Landenberg,Pennsylvania";2;104161
"Swanville,Maine";2;104163
"Wood-Ridge,NewJersey";2;104165
"Webster,Massachusetts";2;104167
"Trebur,Germania";2;104169
"Oberdorf,Svizzera";2;104171
"GlenEllen,California";2;104173
"Lincolnville,Maine";2;104175
"Waddinxveen,PaesiBassi";2;104177
"Knightdale,NorthCarolina";2;104179
"ChapelHill,Australia";2;104181
"Cicero,Illinois";2;104183
"Lule�,Svezia";2;104185
"Palmira,Virginia";2;104187
"Can�vanas,Portorico";2;104189
"ForestRow,RegnoUnito";2;104191
"SanJacinto,California";2;104193
"Huntingdale,Australia";2;104195
"Oshkosh,Wisconsin";2;104197
"Schofields,Australia";2;104199
"Manarola,Italia";2;104201
"Wyong,Australia";2;104203
"EndeavourHills,Australia";2;104205
"Smolensk,Russia";2;104207
"Biella,Italia";2;104209
"Canton,Massachusetts";2;104211
"Calais,Vermont";2;104213
"CroydonNorth,Australia";2;104215
"Brookfield,Illinois";2;104217
"Chesterfield,Virginia";2;104219
"Solvang,California";2;104221
"Waldorf,Maryland";2;104223
"Rottenburg,Germania";2;104225
"Rowington,RegnoUnito";2;104227
"Boutersem,Belgio";2;104229
"Somerville,NewJersey";2;104231
"Zwevegem,Belgio";2;104233
"Bradville,RegnoUnito";2;104235
"Mechanicsville,Virginia";2;104237
"Yardley,Pennsylvania";2;104239
"Shelbyville,Kentucky";2;104241
"WadingRiver,NewYork";2;104243
"Dickson,Tennessee";2;104245
"Vught,PaesiBassi";2;104247
"Monroe,Connecticut";2;104249
"Corsham,RegnoUnito";2;104251
"Joliet,Illinois";2;104253
"Huntington,Indiana";2;104255
"Aurora,Ohio";2;104257
"Roseville,Minnesota";2;104259
"Bietigheim-Bissingen,Germania";2;104261
"PointRoberts,Washington";2;104263
"SouthwestHarbor,Maine";2;104265
"GrossePointe,Michigan";2;104267
"Silverdale,Washington";2;104269
"Enterprise,Alabama";2;104271
"Griffith,Australia";2;104273
"Broadway,Virginia";2;104275
"Arncliffe,Australia";2;104277
"Portchester,RegnoUnito";2;104279
"Aguadilla,Portorico";2;104281
"BraunauamInn,Austria";2;104283
"H�meenlinna,Finlandia";2;104285
"Hiller�d,";2;104287
"SaiwaiWard,Giappone";2;104289
"PleasantPlains,Illinois";2;104291
"Hastings-on-Hudson,NewYork";2;104293
"Lambton,Australia";2;104295
"Rivervale,Australia";2;104297
"QuintanaRoo,Messico";2;104299
"Newlyn,RegnoUnito";2;104301
"LaPorte,Texas";2;104303
"AmpangJaya,Malesia";2;104305
"Germiston,Sudafrica";2;104307
"Ascot,RegnoUnito";2;104309
"Tenniken,Svizzera";2;104311
"BuenosAiresProvince,Argentina";2;104313
"WestValleyCity,Utah";2;104315
"BermudaDunes,California";2;104317
"Manasquan,NewJersey";2;104319
"Somis,California";2;104321
"Drummondville,Canada";2;104323
"MurnauamStaffelsee,Germania";2;104325
"Merewether,Australia";2;104327
"RanchosdeTaos,NewMexico";2;104329
"Meridian,Mississippi";2;104331
"Exton,Pennsylvania";2;104333
"SanPedroSula,Honduras";2;104335
"Barsinghausen,Germania";2;104337
"Alberobello,Italia";2;104339
"NovaLima,Brasile";2;104341
"Brookfield,Wisconsin";2;104343
"FondduLac,Wisconsin";2;104345
"DolphinPoint,Australia";2;104347
"Waitsfield,Vermont";2;104349
"Viareggio,Italia";2;104351
"Roanoke,Texas";2;104353
"Ephrata,Pennsylvania";2;104355
"Berwyn,Illinois";2;104357
"Southampton,Pennsylvania";2;104359
"Fredericia,";2;104361
"Fujiyoshida,Giappone";2;104363
"Raseborg,Finlandia";2;104365
"Grafton,Australia";2;104367
"LaregioneV�straG�taland,Svezia";2;104369
"NewLondon,NewHampshire";2;104371
"BedminsterTownship,NewJersey";2;104373
"Castanet-Tolosan,Francia";2;104375
"Fairway,Kansas";2;104377
"Salthill,Irlanda";2;104379
"Kleve,Germania";2;104381
"Calci,Italia";2;104383
"MountEliza,Australia";2;104385
"Belrose,Australia";2;104387
"Hebron,Connecticut";2;104389
"Brixen,Italia";2;104391
"Jericho,Vermont";2;104393
"ElMonte,California";2;104395
"Semarang,Indonesia";2;104397
"Quarrata,Italia";2;104399
"WinterHaven,Florida";2;104401
"Wayzata,Minnesota";2;104403
"Hossegor,Francia";2;104405
"WentworthFalls,Australia";2;104407
"Middelburg,PaesiBassi";2;104409
"EnglefieldGreen,RegnoUnito";2;104411
"Gosport,RegnoUnito";2;104413
"MossBeach,California";2;104415
"Bantry,Irlanda";2;104417
"Nipomo,California";2;104419
"Plantagenet,Canada";2;104421
"TaylorsHill,Australia";2;104423
"Ballina,Australia";2;104425
"Aguada,Portorico";2;104427
"Saumur,Francia";2;104429
"Bruneck,Italia";2;104431
"Rhenen,PaesiBassi";2;104433
"Haaltert,Belgio";2;104435
"Hillsboro,NewHampshire";2;104437
"MirandadeEbro,Spagna";2;104439
"Flushing,Michigan";2;104441
"Manosque,Francia";2;104443
"Hampton,Connecticut";2;104445
"Clayfield,Australia";2;104447
"Pontevedra,Spagna";2;104449
"Hertford,RegnoUnito";2;104451
"Pikeville,Tennessee";2;104453
"Cockeysville,Maryland";2;104455
"LePlessis-Tr�vise,Francia";2;104457
"HollyHill,Florida";2;104459
"Lindau,Germania";2;104461
"Palaiseau,Francia";2;104463
"Zollikon,Svizzera";2;104465
"Vallese,Svizzera";2;104467
"Roscoe,Illinois";2;104469
"Chalford,RegnoUnito";2;104471
"Valparaiso,Indiana";2;104473
"HemelHempstead,RegnoUnito";2;104475
"OjoCaliente,NewMexico";2;104477
"HaciendaHeights,California";2;104479
"Gibilterra";2;104481
"WooburnGreen,RegnoUnito";2;104483
"Wezep,PaesiBassi";2;104485
"Sete,Francia";2;104487
"RootyHill,Australia";2;104489
"HoffmanEstates,Illinois";2;104491
"Maynooth,Irlanda";2;104493
"Vlissingen,PaesiBassi";2;104495
"NewportPagnell,RegnoUnito";2;104497
"SaintHelier,Jersey";2;104499
"Vis,Croazia";2;104501
"Brugg,Svizzera";2;104503
"Nivelles,Belgio";2;104505
"MuirBeach,California";2;104507
"Meppel,PaesiBassi";2;104509
"The";2;104511
"Hawthorne,Australia";2;104513
"AlAin,EmiratiArabiUniti";2;104515
"BowlingGreen,Ohio";2;104517
"SwanCreek,Australia";2;104519
"SemaphorePark,Australia";2;104521
"Southport,Australia";2;104523
"Plochingen,Germania";2;104525
"Rheine,Germania";2;104527
"Woodstock,NewHampshire";2;104529
"Rangiora,NuovaZelanda";2;104531
"Sotteville-l�s-Rouen,Francia";2;104533
"Klaipeda,Lituania";2;104535
"Allschwil,Svizzera";2;104537
"Groton,Massachusetts";2;104539
"Florida,NewYork";2;104541
"Laingsburg,Michigan";2;104543
"Murphy,Texas";2;104545
"Georgeham,RegnoUnito";2;104547
"W�denswil,Svizzera";2;104549
"Bundanoon,Australia";2;104551
"Hanahan,SouthCarolina";2;104553
"Schleswig-Holstein,Germania";2;104555
"Canyon,Texas";2;104557
"Randolph,NewJersey";2;104559
"Campbelltown,Australia";2;104561
"Whitehall,Pennsylvania";2;104563
"Waterbury,Connecticut";2;104565
"McKeesRocks,Pennsylvania";2;104567
"PortPerry,Canada";2;104569
"Seregno,Italia";2;104571
"Windsor,Vermont";2;104573
"M?rupe,Lettonia";2;104575
"Tenby,RegnoUnito";2;104577
"SanGimignano,Italia";2;104579
"California,Maryland";2;104581
"Vitoria,Brasile";2;104583
"Lindon,Utah";2;104585
"ManlyVale,Australia";2;104587
"Terlingua,Texas";2;104589
"EastMontpelier,Vermont";2;104591
"Pai,Tailandia";2;104593
"Holliston,Massachusetts";2;104595
"Bergen";2;104597
"Auxerre,Francia";2;104599
"Neckargem�nd,Germania";2;104601
"Berkley,Michigan";2;104603
"Wakerley,Australia";2;104605
"Grange,Australia";2;104607
"Kingscliff,Australia";2;104609
"Pinehurst,NorthCarolina";2;104611
"Urumqi,Cina";2;104613
"CapeElizabeth,Maine";2;104615
"Dossenheim,Germania";2;104617
"Portogruaro,Italia";2;104619
"Richmond,Indiana";2;104621
"VarsityLakes,Australia";2;104623
"Gi�nnina,Grecia";2;104625
"Grimstad,Norvegia";2;104627
"Truro,Massachusetts";2;104629
"Oakland,Maryland";2;104631
"SantaYnez,California";2;104633
"Montgomery,NewYork";2;104635
"CentralJava,Indonesia";2;104637
"KentTown,Australia";2;104639
"X�bia,Spagna";2;104641
"AllenPark,Michigan";2;104643
"Calenzano,Italia";2;104645
"Kiruna,Svezia";2;104647
"Alnwick,RegnoUnito";2;104649
"Schabs,Italia";2;104651
"Pooler,Georgia";2;104653
"Cornville,Arizona";2;104655
"Al�nya,Francia";2;104657
"Boo,Svezia";2;104659
"Enna,Italia";2;104661
"Cheney,Washington";2;104663
"Albany,Oregon";2;104665
"Warburton,Australia";2;104667
"Glenside,Pennsylvania";2;104669
"MontegoBay,Giamaica";2;104671
"Vernal,Utah";2;104673
"MiddlePark,Australia";2;104675
"Cobham,RegnoUnito";2;104677
"Clareville,Australia";2;104679
"Piacenza,Italia";2;104681
"VictoriaPark,Australia";2;104683
"Rheinfelden,Svizzera";2;104685
"MazaradelVallo,Italia";2;104687
"EastMelbourne,Australia";2;104689
"Motril,Spagna";2;104691
"Saint-Jean-de-Luz,Francia";2;104693
"Ellsworth,Maine";2;104695
"Weimar,Germania";2;104697
"Chelsea,Massachusetts";2;104699
"Winchendon,Massachusetts";2;104701
"Bandera,Texas";2;104703
"Parkside,Australia";2;104705
"OceanShores,Australia";2;104707
"St.PeteBeach,Florida";2;104709
"Esch-sur-Alzette,Lussemburgo";2;104711
"Apalachicola,Florida";2;104713
"Mykonos,Grecia";2;104715
"OceanShores,Washington";2;104717
"Manningham,Australia";2;104719
"Jordan,Minnesota";2;104721
"LosCerrillos,NewMexico";2;104723
"Wood";2;104725
"Kenwood,California";2;104727
"Klagenfurt,Austria";2;104729
"ChincoteagueIsland,Virginia";2;104731
"Summerland,Canada";2;104733
"Meriden,Connecticut";2;104735
"Covington,Kentucky";2;104737
"Caracas,Venezuela";2;104739
"Schilde,Belgio";2;104741
"Blaine,Washington";2;104743
"DeMeern,PaesiBassi";2;104745
"OldWestbury,NewYork";2;104747
"Dundrum,Irlanda";2;104749
"HarborSprings,Michigan";2;104751
"Rethimnon,Grecia";2;104753
"Kerry,Irlanda";2;104755
"Paisley,RegnoUnito";2;104757
"Enderby,Canada";2;104759
"Albacete,Spagna";2;104761
"Bourg-Saint-Maurice,Francia";2;104763
"Centerville,Ohio";2;104765
"Union,Washington";2;104767
"Elsternwick,Australia";2;104769
"Fiesole,Italia";2;104771
"Bowdoinham,Maine";2;104773
"PuertoMadryn,Argentina";2;104775
"Sparta,Tennessee";2;104777
"WestBoylston,Massachusetts";2;104779
"Berlino,Maryland";2;104781
"Roquebrune-Cap-Martin,Francia";2;104783
"Nafplion,Grecia";2;104785
"Corbeil-Essonnes,Francia";2;104787
"HoppersCrossing,Australia";2;104789
"Bellefonte,Pennsylvania";2;104791
"Caldwell,NewJersey";2;104793
"Vallegrande,Croazia";2;104795
"Dungarvan,Irlanda";2;104797
"Ronda,Spagna";2;104799
"SanGiovanniInPersiceto,Italia";2;104801
"Charkiv,Ucraina";2;104803
"Cassis,Francia";2;104805
"Le�n,Nicaragua";2;104807
"Tehachapi,California";2;104809
"Saint-Genest-Malifaux,Francia";2;104811
"BoulderCity,Nevada";2;104813
"WettswilamAlbis,Svizzera";2;104815
"MiyakojimaWard,Giappone";2;104817
"Legnica,Polonia";2;104819
"Oxford,Massachusetts";2;104821
"CountyDublin,Irlanda";2;104823
"Bastennes,Francia";2;104825
"SuttonCourtenay,RegnoUnito";2;104827
"SantaRosaCity,Filippine";2;104829
"Stevensville,Maryland";2;104831
"WestMolesey,RegnoUnito";2;104833
"Tsingtao,Cina";2;104835
"NorthShields,RegnoUnito";2;104837
"Bromsgrove,RegnoUnito";2;104839
"Moneta,Virginia";2;104841
"Angaston,Australia";2;104843
"Verona,Wisconsin";2;104845
"Songkhla,Tailandia";2;104847
"DelReyOaks,California";2;104849
"Audley,RegnoUnito";2;104851
"Arundel,Australia";2;104853
"BridgeofAllan,RegnoUnito";2;104855
"PortFairy,Australia";2;104857
"Lituania";2;104859
"LakeMontezuma,Arizona";2;104861
"Gronau,Germania";2;104863
"Brecon,RegnoUnito";2;104865
"Kyyiv,Ucraina";2;104867
"Trollh�ttan,Svezia";2;104869
"Jamestown,RhodeIsland";2;104871
"NorthCanton,Ohio";2;104873
"Berlino,NewYork";2;104875
"DesenzanodelGarda,Italia";2;104877
"Murray,Kentucky";2;104879
"Liestal,Svizzera";2;104881
"Fornebu,Norvegia";2;104883
"Malinska,Croazia";2;104885
"Overton,RegnoUnito";2;104887
"Mawson,Australia";2;104889
"Nathrop,Colorado";2;104891
"MooneePonds,Australia";2;104893
"Vernier,Svizzera";2;104895
"Valldemossa,Spagna";2;104897
"ShakerHeights,Ohio";2;104899
"Granville,Massachusetts";2;104901
"Kyneton,Australia";2;104903
"Highgate,Australia";2;104905
"Subotica,Serbia";2;104907
"MendotaHeights,Minnesota";2;104909
"Solomons,Maryland";2;104911
"Covilha,Portogallo";2;104913
"Golden,Canada";2;104915
"PrefetturadiGunma,Giappone";2;104917
"Edwards,Colorado";2;104919
"Parkville,Australia";2;104921
"Kamas,Utah";2;104923
"Portland,Pennsylvania";2;104925
"Unterschlei�heim,Germania";2;104927
"StinsonBeach,California";2;104929
"Puglia,Italia";2;104931
"Alsace-Champagne-Ardenne-Lorraine,Francia";2;104933
"Kigali,Ruanda";2;104935
"MonteVerde,CostaRica";2;104937
"Seyssinet-Pariset,Francia";2;104939
"Vilseck,Germania";2;104941
"BlueSprings,Missouri";2;104943
"DistrettodiNeptune,NewJersey";2;104945
"Narberth,Pennsylvania";2;104947
"LasPalmas,Spagna";2;104949
"Blairlogie,RegnoUnito";2;104951
"PicnicPoint,Australia";2;104953
"Kurnell,Australia";2;104955
"Stresa,Italia";2;104957
"PennValley,California";2;104959
"Windang,Australia";2;104961
"Ludwigshafen,Germania";2;104963
"Bonsall,California";2;104965
"Rosanna,Australia";2;104967
"Angleton,Texas";2;104969
"Colville,Washington";2;104971
"Muravera,Italia";2;104973
"Tathra,Australia";2;104975
"Trumansburg,NewYork";2;104977
"Boucherville,Canada";2;104979
"Panajachel,Guatemala";2;104981
"Turate,Italia";2;104983
"BadenbeiWien,Austria";2;104985
"AlpineMeadows,California";2;104987
"SanJuanBautista,California";2;104989
"Balwyn,Australia";2;104991
"Marsfield,Australia";2;104993
"Crockett,California";2;104995
"Ivins,Utah";2;104997
"BoadilladelMonte,Spagna";2;104999
"Kortenberg,Belgio";2;105001
"SiouxCity,Iowa";2;105003
"WestBend,Wisconsin";2;105005
"Sursee,Svizzera";2;105007
"Interlochen,Michigan";2;105009
"Himar�,Albania";2;105011
"Clontarf,Australia";2;105013
"Oppland,Norvegia";2;105015
"Sandvika,Norvegia";2;105017
"MountHawthorn,Australia";2;105019
"Amesbury,Massachusetts";2;105021
"Castlecrag,Australia";2;105023
"BurleighHeads,Australia";2;105025
"Rockport,Massachusetts";2;105027
"Salisbury,NorthCarolina";2;105029
"Victoria,Texas";2;105031
"BeverlyHills,Michigan";2;105033
"Rowledge,RegnoUnito";2;105035
"RogueRiver,Oregon";2;105037
"AarhusCounty,";2;105039
"Alessandria,Italia";2;105041
"Uruguay";2;105043
"Highett,Australia";2;105045
"Hackett,Australia";2;105047
"Sandymount,Irlanda";2;105049
"Liding�,Svezia";2;105051
"Mudgee,Australia";2;105053
"Pointe-Claire,Canada";2;105055
"Seogwipo-si,CoreadelSud";2;105057
"Dorado,Portorico";2;105059
"VilafrancadelPened�s,Spagna";2;105061
"Schwetzingen,Germania";2;105063
"FortWashington,Maryland";2;105065
"Roermond,PaesiBassi";2;105067
"LangleyTownship,Canada";2;105069
"AgiosNikolaos,Grecia";2;105071
"Colac,Australia";2;105073
"Bedum,PaesiBassi";2;105075
"Saint-Thibault-des-Vignes,Francia";2;105077
"P�pa,Ungheria";2;105079
"Weyauwega,Wisconsin";2;105081
"Hoorn,PaesiBassi";2;105083
"Niwot,Colorado";2;105085
"Bougival,Francia";2;105087
"Brooklyn,Wisconsin";2;105089
"BlueLake,California";2;105091
"SouthPlainfield,NewJersey";2;105093
"Leicester,Massachusetts";2;105095
"Taghazout,Marocco";2;105097
"Interlaken,Svizzera";2;105099
"Shutesbury,Massachusetts";2;105101
"BedfordHills,NewYork";2;105103
"TheCity,RegnoUnito";2;105105
"Ramstein-Miesenbach,Germania";2;105107
"Penshurst,Australia";2;105109
"Badajoz,Spagna";2;105111
"Elblag,Polonia";2;105113
"S�oBr�sdeAlportel,Portogallo";2;105115
"Nieuw-Vennep,PaesiBassi";2;105117
"Beaumaris,Australia";2;105119
"NewCastle,NewHampshire";2;105121
"Bankstown,Australia";2;105123
"Burnham-on-Crouch,RegnoUnito";2;105125
"Smithfield,RhodeIsland";2;105127
"SognogFjordane,Norvegia";2;105129
"Merritt,Canada";2;105131
"Orvieto,Italia";2;105133
"Bastimento,Panama";2;105135
"NorthMiami,Florida";2;105137
"Sk�nel�n,Svezia";2;105139
"CastleCove,Australia";2;105141
"Retford,RegnoUnito";2;105143
"Brisbane,California";2;105145
"Lofthouse,RegnoUnito";2;105147
"Pembroke,Bermuda";2;105149
"Grefrath,Germania";2;105151
"Jouy-en-Josas,Francia";2;105153
"Cortona,Italia";2;105155
"Carpentras,Francia";2;105157
"Raynham,Massachusetts";2;105159
"JordanRiver,Canada";2;105161
"GlenCove,NewYork";2;105163
"Yucatan,Messico";2;105165
"WashingtonTownship,NewJersey";2;105167
"Bruchsal,Germania";2;105169
"LosAlamos,California";2;105171
"Eastham,Massachusetts";2;105173
"BigBearCity,California";2;105175
"Woodend,Australia";2;105177
"TempleCloud,RegnoUnito";2;105179
"Gaston,Oregon";2;105181
"Herent,Belgio";2;105183
"Avon,Colorado";2;105185
"Clovelly,Australia";2;105187
"Cr�teil,Francia";2;105189
"NorthSaanich,Canada";2;105191
"Gustavia,SanBartolomeo";2;105193
"Hordaland,Norvegia";2;105195
"Gosford,Australia";2;105197
"Powell,Wyoming";2;105199
"Witham,RegnoUnito";2;105201
"Cleves,Ohio";2;105203
"Ridgeland,Mississippi";2;105205
"HarrisPark,Australia";2;105207
"Paoli,Pennsylvania";2;105209
"Brewster,Massachusetts";2;105211
"Negril,Giamaica";2;105213
"Greenport,NewYork";2;105215
"Loxley,Alabama";2;105217
"OwingsMills,Maryland";2;105219
"Glenshaw,Pennsylvania";2;105221
"Bangor,Australia";2;105223
"OregonHouse,California";2;105225
"Eger,Ungheria";2;105227
"Bekasi,Indonesia";2;105229
"WienerNeudorf,Austria";2;105231
"Marcon,Italia";2;105233
"PollockPines,California";2;105235
"Dexter,Oregon";2;105237
"Bilgola,Australia";2;105239
"Gazeran,Francia";2;105241
"Benenden,RegnoUnito";2;105243
"Amherst,NewYork";2;105245
"Renwick,NuovaZelanda";2;105247
"Westbury,RegnoUnito";2;105249
"Central,California";2;105251
"NewHamburg,Canada";2;105253
"Tiberias,Israele";2;105255
"NorthSaltLake,Utah";2;105257
"Moss,Norvegia";2;105259
"Absecon,NewJersey";2;105261
"WyndhamVale,Australia";2;105263
"Faenza,Italia";2;105265
"Troisdorf,Germania";2;105267
"Guildford,Australia";2;105269
"Thuwal,ArabiaSaudita";2;105271
"GoldBar,Washington";2;105273
"KingsPark,NewYork";2;105275
"LakeHaven,Australia";2;105277
"Dover,RegnoUnito";2;105279
"Kirov,Russia";2;105281
"ZellamSee,Austria";2;105283
"Oisterwijk,PaesiBassi";2;105285
"RockyRiver,Ohio";2;105287
"WestBoldon,RegnoUnito";2;105289
"Chioggia,Italia";2;105291
"Cochin,India";2;105293
"Sint-Pieters-Leeuw,Belgio";2;105295
"EmuPlains,Australia";2;105297
"Berryville,Virginia";2;105299
"Leek,RegnoUnito";2;105301
"Cronulla,Australia";2;105303
"Farum,";2;105305
"CastelSanPietroTerme,Italia";2;105307
"Parkland,Florida";2;105309
"Weiden,Germania";2;105311
"Everett,Massachusetts";2;105313
"Steinhausen,Svizzera";2;105315
"Bovingdon,RegnoUnito";2;105317
"MassaLubrense,Italia";2;105319
"Aubonne,Svizzera";2;105321
"St.Albert,Canada";2;105323
"Matera,Italia";2;105325
"Bangalow,Australia";2;105327
"SaintHelens,RegnoUnito";2;105329
"Sirmione,Italia";2;105331
"Montecito,California";2;105333
"LaTour-de-Peilz,Svizzera";2;105335
"Chesterfield,RegnoUnito";2;105337
"LeBourg-d'Oisans,Francia";2;105339
"Newbury,Massachusetts";2;105341
"Rockingham,Australia";2;105343
"Ch�tillon,Francia";2;105345
"Meudon,Francia";2;105347
"CedarGrove,NewJersey";2;105349
"Sinalunga,Italia";2;105351
"Al�s,Francia";2;105353
"Stanwood,Washington";2;105355
"WappingersFalls,NewYork";2;105357
"Chur,Svizzera";2;105359
"Kilmore,Australia";2;105361
"Berwick,Australia";2;105363
"Binyamina-Giv'atAda,Israele";2;105365
"LowerPlenty,Australia";2;105367
"RollingMeadows,Illinois";2;105369
"NorthBrunswick,NewJersey";2;105371
"Gainesville,Texas";2;105373
"Obfelden,Svizzera";2;105375
"BelleVernon,Pennsylvania";2;105377
"Klang,Malesia";2;105379
"Cumberland,Maine";2;105381
"CarltonNorth,Australia";2;105383
"Markkleeberg,Germania";2;105385
"L�rrach,Germania";2;105387
"Dorval,Canada";2;105389
"Londonderry,NewHampshire";2;105391
"Antipolo,Filippine";2;105393
"Zollikerberg,Svizzera";2;105395
"Loyalton,California";2;105397
"Greenwich,RegnoUnito";2;105399
"Butler,Pennsylvania";2;105401
"Villard-de-Lans,Francia";2;105403
"KirchheimunterTeck,Germania";2;105405
"SanktIngbert,Germania";2;105407
"Bluff,Utah";2;105409
"Englishtown,NewJersey";2;105411
"Angoul�me,Francia";2;105413
"PortRepublic,Maryland";2;105415
"ShelterIsland,NewYork";2;105417
"HamiltonTownship,NewJersey";2;105419
"MonteArgentario,Italia";2;105421
"LittleSilver,NewJersey";2;105423
"Nettetal,Germania";2;105425
"Kirchentellinsfurt,Germania";2;105427
"BurgessHill,RegnoUnito";2;105429
"Georgia";2;105431
"Kagoshima,Giappone";2;105433
"Pringy,Francia";2;105435
"Woonsocket,RhodeIsland";2;105437
"NeaSmyrni,Grecia";2;105439
"Yarker,Canada";2;105441
"Bennett,Wisconsin";2;105443
"Frankfort,Illinois";2;105445
"LaMotte-Servolex,Francia";2;105447
"CarnelianBay,California";2;105449
"Tagaytay,Filippine";2;105451
"Ubatuba,Brasile";2;105453
"Conyers,Georgia";2;105455
"Ikeda,Giappone";2;105457
"Colne,RegnoUnito";2;105459
"Ryazan,Russia";2;105461
"Leiderdorp,PaesiBassi";2;105463
"Huningue,Francia";2;105465
"Bergschenhoek,PaesiBassi";2;105467
"Niseko,Giappone";2;105469
"Formby,RegnoUnito";2;105471
"Sulzberg,Germania";2;105473
"Hardwick,Vermont";2;105475
"Woodstock,Virginia";2;105477
"MokelumneHill,California";2;105479
"Aalter,Belgio";2;105481
"Garner,NorthCarolina";2;105483
"StKildaWest,Australia";2;105485
"Rye,Australia";2;105487
"CooperCity,Florida";2;105489
"Orly,Francia";2;105491
"CommerceCity,Colorado";2;105493
"Buderim,Australia";2;105495
"Set�bal,Portogallo";2;105497
"WangenbeiOlten,Svizzera";2;105499
"Orl�ans,Francia";2;105501
"Glasnevin,Irlanda";2;105503
"CoolumBeach,Australia";2;105505
"Clarkston,Michigan";2;105507
"MelbourneBeach,Florida";2;105509
"Lilyfield,Australia";2;105511
"Brabantesettentrionale,PaesiBassi";2;105513
"Lagos,Portogallo";2;105515
"Riverview,Australia";2;105517
"NieuwerkerkaandenIJssel,PaesiBassi";2;105519
"KeilorDowns,Australia";2;105521
"Angwin,California";2;105523
"MtDesert,Maine";2;105525
"Matara,SriLanka";2;105527
"Emigrant,Montana";2;105529
"Oria,Italia";2;105531
"Tomsk,Russia";2;105533
"Uebeschi,Svizzera";2;105535
"Ajo,Arizona";2;105537
"SwartzCreek,Michigan";2;105539
"Summerville,SouthCarolina";2;105541
"Clearfield,Utah";2;105543
"Horley,RegnoUnito";2;105545
"TuxtlaGuti�rrez,Messico";2;105547
"Azzorre,Portogallo";2;105549
"Orange,Connecticut";2;105551
"Wodonga,Australia";2;105553
"Harderwijk,PaesiBassi";2;105555
"Saco,Maine";2;105557
"Sheridan,Oregon";2;105559
"Arese,Italia";2;105561
"FrankstonSouth,Australia";2;105563
"Inglewood,Australia";2;105565
"Christiansted,IsoleVerginiAmericane";2;105567
"Suffield,Connecticut";2;105569
"MandellodelLario,Italia";2;105571
"Oldina,Australia";2;105573
"Farmington,Minnesota";2;105575
"Hinsdale,NewHampshire";2;105577
"Cool,California";2;105579
"KoSamui,Tailandia";2;105581
"CamsWharf,Australia";2;105583
"Waunakee,Wisconsin";2;105585
"Paderborn,Germania";2;105587
"Glossop,RegnoUnito";2;105589
"Nicaragua";2;105591
"V�nissieux,Francia";2;105593
"Moretown,Vermont";2;105595
"Mollymook,Australia";2;105597
"PortStLucie,Florida";2;105599
"Soorts-Hossegor,Francia";2;105601
"Morristown,Tennessee";2;105603
"Porvoo,Finlandia";2;105605
"Changchun,Cina";2;105607
"FishCreek,Australia";2;105609
"Rensselaerville,NewYork";2;105611
"HalfmoonBay,Canada";2;105613
"Candler,NorthCarolina";2;105615
"Chestermere,Canada";2;105617
"Haines,Alaska";2;105619
"MafraNationalPalace,Portogallo";2;105621
"Camden,NewJersey";2;105623
"HuntersHill,Australia";2;105625
"K�rten,Germania";2;105627
"Nanning,Cina";2;105629
"Yelm,Washington";2;105631
"Tryon,NorthCarolina";2;105633
"StareBabice,Polonia";2;105635
"CottonwoodHeights,Utah";2;105637
"PuertoPrincesa,Filippine";2;105639
"Gisborne,NuovaZelanda";2;105641
"Jamestown,Colorado";2;105643
"Hythe,RegnoUnito";2;105645
"SanIgnacio,Belize";2;105647
"Ryegate,Vermont";2;105649
"Marshfield,Vermont";2;105651
"Saragossa,Spagna";2;105653
"Tyres�,Svezia";2;105655
"M�lndal,Svezia";2;105657
"Cambridge,Wisconsin";2;105659
"Neuilly-Plaisance,Francia";2;105661
"Groesbeek,PaesiBassi";2;105663
"BigBear,California";2;105665
"Griffin,Georgia";2;105667
"Fentange,Lussemburgo";2;105669
"Putzbrunn,Germania";2;105671
"SunCityWest,Arizona";2;105673
"Andover,Kansas";2;105675
"Lytton,Australia";2;105677
"PortersLake,Canada";2;105679
"Humleb�k,";2;105681
"Lutwyche,Australia";2;105683
"CarletonPlace,Canada";2;105685
"Macleod,Australia";2;105687
"Jamestown,NewYork";2;105689
"Boxford,Massachusetts";2;105691
"Varanasi,India";2;105693
"HookNorton,RegnoUnito";2;105695
"LongBeach,Mississippi";2;105697
"Westcott,RegnoUnito";2;105699
"Gympie,Australia";2;105701
"Derrimut,Australia";2;105703
"LaTronche,Francia";2;105705
"HerxheimbeiLandau/Pfalz,Germania";2;105707
"Conway,NewHampshire";2;105709
"T�r�kb�lint,Ungheria";2;105711
"Sassenberg,Germania";2;105713
"Idyllwild-PineCove,California";2;105715
"Fanwood,NewJersey";2;105717
"Kerikeri,NuovaZelanda";2;105719
"Pordenone,Italia";2;105721
"Amburgo,NewYork";2;105723
"AvondaleEstates,Georgia";2;105725
"Hoogstraten,Belgio";2;105727
"Tanabe,Giappone";2;105729
"?stanbulProvince,Turchia";2;105731
"Bocholt,Germania";2;105733
"SonningCommon,RegnoUnito";2;105735
"MountainCenter,California";2;105737
"Blackburn,RegnoUnito";2;105739
"Glencoe,Illinois";2;105741
"Mosman,Australia";2;105743
"DepoeBay,Oregon";2;105745
"Gibsons,Canada";2;105747
"Asker,Norvegia";2;105749
"Murwillumbah,Australia";2;105751
"Wigton,RegnoUnito";2;105753
"Dunshaughlin,Irlanda";2;105755
"Greifswald,Germania";2;105757
"Lemont,Illinois";2;105759
"CampHill,Australia";2;105761
"M�hlheimamMain,Germania";2;105763
"Underhill,Vermont";2;105765
"SpringfieldTownship,NewJersey";2;105767
"Ringsaker,Norvegia";2;105769
"Williston,Vermont";2;105771
"GardenCity,NewYork";2;105773
"Lenox,Massachusetts";2;105775
"Widnes,RegnoUnito";2;105777
"Steffisburg,Svizzera";2;105779
"Blagnac,Francia";2;105781
"BadHersfeld,Germania";2;105783
"Kapaau,Hawaii";2;105785
"Platanias,Grecia";2;105787
"Misida,Malta";2;105789
"Givatayim,Israele";2;105791
"OceanCity,Maryland";2;105793
"Chester,NewYork";2;105795
"Willis,Texas";2;105797
"BeirutGovernorate,Libano";2;105799
"OakView,California";2;105801
"Emerald,Australia";2;105803
"Braybrook,Australia";2;105805
"LakeWylie,SouthCarolina";2;105807
"Cap-d'Ail,Francia";2;105809
"Catskill,NewYork";2;105811
"Montevarchi,Italia";2;105813
"LowerHutt,NuovaZelanda";2;105815
"Firenze,Alabama";2;105817
"LeGosier,Guadalupa";2;105819
"Hubbards,Canada";2;105821
"Godella,Spagna";2;105823
"BroadbeachWaters,Australia";2;105825
"Hillerod,";2;105827
"Cesenatico,Italia";2;105829
"LaSalina,Messico";2;105831
"Ambler,Pennsylvania";2;105833
"Oostkamp,Belgio";2;105835
"Chandigarh,India";2;105837
"Westbury,NewYork";2;105839
"Blenheim,NuovaZelanda";2;105841
"MarinadiRagusa,Italia";2;105843
"Milton,Australia";2;105845
"Stapleford,RegnoUnito";2;105847
"Devizes,RegnoUnito";2;105849
"NorthAttleborough,Massachusetts";2;105851
"Sint-Truiden,Belgio";2;105853
"Napoli,NewYork";2;105855
"Hinsdale,Illinois";2;105857
"Clinton,Utah";2;105859
"Coulsdon,RegnoUnito";2;105861
"Thornlands,Australia";2;105863
"Palau,Italia";2;105865
"Greenville,Illinois";2;105867
"Solingen,Germania";2;105869
"Kunming,Cina";2;105871
"Bennekom,PaesiBassi";2;105873
"Valdosta,Georgia";2;105875
"Tamarac,Florida";2;105877
"Botany,Australia";2;105879
"Krasnogorsk,Russia";2;105881
"Ballina,Irlanda";2;105883
"ChestnutRidge,NewYork";2;105885
"Beaumont,California";2;105887
"Hagen,Germania";2;105889
"Fuchu,Giappone";2;105891
"Cannock,RegnoUnito";2;105893
"Figi";2;105895
"Bayswater,Australia";2;105897
"Birgu,Malta";2;105899
"Rothes,RegnoUnito";2;105901
"Waikanae,NuovaZelanda";2;105903
"Mariehamn,IsoleAland";2;105905
"VittorioVeneto,Italia";2;105907
"Nadur,Malta";2;105909
"Clontarf,Irlanda";2;105911
"SanDon�diPiave,Italia";2;105913
"Lasarte-Oria,Spagna";2;105915
"Camargo,Spagna";2;105917
"Bekesbourne,RegnoUnito";2;105919
"Haldensleben,Germania";2;105921
"Westborough,Massachusetts";2;105923
"Petersfield,RegnoUnito";2;105925
"Ratingen,Germania";2;105927
"Abergavenny,RegnoUnito";2;105929
"Launceston,Australia";2;105931
"StJohn's,Canada";2;105933
"Almer�a,Spagna";2;105935
"Devonport,Australia";2;105937
"Kempsey,RegnoUnito";2;105939
"Pharr,Texas";2;105941
"Yokosuka,Giappone";2;105943
"Morpeth,RegnoUnito";2;105945
"Manitoba,Canada";2;105947
"Kaaawa,Hawaii";2;105949
"Franklin,Massachusetts";2;105951
"Emmerich,Germania";2;105953
"HydePark,Vermont";2;105955
"Nimes,Francia";2;105957
"Ripponden,RegnoUnito";2;105959
"Motueka,NuovaZelanda";2;105961
"Baden,Canada";2;105963
"Groveland,California";2;105965
"Asse,Belgio";2;105967
"Malmsbury,Australia";2;105969
"LiveOak,Florida";2;105971
"SouthernPines,NorthCarolina";2;105973
"Oderzo,Italia";2;105975
"Clinton,Washington";2;105977
"Warrensburg,Missouri";2;105979
"Pozuelo,Spagna";2;105981
"HerveyBay,Australia";2;105983
"Twinsburg,Ohio";2;105985
"Glendale,Wisconsin";2;105987
"Packwood,Washington";2;105989
"Arkansas,StatiUniti";2;105991
"Firenze,Kentucky";2;105993
"Eastleigh,RegnoUnito";2;105995
"Ridderkerk,PaesiBassi";2;105997
"Eastend,Canada";2;105999
"Vilcabamba,Ecuador";2;106001
"Fronreute,Germania";2;106003
"Machida,Giappone";2;106005
"Abiansemal,Indonesia";2;106007
"Jaca,Spagna";2;106009
"Palencia,Spagna";2;106011
"M�reogRomsdal,Norvegia";2;106013
"Coromandel,NuovaZelanda";2;106015
"Lucan,Irlanda";2;106017
"Zakopane,Polonia";2;106019
"Utica,Michigan";2;106021
"Elkins,WestVirginia";2;106023
"Morelia,Messico";2;106025
"Knocklyon,Irlanda";2;106027
"Lockport,NewYork";2;106029
"Cuba";2;106031
"Pasay,Filippine";2;106033
"SantaClara,Cuba";2;106035
"SanDonatoMilanese,Italia";2;106037
"Oldham,RegnoUnito";2;106039
"Orcas,Washington";2;106041
"Gansevoort,NewYork";2;106043
"Caister-on-Sea,RegnoUnito";2;106045
"ShoalhavenHeads,Australia";2;106047
"PrefetturadiKyoto,Giappone";2;106049
"Epe,PaesiBassi";2;106051
"Purmerend,PaesiBassi";2;106053
"Riomaggiore,Italia";2;106055
"SanIsidro,Per�";2;106057
"Pouzd?any,RepubblicaCeca";2;106059
"Varsavia,Indiana";2;106061
"Plaisir,Francia";2;106063
"Eggenstein-Leopoldshafen,Germania";2;106065
"Hinton,Canada";2;106067
"SanBartolom�deTirajana,Spagna";2;106069
"Leverett,Massachusetts";2;106071
"Linden,NewJersey";2;106073
"Tashkent,Uzbekistan";2;106075
"SaintAustell,RegnoUnito";2;106077
"Uckfield,RegnoUnito";2;106079
"Bussigny-pr�s-Lausanne,Svizzera";2;106081
"L�rida,Spagna";2;106083
"Thornbury,RegnoUnito";2;106085
"B�gles,Francia";2;106087
"CarolinaBeach,NorthCarolina";2;106089
"Watermael-Boitsfort,Belgio";2;106091
"Solol�,Guatemala";2;106093
"Firenze,Colorado";2;106095
"Sint-Genesius-Rode,Belgio";2;106097
"Signes,Var,Francia";2;106099
"Newport,Vermont";2;106101
"Compi�gne,Francia";2;106103
"Dunn,NorthCarolina";2;106105
"Timmins,Canada";2;106107
"WaikoloaVillage,Hawaii";2;106109
"ElPratdeLlobregat,Spagna";2;106111
"Roissy-en-France,Francia";2;106113
"Belmont,NorthCarolina";2;106115
"�anakkale,Turchia";2;106117
"Birmenstorf,Svizzera";2;106119
"Saltford,RegnoUnito";2;106121
"Morton,Pennsylvania";2;106123
"Kendallville,Indiana";2;106125
"Sprockh�vel,Germania";2;106127
"Saint-Sulpice,Svizzera";2;106129
"Bethany,Connecticut";2;106131
"Salem,Connecticut";2;106133
"Narrawallee,Australia";2;106135
"Belgorod,Russia";2;106137
"Wayne,Michigan";2;106139
"WestSpringfield,Massachusetts";2;106141
"TahoeVista,California";2;106143
"Lynden,Washington";2;106145
"Clonakilty,Irlanda";2;106147
"Aviano,Italia";2;106149
"Ely,Minnesota";2;106151
"Madison,South";2;106153
"Arcueil,Francia";2;106155
"J�nk�ping,Svezia";2;106157
"Petr�polis,Brasile";2;106159
"Middleton,Massachusetts";2;106161
"Ishoj,";2;106163
"Pecos,NewMexico";2;106165
"BellsBeach,Australia";2;106167
"Dudley,RegnoUnito";2;106169
"Superior,Colorado";2;106171
"VejerdelaFrontera,Spagna";2;106173
"Valparaiso,Cile";2;106175
"Ludlow,RegnoUnito";2;106177
"Maribor,Slovenia";2;106179
"Morris,Minnesota";2;106181
"Narita,Giappone";2;106183
"Dominical,CostaRica";2;106185
"OlandaMeridionale,PaesiBassi";2;106187
"Zhejiang,Cina";2;106189
"NaturalHeritageAreaTrang,Vietnam";2;106191
"Grantham,NewHampshire";2;106193
"Arundel,RegnoUnito";2;106195
"SpringGrove,Illinois";2;106197
"Henrieville,Utah";2;106199
"SaintAugustineBeach,Florida";2;106201
"Haugesund,Norvegia";2;106203
"TresCantos,Spagna";2;106205
"Rijswijk,PaesiBassi";2;106207
"Peekskill,NewYork";2;106209
"Avon,Connecticut";2;106211
"SaintJames,NewYork";2;106213
"RishonLeTsiyon,Israele";2;106215
"Yamhill,Oregon";2;106217
"Jiangmen,Cina";2;106219
"Stawell,Australia";2;106221
"Shiloh,Illinois";2;106223
"CaboFrio,Brasile";2;106225
"Lyme,NewHampshire";2;106227
"MontgomeryVillage,Maryland";2;106229
"Piedmont,Italia";2;106231
"Basildon,RegnoUnito";2;106233
"CuacosdeYuste,Spagna";2;106235
"Fuengirola,Spagna";2;106237
"Oceanport,NewJersey";2;106239
"Indiana,Pennsylvania";2;106241
"Maribyrnong,Australia";2;106243
"Saint-Genis-Pouilly,Francia";2;106245
"Roberton,RegnoUnito";2;106247
"Reggiolo,Italia";2;106249
"CasnateConBernate,Italia";2;106251
"Penryn,RegnoUnito";2;106253
"Harwood,Maryland";2;106255
"Narrowsburg,NewYork";2;106257
"Rowville,Australia";2;106259
"Woodburn,Oregon";2;106261
"Laconia,NewHampshire";2;106263
"Mechernich,Germania";2;106265
"Dumont,NewJersey";2;106267
"NewAlresford,RegnoUnito";2;106269
"Reading,Massachusetts";2;106271
"ElGranada,California";2;106273
"Carlsbad,NewMexico";2;106275
"Schulzendorf,Germania";2;106277
"Jefferson,NewJersey";2;106279
"Stoneham,Massachusetts";2;106281
"NewPortRichey,Florida";2;106283
"Freeport,Illinois";2;106285
"Latham,NewYork";2;106287
"PottersBar,RegnoUnito";2;106289
"Eeklo,Belgio";2;106291
"Bethel,Maine";2;106293
"Varkala,India";2;106295
"Dunsborough,Australia";2;106297
"Okatie,SouthCarolina";2;106299
"Lachen,Svizzera";2;106301
"Banyuwangi,Indonesia";2;106303
"Portree,RegnoUnito";2;106305
"Saint-Cyr-l'�cole,Francia";2;106307
"Bensalem,Pennsylvania";2;106309
"Greensburg,Pennsylvania";2;106311
"Shirley,RegnoUnito";2;106313
"Ashburton,NuovaZelanda";2;106315
"JanJuc,Australia";2;106317
"VoltaRedonda,Brasile";2;106319
"Franklin,Wisconsin";2;106321
"Watertown,Wisconsin";2;106323
"Latrobe,Pennsylvania";2;106325
"HighSprings,Florida";2;106327
"Macomb,Michigan";2;106329
"SantaMaria,CapoVerde";2;106331
"Tugun,Australia";2;106333
"Suffolk,Virginia";2;106335
"Agueda,Portogallo";2;106337
"Laatzen,Germania";2;106339
"SpringHill,Australia";2;106341
"LePr�-Saint-Gervais,Francia";2;106343
"LaGrangePark,Illinois";2;106345
"Houthulst,Belgio";2;106347
"Villeneuve-d'Ascq,Francia";2;106349
"Pilar,Argentina";2;106351
"Bucheon-si,CoreadelSud";2;106353
"Erlanger,Kentucky";2;106355
"SouthGate,California";2;106357
"Bloomfield,Connecticut";2;106359
"SanJuan,Filippine";2;106361
"Atsugi,Giappone";2;106363
"GarbagnateMilanese,Italia";2;106365
"Basle,Svizzera";2;106367
"Pioltello,Italia";2;106369
"Pinerolo,Italia";2;106371
"Bettendorf,Iowa";2;106373
"Stevensville,Montana";2;106375
"Derrynane,Irlanda";2;106377
"Newtonmore,RegnoUnito";2;106379
"Lansing,NewYork";2;106381
"Candia,NewHampshire";2;106383
"Ticino,Svizzera";2;106385
"IsoladiRab,Croazia";2;106387
"SaintP�lten,Austria";2;106389
"Millersville,Maryland";2;106391
"MillBay,Canada";2;106393
"Ridgway,Colorado";2;106395
"Chuo,Giappone";2;106397
"Recco,Italia";2;106399
"Marion,Massachusetts";2;106401
"Beauvais,Francia";2;106403
"PortSaintLucie,Florida";2;106405
"Saint-Fons,Francia";2;106407
"Zutphen,PaesiBassi";2;106409
"Cile";2;106411
"Nyon,Svizzera";2;106413
"OldOrchardBeach,Maine";2;106415
"Gensac,Francia";2;106417
"NorthHaven,Connecticut";2;106419
"IsoleVerginiBritanniche";2;106421
"Romanshorn,Svizzera";2;106423
"Larnaca,Cipro";2;106425
"Soletta,Svizzera";2;106427
"Naramata,Canada";2;106429
"Wallagoot,Australia";2;106431
"PortAransas,Texas";2;106433
"Wadsworth,Ohio";2;106435
"Fonsorbes,Francia";2;106437
"Buda,Texas";2;106439
"Traralgon,Australia";2;106441
"Blauvelt,NewYork";2;106443
"WillistonPark,NewYork";2;106445
"Montrouge,Francia";2;106447
"StGeorge,Utah";2;106449
"KewarraBeach,Australia";2;106451
"Valladolid,Spagna";2;106453
"SanIsidrodeElGeneral,CostaRica";2;106455
"Ensu�s-la-Redonne,Francia";2;106457
"Wyandotte,Michigan";2;106459
"LetchworthGardenCity,RegnoUnito";2;106461
"Alpine,California";2;106463
"Errol,RegnoUnito";2;106465
"Tollesbury,RegnoUnito";2;106467
"BowlingGreen,Kentucky";2;106469
"PortLouis,Mauritius";2;106471
"Clinton,Mississippi";2;106473
"Portland,Michigan";2;106475
"Brownsburg,Indiana";2;106477
"Lyndhurst,Ohio";2;106479
"Goshen,Vermont";2;106481
"Gaborone,Botswana";2;106483
"MadeiraBeach,Florida";2;106485
"Petropavlovsk-Kamchatskiy,Russia";2;106487
"Kammala,Tailandia";2;106489
"Stateline,Nevada";2;106491
"Lo�burg,Germania";2;106493
"Iquitos,Per�";2;106495
"SainteRose,Guadalupa";2;106497
"Herning,";2;106499
"Venray,PaesiBassi";2;106501
"Dormagen,Germania";2;106503
"PortVila,Vanuatu";2;106505
"Saint";2;106507
"Selden,NewYork";2;106509
"Saint-S�bastien-sur-Loire,Francia";2;106511
"BattleCreek,Michigan";2;106513
"Inman,SouthCarolina";2;106515
"SalaComacina,Italia";2;106517
"VoivodatodellaPolonia,Polonia";2;106519
"Glostrup,";2;106521
"Oatlands,Australia";2;106523
"Fordingbridge,RegnoUnito";2;106525
"Afula,Israele";2;106527
"Aussonne,Francia";2;106529
"Saluda,NorthCarolina";2;106531
"BonnersFerry,Idaho";2;106533
"VilaNovadeGaia,Portogallo";2;106535
"Lewiston,NewYork";2;106537
"Kingsport,Tennessee";2;106539
"Kissamos,Grecia";2;106541
"Curridabat,CostaRica";2;106543
"Notre";2;106545
"SouthBrent,RegnoUnito";2;106547
"Hamilton,Ohio";2;106549
"Vik,Islanda";2;106551
"Beaumont,Canada";2;106553
"Edinbane,RegnoUnito";2;106555
"Clichy,Francia";2;106557
"Lansdowne,Pennsylvania";2;106559
"Thira,Grecia";2;106561
"Largs,RegnoUnito";2;106563
"Jasper,Canada";2;106565
"Elgg,Svizzera";2;106567
"Westwood,NewJersey";2;106569
"Handewitt,Germania";2;106571
"Johnstown,Pennsylvania";2;106573
"AgiaParaskevi,Grecia";2;106575
"EastHaven,Connecticut";2;106577
"NewLondon,Wisconsin";2;106579
"Milford,NewHampshire";2;106581
"HebdenBridge,RegnoUnito";2;106583
"FairOaksRanch,Texas";2;106585
"SafetyHarbor,Florida";2;106587
"Demarest,NewJersey";2;106589
"Florida,Massachusetts";2;106591
"Felben-Wellhausen,Svizzera";2;106593
"Knysna,Sudafrica";2;106595
"Zamboanga,Filippine";2;106597
"Wavre,Belgio";2;106599
"Mooresville,NorthCarolina";2;106601
"Ramsbottom,RegnoUnito";2;106603
"Grandville,Michigan";2;106605
"Waitomo,NuovaZelanda";2;106607
"Belleville,Illinois";2;106609
"MilfordHaven,RegnoUnito";2;106611
"PontaDelgada,Portogallo";2;106613
"Williamsport,Pennsylvania";2;106615
"PortLincoln,Australia";2;106617
"SanLorenzo,California";2;106619
"Ringwood,RegnoUnito";2;106621
"Wellington,Canada";2;106623
"Tlalnepantla,Messico";2;106625
"Rognac,Francia";2;106627
"CharlesTown,WestVirginia";2;106629
"Ashford,Irlanda";2;106631
"Waterbury,Vermont";2;106633
"Pekin,Illinois";2;106635
"Sint-Agatha-Berchem,Belgio";2;106637
"Sakuho,Giappone";2;106639
"Jasper,Georgia";2;106641
"Weinheim,Germania";2;106643
"Highland,Utah";2;106645
"Bowmanville,Canada";2;106647
"Bude,RegnoUnito";2;106649
"RegionedellaCapitale,Islanda";2;106651
"Laos";2;106653
"Pokhara,Nepal";2;106655
"Franklin,Michigan";2;106657
"Chatham-Kent,Canada";2;106659
"Taivassalo,Finlandia";2;106661
"Appleton,RegnoUnito";2;106663
"Seloncourt,Francia";2;106665
"ColdSpring,NewYork";2;106667
"Chelsea,Michigan";2;106669
"Wandong,Australia";2;106671
"Merrill,Wisconsin";2;106673
"Bonnyville,Canada";2;106675
"Olomouc,RepubblicaCeca";2;106677
"DobbsFerry,NewYork";2;106679
"EastSyracuse,NewYork";2;106681
"OceanTownship,NewJersey";2;106683
"Barre,Vermont";2;106685
"Stafford,Texas";2;106687
"Streamwood,Illinois";2;106689
"Pahrump,Nevada";2;106691
"Blackstone,Massachusetts";2;106693
"Calne,RegnoUnito";2;106695
"SouthGodstone,RegnoUnito";2;106697
"Waterville,Irlanda";2;106699
"Tunbridge,Vermont";2;106701
"Decatur,Alabama";2;106703
"Fr�dek-M�stek,RepubblicaCeca";2;106705
"Plover,Wisconsin";2;106707
"Teaneck,NewJersey";2;106709
"Whitewater,Wisconsin";2;106711
"Wallasey,RegnoUnito";2;106713
"RishonLeziyyon,Israele";2;106715
"Savoy,Illinois";2;106717
"Pforzheim,Germania";2;106719
"Celina,Ohio";2;106721
"Apia,Samoa";2;106723
"Schagen,PaesiBassi";2;106725
"Nuenen,PaesiBassi";2;106727
"Granollers,Spagna";2;106729
"LakeCountry,Canada";2;106731
"MarketHarborough,RegnoUnito";2;106733
"Neustadt,Germania";2;106735
"Pont-l'Abb�,Francia";2;106737
"Bj�rred,Svezia";2;106739
"FranklinLakes,NewJersey";2;106741
"Wassenaar,PaesiBassi";2;106743
"ParconazionalediYosemite,California";2;106745
"Ajaccio,Francia";2;106747
"Viterbo,Italia";2;106749
"Brier,Washington";2;106751
"Busselton,Australia";2;106753
"WheelersHill,Australia";2;106755
"McLarenVale,Australia";2;106757
"Kongsberg,Norvegia";2;106759
"Stourport-on-Severn,RegnoUnito";2;106761
"Inverness,Florida";2;106763
"Cudgen,Australia";2;106765
"Marnhull,RegnoUnito";2;106767
"CannonBeach,Oregon";2;106769
"Helensburgh,Australia";2;106771
"Mansfield,Ohio";2;106773
"Georgetown,Indiana";2;106775
"HoosickFalls,NewYork";2;106777
"NhaTrang,Vietnam";2;106779
"Courcelles,Belgio";2;106781
"Burgas,Bulgaria";2;106783
"Anshan,Cina";2;106785
"Cisternino,Italia";2;106787
"Sunbury,Ohio";2;106789
"Rajkot,India";2;106791
"Tavistock,RegnoUnito";2;106793
"Beppu,Giappone";2;106795
"NewGlasgow,Canada";2;106797
"Takarazuka,Giappone";2;106799
"Cambourne,RegnoUnito";2;106801
"Hazlemere,RegnoUnito";2;106803
"Naju-si,CoreadelSud";2;106805
"Wythenshawe,RegnoUnito";2;106807
"Weybridge,Vermont";2;106809
"Tiel,PaesiBassi";2;106811
"Austell,Georgia";2;106813
"Fairhope,Alabama";2;106815
"Gatley,RegnoUnito";2;106817
"Rochford,RegnoUnito";2;106819
"OroValley,Arizona";2;106821
"Hamm,Germania";2;106823
"Bayonne,Francia";2;106825
"Stj�rdal,Norvegia";2;106827
"Destin,Florida";2;106829
"BellaVista,Arkansas";2;106831
"Kaikoura,NuovaZelanda";2;106833
"Ad";2;106835
"Chofu,Giappone";2;106837
"Rauma,Finlandia";2;106839
"Icking,Germania";2;106841
"Minocqua,Wisconsin";2;106843
"Loose,RegnoUnito";2;106845
"Onancock,Virginia";2;106847
"Madderty,RegnoUnito";2;106849
"ForestHill,Maryland";2;106851
"Doorn,PaesiBassi";2;106853
"Evergem,Belgio";2;106855
"Tirolo,Austria";2;106857
"Monmouth,RegnoUnito";2;106859
"PleasantHill,Missouri";2;106861
"Mont-Tremblant,Canada";2;106863
"Halle,Germania";2;106865
"Frankston,Australia";2;106867
"Irigny,Francia";2;106869
"DistrettodiLisbona,Portogallo";2;106871
"FortErie,Canada";2;106873
"Artane,Irlanda";2;106875
"Yavne,Israele";2;106877
"Falun,Svezia";2;106879
"Qatar";2;106881
"Castres,Francia";2;106883
"LaGarenne-Colombes,Francia";2;106885
"Buckeye,Arizona";2;106887
"Carlton,Oregon";2;106889
"Moskovskayaoblast,Russia";2;106891
"Powell,Tennessee";2;106893
"Weston,Vermont";2;106895
"Adrian,Michigan";2;106897
"Lucknow,India";2;106899
"Smithfield,Australia";2;106901
"Manchester-by-the-Sea,Massachusetts";2;106903
"Opole,Polonia";2;106905
"Positano,Italia";2;106907
"Hexham,RegnoUnito";2;106909
"Algeri,Algeria";2;106911
"Lewisburg,Pennsylvania";2;106913
"TybeeIsland,Georgia";2;106915
"Cooroibah,Australia";2;106917
"KangarooPoint,Australia";2;106919
"Bonita,California";2;106921
"China,Maine";2;106923
"ElCalafate,Argentina";2;106925
"RoyseCity,Texas";2;106927
"Vallauris,Francia";2;106929
"Austinmer,Australia";2;106931
"Lanesboro,Minnesota";2;106933
"Sandwich,Massachusetts";2;106935
"Vaduz,Liechtenstein";2;106937
"Goulburn,Australia";2;106939
"IslaMujeres,Messico";2;106941
"Marsden,RegnoUnito";2;106943
"Ingworth,RegnoUnito";2;106945
"WestMilford,NewJersey";2;106947
"CouncilBluffs,Iowa";2;106949
"DublinAirport,Irlanda";2;106951
"Galashiels,RegnoUnito";2;106953
"Brighton-Le-Sands,Australia";2;106955
"Scherpenheuvel-Zichem,Belgio";2;106957
"Conversano,Italia";2;106959
"Vrhnika,Slovenia";2;106961
"Taguig,Filippine";2;106963
"Ringwood,NewJersey";2;106965
"GlenWaverley,Australia";2;106967
"KiryatAta,Israele";2;106969
"SaintClairShores,Michigan";2;106971
"Mechanicsburg,Pennsylvania";2;106973
"Doetinchem,PaesiBassi";2;106975
"WestWodonga,Australia";2;106977
"FortSaskatchewan,Canada";2;106979
"MooseJaw,Canada";2;106981
"Blainville,Canada";2;106983
"WimborneMinster,RegnoUnito";2;106985
"Cleveland,Georgia";2;106987
"Wellington,Colorado";2;106989
"Kealakekua,Hawaii";2;106991
"Joseph,Oregon";2;106993
"Campania,Italia";2;106995
"Tonasket,Washington";2;106997
"Hampi,India";2;106999
"Woollahra,Australia";2;107001
"Greenwood,SouthCarolina";2;107003
"Granadilla,Spagna";2;107005
"HerneHill,Australia";2;107007
"Heerlen,PaesiBassi";2;107009
"Sz�kesfeh�rv�r,Ungheria";2;107011
"Ottawa,Illinois";2;107013
"Salon-de-Provence,Francia";2;107015
"Dexter,Michigan";2;107017
"Stalybridge,RegnoUnito";2;107019
"NewFairfield,Connecticut";2;107021
"Wakefield,Canada";2;107023
"Lombard,Illinois";2;107025
"CedarHills,Utah";2;107027
"Prestwood,RegnoUnito";2;107029
"MountMacedon,Australia";2;107031
"Hilton,RegnoUnito";2;107033
"Chelles,Francia";2;107035
"Riegelsberg,Germania";2;107037
"QueensPark,Australia";2;107039
"Barton-upon-Humber,RegnoUnito";2;107041
"Alaska,StatiUniti";2;107043
"ValleyCenter,California";2;107045
"EastKilbride,RegnoUnito";2;107047
"Pembroke,Massachusetts";2;107049
"Wanneroo,Australia";2;107051
"Allensmore,RegnoUnito";2;107053
"SanAntonio,Cile";2;107055
"Mexicali,Messico";2;107057
"WestNyack,NewYork";2;107059
"Didcot,RegnoUnito";2;107061
"Rayleigh,RegnoUnito";2;107063
"Lakemba,Australia";2;107065
"Grenzach-Wyhlen,Germania";2;107067
"Alcobendas,Spagna";2;107069
"Lindsay,California";2;107071
"Opwijk,Belgio";2;107073
"Grasse,Francia";2;107075
"EastRockaway,NewYork";2;107077
"Watchung,NewJersey";2;107079
"MosselBay,Sudafrica";2;107081
"Keremeos,Canada";2;107083
"Horsforth,RegnoUnito";2;107085
"Ostfold,Norvegia";2;107087
"Putignano,Italia";2;107089
"Enniskillen,RegnoUnito";2;107091
"Ahaus,Germania";2;107093
"Taunton,Massachusetts";2;107095
"ManalapanTownship,NewJersey";2;107097
"Olney,RegnoUnito";2;107099
"Eastchester,NewYork";2;107101
"Antony,Francia";2;107103
"Arnsberg,Germania";2;107105
"Osbourn,AntiguaeBarbuda";2;107107
"Bisley,RegnoUnito";2;107109
"Colleyville,Texas";2;107111
"Rockwood,Canada";2;107113
"Dollard-DesOrmeaux,Canada";2;107115
"Nov�Stra�ec�,RepubblicaCeca";2;107117
"Dungannon,RegnoUnito";2;107119
"Dei�,Spagna";2;107121
"Sayreville,NewJersey";2;107123
"Thessalon�ki,Grecia";2;107125
"Albany,Georgia";2;107127
"Honesdale,Pennsylvania";2;107129
"TheBottom,CaraibiOlandesi";2;107131
"Susanville,California";2;107133
"LythamSaintAnnes,RegnoUnito";2;107135
"Woodthorpe,RegnoUnito";2;107137
"Haslemere,RegnoUnito";2;107139
"LaGrange,Illinois";2;107141
"Yukon,Oklahoma";2;107143
"ConceptionBaySouth,Canada";2;107145
"Taiyuan,Cina";2;107147
"Wangaratta,Australia";2;107149
"Morley,RegnoUnito";2;107151
"OreCity,Texas";2;107153
"Groveland,Massachusetts";2;107155
"Bulleen,Australia";2;107157
"Odesa,Ucraina";2;107159
"PointLonsdale,Australia";2;107161
"Oxley,Australia";2;107163
"Meyers,California";2;107165
"��nekoski,Finlandia";2;107167
"Herrsching,Germania";2;107169
"Steyr,Austria";2;107171
"Milford,Ohio";2;107173
"Maldive";2;107175
"Barmedman,Australia";2;107177
"McMinnville,Tennessee";2;107179
"Plymouth,Michigan";2;107181
"NorthAndover,Massachusetts";2;107183
"PortHuron,Michigan";2;107185
"Clarksburg,Maryland";2;107187
"Canonsburg,Pennsylvania";2;107189
"Templestowe,Australia";2;107191
"GibsonCity,Illinois";2;107193
"Collaroy,Australia";2;107195
"Fridley,Minnesota";2;107197
"H�fn,Islanda";2;107199
"Karlskrona,Svezia";2;107201
"Herstmonceux,RegnoUnito";2;107203
"Trim,Irlanda";2;107205
"Columbia,Connecticut";2;107207
"HaddonTownship,NewJersey";2;107209
"Burgos,Spagna";2;107211
"Sawtell,Australia";2;107213
"Quispamsis,Canada";2;107215
"Schwenksville,Pennsylvania";2;107217
"TegaCay,SouthCarolina";2;107219
"Lorne,Australia";2;107221
"Oberwil,Svizzera";2;107223
"Ivry-sur-Seine,Francia";2;107225
"Biggar,RegnoUnito";2;107227
"Abingdon,Virginia";2;107229
"LongBranch,NewJersey";2;107231
"Irvington,NewYork";2;107233
"Andover,Connecticut";2;107235
"Gambrills,Maryland";2;107237
"Seremban,Malesia";2;107239
"WestDundee,Illinois";2;107241
"Ingleside,Illinois";2;107243
"Osijek,Croazia";2;107245
"ScotchPlains,NewJersey";2;107247
"Gorham,NewHampshire";2;107249
"Minturn,Colorado";2;107251
"Bridport,RegnoUnito";2;107253
"Ulan-Ud?,Russia";2;107255
"Hull,Massachusetts";2;107257
"Impington,RegnoUnito";2;107259
"Wadebridge,RegnoUnito";2;107261
"Freestone,California";2;107263
"OakBrook,Illinois";2;107265
"MountKisco,NewYork";2;107267
"SmithsFalls,Canada";2;107269
"McKee,Kentucky";2;107271
"Yorkville,Illinois";2;107273
"Deming,NewMexico";2;107275
"Ingersoll,Canada";2;107277
"VoivodatoMinoredellaPolonia,Polonia";2;107279
"Hartland,Vermont";2;107281
"Ermelo,PaesiBassi";2;107283
"EggHarborTownship,NewJersey";2;107285
"Neffi�s,Francia";2;107287
"SandyBay,Australia";2;107289
"Samara,Russia";2;107291
"Derwood,Maryland";2;107293
"Nazareth,Israele";2;107295
"SouthBeach,Florida";2;107297
"EastRutherford,NewJersey";2;107299
"Willich,Germania";2;107301
"Londonderry,Vermont";2;107303
"D�dran,Svezia";2;107305
"Beldon,Australia";2;107307
"Woolloongabba,Australia";2;107309
"Frederica,Delaware";2;107311
"Tramore,Irlanda";2;107313
"LaGrande,Oregon";2;107315
"F�gen,Austria";2;107317
"ThePas,Canada";2;107319
"Bramhope,RegnoUnito";2;107321
"Zofingen,Svizzera";2;107323
"Saint-Jean-sur-Richelieu,Canada";2;107325
"FreeholdTownship,NewJersey";2;107327
"Cashmere,Washington";2;107329
"Norfolk,Nebraska";2;107331
"Somers,Connecticut";2;107333
"Xerta,Spagna";2;107335
"Ramsgate,RegnoUnito";2;107337
"Hughson,California";2;107339
"NewRomney,RegnoUnito";2;107341
"Eagan,Minnesota";2;107343
"KingsPark,Australia";2;107345
"ManassasPark,Virginia";2;107347
"Murphys,California";2;107349
"WestMalling,RegnoUnito";2;107351
"Kolbotn,Norvegia";2;107353
"Bobigny,Francia";2;107355
"Thame,RegnoUnito";2;107357
"Bocchignano,Italia";2;107359
"Tiller,Oregon";2;107361
"Cuneo,Italia";2;107363
"UniversityCity,Missouri";2;107365
"Saint-Omer,Francia";2;107367
"Rosenheim,Germania";2;107369
"Dunlap,Tennessee";2;107371
"Rehoboth,Massachusetts";2;107373
"Lacey,Washington";2;107375
"Sykesville,Maryland";2;107377
"Delhi,California";2;107379
"CrawleyDown,RegnoUnito";2;107381
"SanSimeon,California";2;107383
"Foggia,Italia";2;107385
"Gibsonia,Pennsylvania";2;107387
"ShawniganLake,Canada";2;107389
"Gananoque,Canada";2;107391
"Bedford,Massachusetts";2;107393
"Safed,Israele";2;107395
"Fertile,Iowa";2;107397
"Mukdahan,Tailandia";2;107399
"PrefetturadiYamanashi,Giappone";2;107401
"Greeneville,Tennessee";2;107403
"B�blingen,Germania";2;107405
"NewPrague,Minnesota";2;107407
"Manteno,Illinois";2;107409
"FortWashington,Pennsylvania";2;107411
"Bauru,Brasile";2;107413
"Ellesmere,RegnoUnito";2;107415
"Niederlenz,Svizzera";2;107417
"Capbreton,Francia";2;107419
"Colognac,Francia";2;107421
"Zaporizhzhya,Ucraina";2;107423
"Bailey,Colorado";2;107425
"Dewey-Humboldt,Arizona";2;107427
"Weatherford,Texas";2;107429
"Niederkassel,Germania";2;107431
"Kukuihaele,Hawaii";2;107433
"Loures,Portogallo";2;107435
"Pueblo,Colorado";2;107437
"Chuncheon-si,CoreadelSud";2;107439
"CastellammarediStabia,Italia";2;107441
"Motovun,Croazia";2;107443
"Bourne,Massachusetts";2;107445
"Corby,RegnoUnito";2;107447
"Mokena,Illinois";2;107449
"Telford,Pennsylvania";2;107451
"PointPleasantBeach,NewJersey";2;107453
"Lostine,Oregon";2;107455
"Wasco,Oregon";2;107457
"Bridgend,RegnoUnito";2;107459
"S�ller,Spagna";2;107461
"Ystad,Svezia";2;107463
"SpringHill,Tennessee";2;107465
"Carlisle,Massachusetts";2;107467
"Aartselaar,Belgio";2;107469
"Drummoyne,Australia";2;107471
"Superior,Wisconsin";2;107473
"Roy,Utah";2;107475
"PortMatilda,Pennsylvania";2;107477
"Palmela,Portogallo";2;107479
"Watkinsville,Georgia";2;107481
"Fl�rsheimamMain,Germania";2;107483
"Eisenach,Germania";2;107485
"Meerbusch,Germania";2;107487
"Aix-les-Bains,Francia";2;107489
"Kilauea,Hawaii";2;107491
"Portales,NewMexico";2;107493
"NewBrighton,Minnesota";2;107495
"UpperLake,California";2;107497
"Killara,Australia";2;107499
"SuttonColdfield,RegnoUnito";2;107501
"WestHaddon,RegnoUnito";2;107503
"Ballsbridge,Irlanda";2;107505
"Brighouse,RegnoUnito";2;107507
"Fingest,RegnoUnito";2;107509
"Edinboro,Pennsylvania";2;107511
"Kenai,Alaska";2;107513
"TarnowskieGory,Polonia";2;107515
"Charlestown,RhodeIsland";2;107517
"Skipton,RegnoUnito";2;107519
"Corozal,Belize";2;107521
"GlendaleHeights,Illinois";2;107523
"Salcombe,RegnoUnito";2;107525
"Fairlawn,Ohio";2;107527
"Avon,Ohio";2;107529
"NeptuneCity,NewJersey";2;107531
"YukonTerritory,Canada";2;107533
"Bridgwater,RegnoUnito";2;107535
"Le�n,Spagna";2;107537
"Senec,Slovacchia";2;107539
"Miura,Giappone";2;107541
"BethelPark,Pennsylvania";2;107543
"Waverly,Pennsylvania";2;107545
"Porter,Texas";2;107547
"Shaftsbury,Vermont";2;107549
"ChurchPoint,Australia";2;107551
"Tagbilaran,Filippine";2;107553
"RamatHaSharon,Israele";2;107555
"Conway,Arkansas";2;107557
"Lacave,Francia";2;107559
"Hayden,Idaho";2;107561
"UpplandsV�sby,Svezia";2;107563
"Dunkirk,Francia";2;107565
"Ka�telNovi,Croazia";2;107567
"Fontenay-aux-Roses,Francia";2;107569
"DumagueteCity,Filippine";2;107571
"Semily,RepubblicaCeca";2;107573
"Schertz,Texas";2;107575
"OakHill,Florida";2;107577
"Rottendorf,Germania";2;107579
"Bramhall,RegnoUnito";2;107581
"G?ira,Malta";2;107583
"Ch�teauneuf-sur-Loire,Francia";2;107585
"Laie,Hawaii";2;107587
"Huntsville,Utah";2;107589
"MitzpeRamon,Israele";2;107591
"EastVictoriaPark,Australia";2;107593
"Carnegie,Australia";2;107595
"Sunderland,Maryland";2;107597
"Aquilinia-Stramare,Italia";2;107599
"Pittenweem,RegnoUnito";2;107601
"EastSide,Australia";2;107603
"WestToodyay,Australia";2;107605
"Smithville,Missouri";2;107607
"WhiteRiver,Sudafrica";2;107609
"Corowa,Australia";2;107611
"LaPetite-Pierre,Francia";2;107613
"Sachseln,Svizzera";2;107615
"Mells,RegnoUnito";2;107617
"CorcloughEast,Irlanda";1;107618
"Neuville-sur-Oise,Francia";1;107619
"Greentown,Pennsylvania";1;107620
"Oca�a,Spagna";1;107621
"Eggingen,Germania";1;107622
"Maricopa,Arizona";1;107623
"Cockermouth,RegnoUnito";1;107624
"Collecchio,Italia";1;107625
"Greenway,Australia";1;107626
"Landgraaf,PaesiBassi";1;107627
"Nanticoke,Pennsylvania";1;107628
"Valls,Spagna";1;107629
"Mula,Spagna";1;107630
"Clarkdale,Arizona";1;107631
"Valdivia,Cile";1;107632
"SahibzadaAjitSinghNagar,India";1;107633
"Bamenda,Camerun";1;107634
"Galax,Virginia";1;107635
"PointArena,California";1;107636
"Doral,Florida";1;107637
"�pinay-sur-Orge,Francia";1;107638
"K�niz,Svizzera";1;107639
"KafrQara,Israele";1;107640
"Bradley,RegnoUnito";1;107641
"Tyagarah,Australia";1;107642
"Sartell,Minnesota";1;107643
"Altamura,Italia";1;107644
"PateleyBridge,RegnoUnito";1;107645
"QuintanardelaOrden,Spagna";1;107646
"LaPuebla,NewMexico";1;107647
"Aubrey,Texas";1;107648
"Edwardsburg,Michigan";1;107649
"Tillsonburg,Canada";1;107650
"Busteni,Romania";1;107651
"Gimli,Canada";1;107652
"Rez�,Francia";1;107653
"Cornell�deLlobregat,Spagna";1;107654
"Jabriya,Kuwait";1;107655
"Stockton,Kansas";1;107656
"Ngatea,NuovaZelanda";1;107657
"Saint-Germain-la-Blanche-Herbe,Francia";1;107658
"Zimbabwe";1;107659
"MarianoComense,Italia";1;107660
"Tombstone,Arizona";1;107661
"RichfieldSprings,NewYork";1;107662
"Hanover,Maryland";1;107663
"Warrensburg,Illinois";1;107664
"Lipa,Filippine";1;107665
"Modbury,Australia";1;107666
"Ouistreham,Francia";1;107667
"PacificPines,Australia";1;107668
"Anantapur,India";1;107669
"Skudeneshavn,Norvegia";1;107670
"Coldwater,Ohio";1;107671
"Cranmore,RegnoUnito";1;107672
"Hermigua,Spagna";1;107673
"WeilheimanderTeck,Germania";1;107674
"Pateros,Filippine";1;107675
"Clearwater,Minnesota";1;107676
"Calimesa,California";1;107677
"Pahoa,Hawaii";1;107678
"Nassau,NewYork";1;107679
"MountPleasant,Iowa";1;107680
"NorthSmithfield,RhodeIsland";1;107681
"NorthPerth,Australia";1;107682
"Sturbridge,Massachusetts";1;107683
"Kaukapakapa,NuovaZelanda";1;107684
"Menai,Australia";1;107685
"Cwmbran,RegnoUnito";1;107686
"Gayndah,Australia";1;107687
"Baabdat,Libano";1;107688
"Waitakaruru,NuovaZelanda";1;107689
"Hemmingen,Germania";1;107690
"Saint-Pierre-d'Irube,Francia";1;107691
"KualaSelangor,Malesia";1;107692
"Glengowrie,Australia";1;107693
"Borger,Texas";1;107694
"B�renanderAare,Svizzera";1;107695
"Clermont,Georgia";1;107696
"Shipton-under-Wychwood,RegnoUnito";1;107697
"CommerceCharterTownship,Michigan";1;107698
"Berkeley,Washington";1;107699
"Leszno,Polonia";1;107700
"DevereuxCreek,Australia";1;107701
"ArroiodoMeio,Brasile";1;107702
"Glenridding,RegnoUnito";1;107703
"WestCaldwell,NewJersey";1;107704
"LeLanderon,Svizzera";1;107705
"Haymarket,Australia";1;107706
"Dumbarton,RegnoUnito";1;107707
"Vitacura,Cile";1;107708
"Lodingen,Norvegia";1;107709
"NorthHighlands,California";1;107710
"Apelern,Germania";1;107711
"NorthCheriton,RegnoUnito";1;107712
"SpanishTown,IsoleVerginiBritanniche";1;107713
"MountVernon,Texas";1;107714
"BadReichenhall,Germania";1;107715
"Emskirchen,Germania";1;107716
"Searsport,Maine";1;107717
"Braidwood,Australia";1;107718
"Dundas,Australia";1;107719
"R�ti,Svizzera";1;107720
"Cheshunt,Australia";1;107721
"Aalen,Germania";1;107722
"Bamako,Mali";1;107723
"Wolcott,Connecticut";1;107724
"Thomaston,Connecticut";1;107725
"Geneva,Ohio";1;107726
"Tanzania";1;107727
"Loubajac,Francia";1;107728
"Pesaro,Italia";1;107729
"Seythenex,Francia";1;107730
"Lochem,PaesiBassi";1;107731
"SouthTangerang,Indonesia";1;107732
"Sandwich,RegnoUnito";1;107733
"Suze-la-Rousse,Francia";1;107734
"Hannibal,Missouri";1;107735
"Newton,NewJersey";1;107736
"Toin,Giappone";1;107737
"Wagh�usel,Germania";1;107738
"Buninyong,Australia";1;107739
"Schenefeld,Germania";1;107740
"Leesville,Louisiana";1;107741
"SosnovyBor,Russia";1;107742
"Paynesville,Minnesota";1;107743
"CholuladeRivadabia,Messico";1;107744
"Pencoed,RegnoUnito";1;107745
"Oberkirch,Germania";1;107746
"Shaanxi,Cina";1;107747
"MapleFalls,Washington";1;107748
"Slaggyford,RegnoUnito";1;107749
"Wilmington,NewYork";1;107750
"KoronadalCity,Filippine";1;107751
"ReedyCreek,Australia";1;107752
"Wymah,Australia";1;107753
"Calexico,California";1;107754
"Morecambe,RegnoUnito";1;107755
"OjancoNuevo,Cile";1;107756
"Zagersdorf,Austria";1;107757
"Somerset,Massachusetts";1;107758
"Ophir,Australia";1;107759
"Boxford,RegnoUnito";1;107760
"Wellingborough,RegnoUnito";1;107761
"Thornlie,Australia";1;107762
"Niederscherli,Svizzera";1;107763
"LakeJackson,Texas";1;107764
"Douchy-les-Mines,Francia";1;107765
"Franklin,NorthCarolina";1;107766
"Weston,Massachusetts";1;107767
"Artesia,California";1;107768
"Ruddington,RegnoUnito";1;107769
"NewAquitaine,Francia";1;107770
"NorthYarmouth,Maine";1;107771
"SatuMare,Romania";1;107772
"Burns,Kansas";1;107773
"Deming,Washington";1;107774
"LaNucia,Spagna";1;107775
"Arthur'sPass,NuovaZelanda";1;107776
"Gaziantep,Turchia";1;107777
"Schifferstadt,Germania";1;107778
"Brixham,RegnoUnito";1;107779
"CaulfieldEast,Australia";1;107780
"Mandurah,Australia";1;107781
"Closter,NewJersey";1;107782
"IndianRocksBeach,Florida";1;107783
"Ousse,Francia";1;107784
"Telde,Spagna";1;107785
"H�gglingen,Svizzera";1;107786
"Advance,NorthCarolina";1;107787
"ChoengThale,Tailandia";1;107788
"LandauanderIsar,Germania";1;107789
"StrmecnaPredelu,Slovenia";1;107790
"Kubutambahan,Indonesia";1;107791
"Kelsterbach,Germania";1;107792
"Northampton,Australia";1;107793
"Villetaneuse,Francia";1;107794
"Biha?,BosniaErzegovina";1;107795
"Etna,California";1;107796
"Saanen,Svizzera";1;107797
"Thonon-les-Bains,Francia";1;107798
"Colorado,Messico";1;107799
"Bernville,Pennsylvania";1;107800
"Merida,Venezuela";1;107801
"EastChicago,Indiana";1;107802
"Sparta,Kentucky";1;107803
"Eatonton,Georgia";1;107804
"Lustenau,Austria";1;107805
"MountNasura,Australia";1;107806
"Grabouw,Sudafrica";1;107807
"Meckenheim,Germania";1;107808
"Fouke,Arkansas";1;107809
"HatfieldsBeach,NuovaZelanda";1;107810
"SanBiagiodiCallalta,Italia";1;107811
"AshtonunderHill,RegnoUnito";1;107812
"Cantabria,Spagna";1;107813
"Saint-Gratien,Francia";1;107814
"Emmendingen,Germania";1;107815
"Woodbury,NewJersey";1;107816
"Langford,Canada";1;107817
"Eichenau,Germania";1;107818
"Vincentia,Australia";1;107819
"Turgi,Svizzera";1;107820
"Stevensville,Michigan";1;107821
"Atripalda,Italia";1;107822
"Glendale,Colorado";1;107823
"Sandhurst,Australia";1;107824
"GoldHill,Colorado";1;107825
"Mouaz�,Francia";1;107826
"VigodiFassa,Italia";1;107827
"Portishead,RegnoUnito";1;107828
"Maulden,RegnoUnito";1;107829
"Macungie,Pennsylvania";1;107830
"Geesthacht,Germania";1;107831
"AppleValley,California";1;107832
"MansfieldWoodhouse,RegnoUnito";1;107833
"Grevenbroich,Germania";1;107834
"Werder,Germania";1;107835
"Niddrie,Australia";1;107836
"Waynesboro,Pennsylvania";1;107837
"Wickham,Australia";1;107838
"Loftus,Australia";1;107839
"Zaventem,Belgio";1;107840
"Waycross,Georgia";1;107841
"Longyearbyen,SvalbardeJanMayen";1;107842
"Savigny-le-Temple,Francia";1;107843
"RockHall,Maryland";1;107844
"Kalocsa,Ungheria";1;107845
"AirportWest,Australia";1;107846
"Thrumster,RegnoUnito";1;107847
"Kad?k�y,Turchia";1;107848
"Falkenberg,Svezia";1;107849
"Rastede,Germania";1;107850
"Cordeiro,Brasile";1;107851
"Hamilton,NewYork";1;107852
"Mayfield,Kentucky";1;107853
"Lakeville,Massachusetts";1;107854
"Kahului,Hawaii";1;107855
"Elmas,Italia";1;107856
"Loxhore,RegnoUnito";1;107857
"Bainsville,Canada";1;107858
"Poundstock,RegnoUnito";1;107859
"Irapuato,Messico";1;107860
"Helena,Alabama";1;107861
"Travancore,Australia";1;107862
"Nazar�,Portogallo";1;107863
"Llandudno,RegnoUnito";1;107864
"GreatOrton,RegnoUnito";1;107865
"Detroit,Oregon";1;107866
"KarlovyVary,RepubblicaCeca";1;107867
"VinhLong,Vietnam";1;107868
"Ulb�lle,";1;107869
"Sluis,PaesiBassi";1;107870
"Drouvin-le-Marais,Francia";1;107871
"Arouca,TrinidadeTobago";1;107872
"Vicksburg,Michigan";1;107873
"CuencaCanton,Ecuador";1;107874
"Nikaia,Grecia";1;107875
"Chaville,Francia";1;107876
"Aurora,Missouri";1;107877
"Francestown,NewHampshire";1;107878
"VanBuren,Arkansas";1;107879
"Okegawa,Giappone";1;107880
"Rainton,RegnoUnito";1;107881
"SpringCreek,Nevada";1;107882
"Frenchtown,NewJersey";1;107883
"LaPaz,Bolivia";1;107884
"Eker�,Svezia";1;107885
"EastGeelong,Australia";1;107886
"CedarHill,Missouri";1;107887
"Ejstrupholm,";1;107888
"Nogent-sur-Oise,Francia";1;107889
"Raeford,NorthCarolina";1;107890
"Karlsfeld,Germania";1;107891
"Hensall,RegnoUnito";1;107892
"Sch�nhorst,Germania";1;107893
"Whitehouse,Ohio";1;107894
"Scholes,RegnoUnito";1;107895
"LongHill,NewJersey";1;107896
"Nyk�bingFalster,";1;107897
"Nentershausen,Germania";1;107898
"SanJuanCity,Filippine";1;107899
"Attleboro,Massachusetts";1;107900
"Dereham,RegnoUnito";1;107901
"SharonHill,Pennsylvania";1;107902
"Keele,RegnoUnito";1;107903
"Escalon,California";1;107904
"MountPleasant,NorthCarolina";1;107905
"Kurmond,Australia";1;107906
"Abington,Pennsylvania";1;107907
"Galston,Australia";1;107908
"FortSmith,Arkansas";1;107909
"BallGround,Georgia";1;107910
"Annandale,Minnesota";1;107911
"Richmond,Massachusetts";1;107912
"Sanda,Giappone";1;107913
"Yl�j�rvi,Finlandia";1;107914
"Volant,Pennsylvania";1;107915
"Dieppe,Canada";1;107916
"OakGrove,Kentucky";1;107917
"Kinzers,Pennsylvania";1;107918
"Grants,NewMexico";1;107919
"WestSeneca,NewYork";1;107920
"Texcoco,Messico";1;107921
"Stelle,Germania";1;107922
"Lijiang,Cina";1;107923
"Obrigheim,Germania";1;107924
"K�lliken,Svizzera";1;107925
"Goffstown,NewHampshire";1;107926
"Clayton,Delaware";1;107927
"Kanazawa,Giappone";1;107928
"Ballycarry,RegnoUnito";1;107929
"Alexandria,NewJersey";1;107930
"Mercer,Pennsylvania";1;107931
"HudsonFalls,NewYork";1;107932
"Rochelle,Illinois";1;107933
"Sierre,Svizzera";1;107934
"Conover,NorthCarolina";1;107935
"MorphettVale,Australia";1;107936
"Casstown,Ohio";1;107937
"MountCurrie,Canada";1;107938
"MountCompass,Australia";1;107939
"Coddington,RegnoUnito";1;107940
"Simcoe,Canada";1;107941
"WinkfieldRow,RegnoUnito";1;107942
"Tuckerton,NewJersey";1;107943
"BadRothenfelde,Germania";1;107944
"Washburn,Tennessee";1;107945
"Peten,Guatemala";1;107946
"Newington,RegnoUnito";1;107947
"MountEdgecombe,Sudafrica";1;107948
"Th�nex,Svizzera";1;107949
"Kos,Grecia";1;107950
"Karben,Germania";1;107951
"WestFork,Arkansas";1;107952
"Panjim,India";1;107953
"Praia,CapoVerde";1;107954
"Frankenberg(Eder),Germania";1;107955
"Morin-Heights,Canada";1;107956
"Katira,CostaRica";1;107957
"HigashinadaWard,Giappone";1;107958
"Reinach,Svizzera";1;107959
"Longlevens,RegnoUnito";1;107960
"Wrington,RegnoUnito";1;107961
"Baunatal,Germania";1;107962
"Barneveld,NewYork";1;107963
"KirklandLake,Canada";1;107964
"MoffatBeach,Australia";1;107965
"Northmead,Australia";1;107966
"Ridgecrest,California";1;107967
"Eastport,Maine";1;107968
"Linares,Spagna";1;107969
"Youngsville,NorthCarolina";1;107970
"Montpelier,Virginia";1;107971
"Ida,Michigan";1;107972
"MajorsCreek,Australia";1;107973
"Creston,Ohio";1;107974
"Douglassville,Pennsylvania";1;107975
"Kropa,Slovenia";1;107976
"WhiteHaven,Pennsylvania";1;107977
"Maryville,Missouri";1;107978
"Boonah,Australia";1;107979
"Pontecesures,Spagna";1;107980
"Manor,Texas";1;107981
"Eschwege,Germania";1;107982
"Easington,RegnoUnito";1;107983
"HarboroughMagna,RegnoUnito";1;107984
"Crossley,Australia";1;107985
"Salem,Utah";1;107986
"Vinci,Italia";1;107987
"Aldona,India";1;107988
"Treknow,RegnoUnito";1;107989
"Golspie,RegnoUnito";1;107990
"Wishart,Australia";1;107991
"EastFlatRock,NorthCarolina";1;107992
"LeChesnay,Francia";1;107993
"Knonau,Svizzera";1;107994
"Jartypory,Polonia";1;107995
"Lognes,Francia";1;107996
"Ochsenfurt,Germania";1;107997
"Hometown,Illinois";1;107998
"Topcroft,RegnoUnito";1;107999
"PlainCity,Ohio";1;108000
"Volkel,PaesiBassi";1;108001
"Casciago,Italia";1;108002
"Raymond,Mississippi";1;108003
"Lustleigh,RegnoUnito";1;108004
"Pialba,Australia";1;108005
"Flacht,Germania";1;108006
"SintMaarten";1;108007
"HintonAmpner,RegnoUnito";1;108008
"LaJumelli�re,Francia";1;108009
"Drachten,PaesiBassi";1;108010
"Keyser,WestVirginia";1;108011
"SouthHutchinson,Kansas";1;108012
"Stockton,NewJersey";1;108013
"DePijp,PaesiBassi";1;108014
"WolliCreek,Australia";1;108015
"Rum,Austria";1;108016
"Camber,RegnoUnito";1;108017
"Confolens,Francia";1;108018
"Officer,Australia";1;108019
"Rialto,California";1;108020
"Bryant'sBottom,RegnoUnito";1;108021
"UniversityHeights,Ohio";1;108022
"HallandaleBeach,Florida";1;108023
"BaulkhamHills,Australia";1;108024
"Tuolumne,California";1;108025
"Lockport,Illinois";1;108026
"LibertyHill,Texas";1;108027
"Pleasantville,Ohio";1;108028
"SouthTomsRiver,NewJersey";1;108029
"Kawachinagano,Giappone";1;108030
"Tecuci,Romania";1;108031
"Soufriere,Dominica";1;108032
"Obertraubling,Germania";1;108033
"Riffa,Bahrein";1;108034
"CapitolHeights,Maryland";1;108035
"Corinda,Australia";1;108036
"MonteSanPietro,Italia";1;108037
"NorthRidgeville,Ohio";1;108038
"Tilford,RegnoUnito";1;108039
"Szigetszentmikl�s,Ungheria";1;108040
"ShaverLake,California";1;108041
"Noto,Italia";1;108042
"Elburn,Illinois";1;108043
"Gotha,Germania";1;108044
"Norwood,NewJersey";1;108045
"Marinette,Wisconsin";1;108046
"Aspley,Australia";1;108047
"Miaoli,Taiwan";1;108048
"Roscoff,Francia";1;108049
"DolansBay,Australia";1;108050
"Manitouwadge,Canada";1;108051
"Windham,NewHampshire";1;108052
"EchucaWest,Australia";1;108053
"Ormesby,RegnoUnito";1;108054
"Saint-Louis,Francia";1;108055
"Kilmacolm,RegnoUnito";1;108056
"Crevalcore,Italia";1;108057
"Jystrup,";1;108058
"CopperHarbor,Michigan";1;108059
"Kvinesdal,Norvegia";1;108060
"Herford,Germania";1;108061
"Dummerston,Vermont";1;108062
"StillmanValley,Illinois";1;108063
"NewHartford,NewYork";1;108064
"MidoriWard,Giappone";1;108065
"Keysborough,Australia";1;108066
"Aberdeen,NorthCarolina";1;108067
"Ribe,";1;108068
"Lowestoft,RegnoUnito";1;108069
"ChurchPoint,Canada";1;108070
"Westerly,RhodeIsland";1;108071
"Bangalee,Australia";1;108072
"Hooksett,NewHampshire";1;108073
"Sandy,RegnoUnito";1;108074
"Baldoyle,Irlanda";1;108075
"ArroyodelaEncomienda,Spagna";1;108076
"Wanniassa,Australia";1;108077
"PiekarySlaskie,Polonia";1;108078
"Cheverly,Maryland";1;108079
"Waupaca,Wisconsin";1;108080
"Kellogg,Idaho";1;108081
"Ermoupoli,Grecia";1;108082
"MiamiShores,Florida";1;108083
"Australind,Australia";1;108084
"Mansoura,Egitto";1;108085
"Stjordal,Norvegia";1;108086
"RaymondIsland,Australia";1;108087
"Wyndham,Australia";1;108088
"Maidstone,Australia";1;108089
"Emst,PaesiBassi";1;108090
"EastJakartaCity,Indonesia";1;108091
"100MileHouse,Canada";1;108092
"CastillejadeGuzm�n,Spagna";1;108093
"Hilton,NewYork";1;108094
"LaReina,Cile";1;108095
"HoneyBrook,Pennsylvania";1;108096
"HighRidge,Missouri";1;108097
"AlfaradelPatriarca,Spagna";1;108098
"Curtin,Australia";1;108099
"Anzonico,Svizzera";1;108100
"Freer,Texas";1;108101
"Zalaegerszeg,Ungheria";1;108102
"Gunsan-si,CoreadelSud";1;108103
"Artarmon,Australia";1;108104
"Chiswick,Australia";1;108105
"Gowrie,Australia";1;108106
"CartagenadeIndias,Colombia";1;108107
"Franconia,NewHampshire";1;108108
"PortHawkesbury,Canada";1;108109
"Cedarhurst,NewYork";1;108110
"Hauts-de-France,Francia";1;108111
"SaoJosedoRioPreto,Brasile";1;108112
"Panjin,Cina";1;108113
"Ospitaletto,Italia";1;108114
"Schlo�Holte-Stukenbrock,Germania";1;108115
"Maraylya,Australia";1;108116
"Peshawar,Pakistan";1;108117
"Bellante,Italia";1;108118
"Sinj,Croazia";1;108119
"Strathalbyn,Australia";1;108120
"Milledgeville,Georgia";1;108121
"MandaueCity,Filippine";1;108122
"Landeck,Austria";1;108123
"Kilchberg,Svizzera";1;108124
"Beachwood,NewJersey";1;108125
"Carraroe,Irlanda";1;108126
"Leonardtown,Maryland";1;108127
"Havre,Montana";1;108128
"Lakeland,Minnesota";1;108129
"Glenfield,RegnoUnito";1;108130
"Preble,NewYork";1;108131
"Zwijndrecht,PaesiBassi";1;108132
"Kingman,Arizona";1;108133
"RedRock,Australia";1;108134
"Bright,Australia";1;108135
"PortSevern,Canada";1;108136
"Hesperia,California";1;108137
"Genk,Belgio";1;108138
"Pulheim,Germania";1;108139
"Lancaster,NewYork";1;108140
"Slagelse,";1;108141
"Rhodes,Australia";1;108142
"NewneyGreen,RegnoUnito";1;108143
"Lecheria,Venezuela";1;108144
"Zenica,BosniaErzegovina";1;108145
"Toorak,Australia";1;108146
"AshVale,RegnoUnito";1;108147
"KamenecpodVt�?nikom,Slovacchia";1;108148
"Nhulunbuy,Australia";1;108149
"HuronEast,Canada";1;108150
"StamfordBridge,RegnoUnito";1;108151
"Jamestown,NorthCarolina";1;108152
"Arthurdale,WestVirginia";1;108153
"Calabogie,Canada";1;108154
"Tewksbury,NewJersey";1;108155
"Aylesford,Canada";1;108156
"CapelIwan,RegnoUnito";1;108157
"DeFuniakSprings,Florida";1;108158
"Allaman,Svizzera";1;108159
"Saint-Sigismond,Francia";1;108160
"Arcadia,Missouri";1;108161
"Rydalmere,Australia";1;108162
"Limbri,Australia";1;108163
"Lumeah,Australia";1;108164
"Edemissen,Germania";1;108165
"Harbury,RegnoUnito";1;108166
"Kaufman,Texas";1;108167
"Dunabogd�ny,Ungheria";1;108168
"NorthOlmsted,Ohio";1;108169
"Lenasia,Sudafrica";1;108170
"WestElla,RegnoUnito";1;108171
"Calmont,Francia";1;108172
"SouthSaintPaul,Minnesota";1;108173
"Abercraf,RegnoUnito";1;108174
"MenziesCreek,Australia";1;108175
"MachesneyPark,Illinois";1;108176
"MitchellPark,Australia";1;108177
"Seaholme,Australia";1;108178
"Senglea,Malta";1;108179
"Portglenone,RegnoUnito";1;108180
"SiennaPlantation,Texas";1;108181
"Truchas,NewMexico";1;108182
"Manzanita,Oregon";1;108183
"Carrajung,Australia";1;108184
"Banksia,Australia";1;108185
"Blackwood,Australia";1;108186
"Brka,BosniaErzegovina";1;108187
"Tanawha,Australia";1;108188
"Gala?i,Romania";1;108189
"Palisades,NewYork";1;108190
"Lugon-et-l'�le-du-Carnay,Francia";1;108191
"Langford,RegnoUnito";1;108192
"LittleHorwood,RegnoUnito";1;108193
"Dilworth,Minnesota";1;108194
"Chatteris,RegnoUnito";1;108195
"Amherst,Canada";1;108196
"Raiano,Italia";1;108197
"Warrandyte,Australia";1;108198
"Williamston,SouthCarolina";1;108199
"SouthPambula,Australia";1;108200
"Sulbiate,Italia";1;108201
"Montclair,Virginia";1;108202
"Cadolzburg,Germania";1;108203
"SaintIves,Australia";1;108204
"Lebbeke,Belgio";1;108205
"Rohr,Svizzera";1;108206
"Kemi,Finlandia";1;108207
"Rainhill,RegnoUnito";1;108208
"Delphi,Indiana";1;108209
"Woodbury,Minnesota";1;108210
"Lesmurdie,Australia";1;108211
"Fataga,Spagna";1;108212
"CapeGirardeau,Missouri";1;108213
"Minneola,Florida";1;108214
"Sainte-Catherine,Canada";1;108215
"Navasota,Texas";1;108216
"Homocea,Romania";1;108217
"Brainerd,Minnesota";1;108218
"Romeoville,Illinois";1;108219
"Torrington,Connecticut";1;108220
"Huanggang,Cina";1;108221
"SchwalbachamTaunus,Germania";1;108222
"UpperHutt,NuovaZelanda";1;108223
"Heist-op-den-Berg,Belgio";1;108224
"Cambados,Spagna";1;108225
"Conway,SouthCarolina";1;108226
"Courcelles-Sapicourt,Francia";1;108227
"Raymond,California";1;108228
"Noordwolde,PaesiBassi";1;108229
"Auburn,Illinois";1;108230
"Litchfield,NewHampshire";1;108231
"Chanhassen,Minnesota";1;108232
"Reedley,California";1;108233
"Faggiano,Italia";1;108234
"Ronchin,Francia";1;108235
"Lapel,Indiana";1;108236
"Velenje,Slovenia";1;108237
"BlowingRock,NorthCarolina";1;108238
"AlJubail,ArabiaSaudita";1;108239
"Chilmark,Massachusetts";1;108240
"LeBignon,Francia";1;108241
"Melcher-";1;108242
"Gundary,Australia";1;108243
"Kenilworth,Illinois";1;108244
"Mysore,India";1;108245
"Frechen,Germania";1;108246
"Blockley,RegnoUnito";1;108247
"Hibaldstow,RegnoUnito";1;108248
"Nolay,Francia";1;108249
"Hortonville,Wisconsin";1;108250
"Gerzat,Francia";1;108251
"Vendels�,Svezia";1;108252
"Vonore,Tennessee";1;108253
"Melksham,RegnoUnito";1;108254
"Ona,WestVirginia";1;108255
"Wickenburg,Arizona";1;108256
"Chatham,Massachusetts";1;108257
"Reinbek,Germania";1;108258
"TheBasin,Australia";1;108259
"Rossford,Ohio";1;108260
"Shepherd,Montana";1;108261
"B�lach,Svizzera";1;108262
"Betim,Brasile";1;108263
"Marhamchurch,RegnoUnito";1;108264
"Klaukkala,Finlandia";1;108265
"Earlville,Australia";1;108266
"Sippersfeld,Germania";1;108267
"Saint-Etienne,Francia";1;108268
"Ilderton,Canada";1;108269
"Itoshima,Giappone";1;108270
"Athis-Mons,Francia";1;108271
"Emmerthal,Germania";1;108272
"Antioch,Illinois";1;108273
"ColoniadelSacramento,Uruguay";1;108274
"Rochdale,RegnoUnito";1;108275
"Chivasso,Italia";1;108276
"Petrolia,Canada";1;108277
"SaintFrancis,Wisconsin";1;108278
"Totowa,NewJersey";1;108279
"Coomboona,Australia";1;108280
"Abiquiu,NewMexico";1;108281
"Wezembeek-Oppem,Belgio";1;108282
"Emmitsburg,Maryland";1;108283
"Lacroix-Barrez,Francia";1;108284
"Caledonia,Canada";1;108285
"CampagnanodiRoma,Italia";1;108286
"CentralTilba,Australia";1;108287
"Elda,Spagna";1;108288
"RioMaior,Portogallo";1;108289
"Helsby,RegnoUnito";1;108290
"Viroflay,Francia";1;108291
"Jarvis,Canada";1;108292
"Osage,Minnesota";1;108293
"MiamiSprings,Florida";1;108294
"Leissigen,Svizzera";1;108295
"Meerut,India";1;108296
"WestGreenwich,RhodeIsland";1;108297
"PrairieduSac,Wisconsin";1;108298
"Goutum,PaesiBassi";1;108299
"CiudadJard�nLomasdePalomar,Argentina";1;108300
"Jackson,Wisconsin";1;108301
"Solms,Germania";1;108302
"PortRichey,Florida";1;108303
"Tudweiliog,RegnoUnito";1;108304
"Bulverde,Texas";1;108305
"Milford,Massachusetts";1;108306
"DiamondBeach,Australia";1;108307
"Delbr�ck,Germania";1;108308
"ConceptionJunction,Missouri";1;108309
"Tann,Svizzera";1;108310
"RivignanoTeor,Italia";1;108311
"Magnolia,Delaware";1;108312
"FortLeonardWood,Missouri";1;108313
"CradleyHeath,RegnoUnito";1;108314
"Altdorf,Germania";1;108315
"Bishkek,Kirghizistan";1;108316
"Floyd,Virginia";1;108317
"Nashdale,Australia";1;108318
"Brighton,Canada";1;108319
"Nabb,Indiana";1;108320
"RedlandBay,Australia";1;108321
"Wetzlar,Germania";1;108322
"Noyal-Ch�tillon-sur-Seiche,Francia";1;108323
"BenAvon,Pennsylvania";1;108324
"Blyth,RegnoUnito";1;108325
"Givisiez,Svizzera";1;108326
"Kevelaer,Germania";1;108327
"Boonville,California";1;108328
"Chantepie,Francia";1;108329
"Kippen,RegnoUnito";1;108330
"Neufraunhofen,Germania";1;108331
"Barrhead,RegnoUnito";1;108332
"M�dling,Austria";1;108333
"Hudson,Iowa";1;108334
"Kooyong,Australia";1;108335
"WestMackay,Australia";1;108336
"Warren,Indiana";1;108337
"Elmsdale,Canada";1;108338
"Pyrbaum,Germania";1;108339
"Troutman,NorthCarolina";1;108340
"SouthHaven,Michigan";1;108341
"Pontypridd,RegnoUnito";1;108342
"Redway,California";1;108343
"Dolyna,Ucraina";1;108344
"Aberdaron,RegnoUnito";1;108345
"BascusArgius,Italia";1;108346
"Calderino,Italia";1;108347
"Troutdale,Oregon";1;108348
"Ho-Ho-Kus,NewJersey";1;108349
"Czeladz,Polonia";1;108350
"Nulkaba,Australia";1;108351
"Enfield,Canada";1;108352
"Castleton,Vermont";1;108353
"Stadtlohn,Germania";1;108354
"Zola,Italia";1;108355
"Waldbreitbach,Germania";1;108356
"Bollebygd,Svezia";1;108357
"Merchtem,Belgio";1;108358
"Wellsville,Utah";1;108359
"KaunasCounty,Lituania";1;108360
"Muldestausee,Germania";1;108361
"Indiantown,Florida";1;108362
"Cardup,Australia";1;108363
"Pontefract,RegnoUnito";1;108364
"Pailton,RegnoUnito";1;108365
"Per�,Indiana";1;108366
"Clinton,Kentucky";1;108367
"Eaton,Australia";1;108368
"Truro,Canada";1;108369
"FourOaks,NorthCarolina";1;108370
"Sellin,Germania";1;108371
"Fulton,Mississippi";1;108372
"Hauppauge,NewYork";1;108373
"Hamsey,RegnoUnito";1;108374
"Helensburgh,RegnoUnito";1;108375
"GenoaCity,Wisconsin";1;108376
"Plymouth,California";1;108377
"Bel�m,Brasile";1;108378
"SaintAndrews,Australia";1;108379
"Tiverton,RhodeIsland";1;108380
"AlAhmadi,Kuwait";1;108381
"Sint-Martens-Latem,Belgio";1;108382
"Carstairs,Canada";1;108383
"BalsallCommon,RegnoUnito";1;108384
"Jefferson,Maine";1;108385
"Gordon,Australia";1;108386
"DuBois,Pennsylvania";1;108387
"IronRiver,Michigan";1;108388
"SisterBay,Wisconsin";1;108389
"Bogor,Indonesia";1;108390
"Johnston,RhodeIsland";1;108391
"Nequen,Argentina";1;108392
"Wemmel,Belgio";1;108393
"Naseby,RegnoUnito";1;108394
"Holzkirchen,Germania";1;108395
"Owendale,Michigan";1;108396
"Warfield,RegnoUnito";1;108397
"Gilbertsville,Pennsylvania";1;108398
"SwanIsland,Australia";1;108399
"Semaphore,Australia";1;108400
"NewEra,Michigan";1;108401
"Dundas,Minnesota";1;108402
"Hamelin,Germania";1;108403
"AllambieHeights,Australia";1;108404
"Allithwaite,RegnoUnito";1;108405
"Birkenau,Germania";1;108406
"Sainte-Terre,Francia";1;108407
"Terrasini,Italia";1;108408
"Vila-seca,Spagna";1;108409
"SanAntoniodePadua,Argentina";1;108410
"BoutiliersPoint,Canada";1;108411
"Rendsburg,Germania";1;108412
"Freshford,RegnoUnito";1;108413
"Riverview,Canada";1;108414
"PickeringBrook,Australia";1;108415
"Cremorne,Australia";1;108416
"Sestao,Spagna";1;108417
"Manorville,NewYork";1;108418
"Fremont,Nebraska";1;108419
"Elmada?,Turchia";1;108420
"Forth,Australia";1;108421
"Libby,Montana";1;108422
"Ballingarry,Irlanda";1;108423
"Carlingford,Australia";1;108424
"Etaux,Francia";1;108425
"Yarrawonga,Australia";1;108426
"DeceptionBay,Australia";1;108427
"Calais,Francia";1;108428
"Brasted,RegnoUnito";1;108429
"Choisy,Francia";1;108430
"Numurkah,Australia";1;108431
"Lyonshall,RegnoUnito";1;108432
"AuGres,Michigan";1;108433
"Kintore,RegnoUnito";1;108434
"Innisfail,Australia";1;108435
"EastNorthport,NewYork";1;108436
"Alvechurch,RegnoUnito";1;108437
"Delgany,Irlanda";1;108438
"PleasantPlains,Arkansas";1;108439
"Schomberg,Canada";1;108440
"Greenbrier,Tennessee";1;108441
"HeskethBank,RegnoUnito";1;108442
"Bryan,Texas";1;108443
"Monterey,Tennessee";1;108444
"AbbadiaLariana,Italia";1;108445
"Marion,Ohio";1;108446
"Banjarmasin,Indonesia";1;108447
"Axminster,RegnoUnito";1;108448
"Suisio,Italia";1;108449
"Warburg,Germania";1;108450
"Braine-l'Alleud,Belgio";1;108451
"RoundHill,Virginia";1;108452
"EggHarborCity,NewJersey";1;108453
"SesSalines,Spagna";1;108454
"Verwood,RegnoUnito";1;108455
"LittleYork,NewYork";1;108456
"Willerby,RegnoUnito";1;108457
"DesMoines,Washington";1;108458
"ForestLake,Australia";1;108459
"Erin,Canada";1;108460
"Crowthorne,RegnoUnito";1;108461
"Notre-";1;108462
"Cullen,RegnoUnito";1;108463
"Hundested,";1;108464
"Riverside,Illinois";1;108465
"Bayfield,Colorado";1;108466
"NewLambton,Australia";1;108467
"CapeOtway,Australia";1;108468
"Hyuga,Giappone";1;108469
"RasTanura,ArabiaSaudita";1;108470
"Wyberton,RegnoUnito";1;108471
"Oswego,Illinois";1;108472
"Plumstead,RegnoUnito";1;108473
"Theodore,Alabama";1;108474
"Enskede,Svezia";1;108475
"NorthPlains,Oregon";1;108476
"Aguilar,Colorado";1;108477
"Brookville,Ohio";1;108478
"Toulon,Illinois";1;108479
"Tamaree,Australia";1;108480
"HanscomAirForceBase,Massachusetts";1;108481
"Lancaster,Kentucky";1;108482
"Bishop'sHull,RegnoUnito";1;108483
"SantaAmalia,Spagna";1;108484
"Hirakata,Giappone";1;108485
"MacGregor,Australia";1;108486
"Burlington,Iowa";1;108487
"Kehl,Germania";1;108488
"Meredith,NewHampshire";1;108489
"RoyalCenter,Indiana";1;108490
"WhaleBeach,Australia";1;108491
"QueenCharlotte,Canada";1;108492
"Gumdale,Australia";1;108493
"Loveland,Ohio";1;108494
"Nottingham,Maryland";1;108495
"Val-";1;108496
"Feurs,Francia";1;108497
"Pataskala,Ohio";1;108498
"EllesmerePort,RegnoUnito";1;108499
"ColwynBay,RegnoUnito";1;108500
"Torremolinos,Spagna";1;108501
"Metlika,Slovenia";1;108502
"Blanding,Utah";1;108503
"Millbrook,NewYork";1;108504
"DelhicharterTownship,Michigan";1;108505
"Mol,Belgio";1;108506
"Strathmore,Canada";1;108507
"OldBethpage,NewYork";1;108508
"ZanzibarNorth,Tanzania";1;108509
"Candes-Saint-Martin,Francia";1;108510
"Carryduff,RegnoUnito";1;108511
"Lappersdorf,Germania";1;108512
"Rishpon,Israele";1;108513
"Swanley,RegnoUnito";1;108514
"Granville,Ohio";1;108515
"Blountville,Tennessee";1;108516
"WhiteSulphurSprings,WestVirginia";1;108517
"Buckingham,Virginia";1;108518
"Makassar,Indonesia";1;108519
"LongLawford,RegnoUnito";1;108520
"CremornePoint,Australia";1;108521
"Frederikshavn,";1;108522
"Tumut,Australia";1;108523
"Lockleys,Australia";1;108524
"�reryd,Svezia";1;108525
"Niceville,Florida";1;108526
"LesBreuleux,Svizzera";1;108527
"Blanchardstown,Irlanda";1;108528
"CentralMangrove,Australia";1;108529
"Epping,North";1;108530
"Henderson,Louisiana";1;108531
"Kada?,RepubblicaCeca";1;108532
"BassRiver,Canada";1;108533
"Torun,Polonia";1;108534
"Greenbrier,Arkansas";1;108535
"Saint-Cyr-sur-Loire,Francia";1;108536
"Homerville,Georgia";1;108537
"Mahomet,Illinois";1;108538
"�vian-les-Bains,Francia";1;108539
"Gepp,Arkansas";1;108540
"Unity,Canada";1;108541
"Northfield,NewJersey";1;108542
"Arqu�Petrarca,Italia";1;108543
"Berwick-upon-Tweed,RegnoUnito";1;108544
"HerneBay,RegnoUnito";1;108545
"M�stair,Svizzera";1;108546
"Kriftel,Germania";1;108547
"Millarville,Canada";1;108548
"Curtarolo,Italia";1;108549
"Walkerton,Indiana";1;108550
"Lauterhofen,Germania";1;108551
"Whitman,Massachusetts";1;108552
"Bondurant,Iowa";1;108553
"Ostrohe,Germania";1;108554
"Eschenbach,Svizzera";1;108555
"Saltillo,Messico";1;108556
"FossaltaMaggiore,Italia";1;108557
"Blaufelden,Germania";1;108558
"Hilltown,RegnoUnito";1;108559
"Clinton,Illinois";1;108560
"Carteret,NewJersey";1;108561
"Delmar,NewYork";1;108562
"EagleLake,Florida";1;108563
"Levin,NuovaZelanda";1;108564
"Kor��,Albania";1;108565
"SouthRange,Wisconsin";1;108566
"Bellwood,Illinois";1;108567
"NagaCity,Filippine";1;108568
"Garopaba,Brasile";1;108569
"Sieradz,Polonia";1;108570
"Nantwich,RegnoUnito";1;108571
"Roccavivi,Italia";1;108572
"Monticello,Indiana";1;108573
"Hanford,California";1;108574
"�hringen,Germania";1;108575
"Starnberg,Germania";1;108576
"Tuffley,RegnoUnito";1;108577
"Avalon,California";1;108578
"Custer,South";1;108579
"Clinton,NewJersey";1;108580
"Riederich,Germania";1;108581
"S�enzPe�a,Argentina";1;108582
"IliIli,SamoaAmericane";1;108583
"Kergunyah,Australia";1;108584
"Gary,Indiana";1;108585
"Gomersal,RegnoUnito";1;108586
"Viby,";1;108587
"TheOaks,Australia";1;108588
"Crieff,RegnoUnito";1;108589
"LeMesnil-le-Roi,Francia";1;108590
"Boardman,Ohio";1;108591
"Fulshear,Texas";1;108592
"NovyJicin,RepubblicaCeca";1;108593
"TownshipofLangley,Canada";1;108594
"Navacchio,Italia";1;108595
"Strahan,Australia";1;108596
"Bailrigg,RegnoUnito";1;108597
"RioBranco,Brasile";1;108598
"Clarksville,Indiana";1;108599
"Glenhaven,Australia";1;108600
"Killaloe,Irlanda";1;108601
"H�nin-Beaumont,Francia";1;108602
"MueangChiangMai,Tailandia";1;108603
"Marittima,Italia";1;108604
"WillowGrove,Pennsylvania";1;108605
"Balaguier-d'Olt,Francia";1;108606
"Inwood,WestVirginia";1;108607
"Itaqui,Brasile";1;108608
"Milano,Michigan";1;108609
"WestHaverstraw,NewYork";1;108610
"AmmanGovernorate,Giordania";1;108611
"Stretto,Croazia";1;108612
"Spencerport,NewYork";1;108613
"Mondovi,Wisconsin";1;108614
"BlackburnSouth,Australia";1;108615
"Menden,Germania";1;108616
"Sedgefield,Sudafrica";1;108617
"Branson,Missouri";1;108618
"VranovDol,Croazia";1;108619
"GoldenSquare,Australia";1;108620
"Tottington,RegnoUnito";1;108621
"Wimmelburg,Germania";1;108622
"Omaha,NuovaZelanda";1;108623
"Ashton-under-Lyne,RegnoUnito";1;108624
"Mayen,Germania";1;108625
"GrandIsland,Nebraska";1;108626
"Aizenay,Francia";1;108627
"Pasadena,Canada";1;108628
"Salunga-Landisville,Pennsylvania";1;108629
"Thorngate,Australia";1;108630
"Willington,RegnoUnito";1;108631
"Toney,Alabama";1;108632
"MissionCanyon,California";1;108633
"Ravena,NewYork";1;108634
"Hennigsdorf,Germania";1;108635
"Merrifield,Virginia";1;108636
"Shandaken,NewYork";1;108637
"Ul'janovsk,Russia";1;108638
"QuinteWest,Canada";1;108639
"Hixon,RegnoUnito";1;108640
"Marsure,Italia";1;108641
"Finestrat,Spagna";1;108642
"Garstang,RegnoUnito";1;108643
"PortWashington,Wisconsin";1;108644
"KirkElla,RegnoUnito";1;108645
"Bloomfield,NewJersey";1;108646
"Sarre,Italia";1;108647
"Lincoln,Alabama";1;108648
"Steenbergen,PaesiBassi";1;108649
"Legri,Italia";1;108650
"Winkfield,RegnoUnito";1;108651
"Seville,Ohio";1;108652
"Itu,Brasile";1;108653
"Lanner,RegnoUnito";1;108654
"Opaki,NuovaZelanda";1;108655
"Kongsvinger,Norvegia";1;108656
"Kane,Pennsylvania";1;108657
"Hopkins,Belize";1;108658
"Dublin,NewHampshire";1;108659
"Higgins,Australia";1;108660
"Hankamer,Texas";1;108661
"Gesves,Belgio";1;108662
"BayanLepas,Malesia";1;108663
"CarolePark,Australia";1;108664
"WestHarrison,Indiana";1;108665
"BadgersMount,RegnoUnito";1;108666
"BridgeofDon,RegnoUnito";1;108667
"Skovlunde,";1;108668
"Kallithea,Grecia";1;108669
"Sabin,Minnesota";1;108670
"Kilflynn,Irlanda";1;108671
"Alsip,Illinois";1;108672
"Pavenham,RegnoUnito";1;108673
"Godmanchester,RegnoUnito";1;108674
"Idalia,Colorado";1;108675
"Peotone,Illinois";1;108676
"Hudsonville,Michigan";1;108677
"Dover-Foxcroft,Maine";1;108678
"Pickens,SouthCarolina";1;108679
"Groves,Texas";1;108680
"Karmiel,Israele";1;108681
"Warkworth,NuovaZelanda";1;108682
"Aloha,Oregon";1;108683
"Pontarlier,Francia";1;108684
"Ruse,Bulgaria";1;108685
"MarionBridge,Canada";1;108686
"Pregartsdorf,Austria";1;108687
"Concordia,Missouri";1;108688
"Uppermill,RegnoUnito";1;108689
"WheelerHeights,Australia";1;108690
"Kesh,RegnoUnito";1;108691
"Eckental,Germania";1;108692
"Barnstead,NewHampshire";1;108693
"Clifton,Virginia";1;108694
"Paterson,NewJersey";1;108695
"Ahorn,Germania";1;108696
"Churchdown,RegnoUnito";1;108697
"SaultSte.Marie,Michigan";1;108698
"ConteadiYangpyeong,CoreadelSud";1;108699
"OldKilpatrick,RegnoUnito";1;108700
"Barnardsville,NorthCarolina";1;108701
"Prestons,Australia";1;108702
"Phillip,Australia";1;108703
"Dittingen,Svizzera";1;108704
"Verquin,Francia";1;108705
"G�raSiewierska,Polonia";1;108706
"Hilmar,California";1;108707
"Wakefield,Australia";1;108708
"Bangholme,Australia";1;108709
"Virginia,Minnesota";1;108710
"BigValley,Canada";1;108711
"Tulare,California";1;108712
"TamaWard,Giappone";1;108713
"Rajec,Slovacchia";1;108714
"Walcourt,Belgio";1;108715
"Weiz,Austria";1;108716
"Spotswood,NewJersey";1;108717
"Winslow,RegnoUnito";1;108718
"Tolleson,Arizona";1;108719
"Felixsee,Germania";1;108720
"BadSoden,Germania";1;108721
"DuPont,Washington";1;108722
"Chastre,Belgio";1;108723
"Undy,RegnoUnito";1;108724
"Pewsey,RegnoUnito";1;108725
"Wittmann,Arizona";1;108726
"CapeSchanck,Australia";1;108727
"FennellBay,Australia";1;108728
"Murrayville,Georgia";1;108729
"CabramattaWest,Australia";1;108730
"Othello,Washington";1;108731
"Kinross,Australia";1;108732
"Stuyvesant,NewYork";1;108733
"BrightonEast,Australia";1;108734
"Kolpino,Russia";1;108735
"Keperra,Australia";1;108736
"Cassadaga,NewYork";1;108737
"SuisunCity,California";1;108738
"Newfane,NewYork";1;108739
"Hartland,Wisconsin";1;108740
"Delran,NewJersey";1;108741
"Udelnaya,Russia";1;108742
"NeoPsychiko,Grecia";1;108743
"WestBromwich,RegnoUnito";1;108744
"Macedonia,Ohio";1;108745
"Pickett,Wisconsin";1;108746
"Boverton,RegnoUnito";1;108747
"Amigny-Rouy,Francia";1;108748
"ProvinciadiKampongSpeu,Cambogia";1;108749
"Batac,Filippine";1;108750
"Highland,Illinois";1;108751
"Silang,Filippine";1;108752
"Louisville,Illinois";1;108753
"Rawdon,Canada";1;108754
"Shoreview,Minnesota";1;108755
"Graham,Washington";1;108756
"Loughrea,Irlanda";1;108757
"Montgomery,NewJersey";1;108758
"Clarence-Rockland,Canada";1;108759
"Estherville,Iowa";1;108760
"RoundMountain,Texas";1;108761
"Worlds,Virginia";1;108762
"Casoria,Italia";1;108763
"SouthNormanton,RegnoUnito";1;108764
"Albertslund,";1;108765
"Lambertville,Michigan";1;108766
"BerrienSprings,Michigan";1;108767
"Meylan,Francia";1;108768
"Henstedt-Ulzburg,Germania";1;108769
"Komotini,Grecia";1;108770
"Wallington,NewJersey";1;108771
"HeathSprings,SouthCarolina";1;108772
"Coulmiers,Francia";1;108773
"Gai�ach,Germania";1;108774
"Willington,Connecticut";1;108775
"BatuPahat,Malesia";1;108776
"Rena,Norvegia";1;108777
"Moycullen,Irlanda";1;108778
"Peyton,Colorado";1;108779
"Sutton,NewHampshire";1;108780
"Ibbenb�ren,Germania";1;108781
"Thomasville,Georgia";1;108782
"Gypsum,Colorado";1;108783
"NorthProvidence,RhodeIsland";1;108784
"Staunton,RegnoUnito";1;108785
"Kulnura,Australia";1;108786
"PiaraWaters,Australia";1;108787
"Belmont,Giamaica";1;108788
"Metebach,Germania";1;108789
"Auburn,Australia";1;108790
"Goseong-gun,CoreadelSud";1;108791
"Worthington,Massachusetts";1;108792
"GlynCeiriog,RegnoUnito";1;108793
"Berkel-Enschot,PaesiBassi";1;108794
"Dundrum,RegnoUnito";1;108795
"Othmarsingen,Svizzera";1;108796
"Maarsbergen,PaesiBassi";1;108797
"Chislehurst,RegnoUnito";1;108798
"Dmitrov,Russia";1;108799
"Lodz,Polonia";1;108800
"Freshwater,RegnoUnito";1;108801
"HanoverPark,Illinois";1;108802
"Merrimac,Australia";1;108803
"Mannford,Oklahoma";1;108804
"Woodpark,Australia";1;108805
"Timr�,Svezia";1;108806
"Droylsden,RegnoUnito";1;108807
"RockCity,Illinois";1;108808
"Yankton,South";1;108809
"Hanslope,RegnoUnito";1;108810
"Boonville,Indiana";1;108811
"VoivodatodellaVarmia-Masuria,Polonia";1;108812
"Menston,RegnoUnito";1;108813
"O'Fallon,Missouri";1;108814
"TurnersBeach,Australia";1;108815
"Schalkhaar,PaesiBassi";1;108816
"Hudiksvall,Svezia";1;108817
"Bussero,Italia";1;108818
"Niort,Francia";1;108819
"Larkspur,California";1;108820
"Wingfield,RegnoUnito";1;108821
"Anamosa,Iowa";1;108822
"Edwardsville,Illinois";1;108823
"Mulvane,Kansas";1;108824
"Larsmo,Finlandia";1;108825
"Macon,Missouri";1;108826
"Waimate,NuovaZelanda";1;108827
"Shepshed,RegnoUnito";1;108828
"Albany,Missouri";1;108829
"Nyons,Francia";1;108830
"Triesenberg,Liechtenstein";1;108831
"Montcherand,Svizzera";1;108832
"NewAlbany,Mississippi";1;108833
"Norton,Kansas";1;108834
"Stanton,California";1;108835
"Mardy,RegnoUnito";1;108836
"Cam,RegnoUnito";1;108837
"Saint-Jean-Bonnefonds,Francia";1;108838
"Wick,RegnoUnito";1;108839
"Weir,Mississippi";1;108840
"Br�hl,Germania";1;108841
"Velp,PaesiBassi";1;108842
"Longlane,RegnoUnito";1;108843
"EvansHead,Australia";1;108844
"Nattavaara,Svezia";1;108845
"Tregurrian,RegnoUnito";1;108846
"Sopron,Ungheria";1;108847
"Ayer,Massachusetts";1;108848
"Senigallia,Italia";1;108849
"WightsMountain,Australia";1;108850
"RudaSlaska,Polonia";1;108851
"Baldock,RegnoUnito";1;108852
"Berridale,Australia";1;108853
"Beaconsfield,Canada";1;108854
"South";1;108855
"Petrolia,California";1;108856
"EasternCape,Sudafrica";1;108857
"Rye,RegnoUnito";1;108858
"Jingdezhen,Cina";1;108859
"Codogn�,Italia";1;108860
"Saclay,Francia";1;108861
"Sutton,Massachusetts";1;108862
"Cornish,NewHampshire";1;108863
"Torsby,Svezia";1;108864
"Gustavsberg,Svezia";1;108865
"Hanover,NewJersey";1;108866
"Amenia,NewYork";1;108867
"Rivercourse,Canada";1;108868
"Karrinyup,Australia";1;108869
"Collinsville,Illinois";1;108870
"Alcal�deGuada�ra,Spagna";1;108871
"Petawawa,Canada";1;108872
"Tallaght,Irlanda";1;108873
"ArabiaSaudita";1;108874
"TheEntrance,Australia";1;108875
"Sahuarita,Arizona";1;108876
"Wittenbach,Svizzera";1;108877
"PennWynne,Pennsylvania";1;108878
"Pori,Finlandia";1;108879
"Villeneuve-sur-Bellot,Francia";1;108880
"Diamondhead,Mississippi";1;108881
"Charlotte,Iowa";1;108882
"Malone,NewYork";1;108883
"Lucey,Francia";1;108884
"Banfield,Argentina";1;108885
"Cashmere,Australia";1;108886
"Leavenworth,Kansas";1;108887
"Aurora,Minnesota";1;108888
"Mundham,RegnoUnito";1;108889
"Gray,Maine";1;108890
"Jangheung-gun,CoreadelSud";1;108891
"Oakleigh,Australia";1;108892
"Illingen,Germania";1;108893
"Woombye,Australia";1;108894
"PrettyBeach,Australia";1;108895
"WestHill,RegnoUnito";1;108896
"Haslet,Texas";1;108897
"RoxbyDowns,Australia";1;108898
"Harrold,RegnoUnito";1;108899
"Waterloo,NewYork";1;108900
"Eberbach,Germania";1;108901
"Penagos,Spagna";1;108902
"Jaggan,Australia";1;108903
"Alma,Arkansas";1;108904
"Ashland,Massachusetts";1;108905
"WilliamstownNorth,Australia";1;108906
"Deauville,Francia";1;108907
"K���k�ekmece,Turchia";1;108908
"Pilsen,RepubblicaCeca";1;108909
"Nahariyya,Israele";1;108910
"Azusa,California";1;108911
"Gondecourt,Francia";1;108912
"Pohlheim,Germania";1;108913
"Herm,Francia";1;108914
"Bagsv�rd,";1;108915
"Millington,Tennessee";1;108916
"Baoding,Cina";1;108917
"Morton,Illinois";1;108918
"Castlegar,Canada";1;108919
"Pl�n,Germania";1;108920
"Craiova,Romania";1;108921
"Caloundra,Australia";1;108922
"Faridabad,India";1;108923
"Azay-le-Rideau,Francia";1;108924
"Elverson,Pennsylvania";1;108925
"Wiarton,Canada";1;108926
"ParkForest,Illinois";1;108927
"Yalaha,Florida";1;108928
"VillaPark,Illinois";1;108929
"SantFeliudeLlobregat,Spagna";1;108930
"Roydon,RegnoUnito";1;108931
"Tamworth,NewHampshire";1;108932
"Gresham,Wisconsin";1;108933
"Brookfield,Massachusetts";1;108934
"Hohenfels,Germania";1;108935
"Clare,Australia";1;108936
"MinersRest,Australia";1;108937
"ColumbiaHeights,Minnesota";1;108938
"Cottesmore,RegnoUnito";1;108939
"BaguioCity,Filippine";1;108940
"UpperMountGravatt,Australia";1;108941
"ViladoBispoMunicipality,Portogallo";1;108942
"Heddington,RegnoUnito";1;108943
"GlenEcho,Maryland";1;108944
"Cz?stochowa,Polonia";1;108945
"Rochester,Washington";1;108946
"Crozet,Francia";1;108947
"Montville,NewJersey";1;108948
"Soledad,California";1;108949
"FortThomas,Kentucky";1;108950
"Whitehill,RegnoUnito";1;108951
"Witzenhausen,Germania";1;108952
"Wenonah,NewJersey";1;108953
"Ontario,Oregon";1;108954
"Gnadenhutten,Ohio";1;108955
"Lakefield,Canada";1;108956
"Shelton,Washington";1;108957
"NorthHero,Vermont";1;108958
"Leary,Georgia";1;108959
"Certaldo,Italia";1;108960
"OaklandcharterTownship,Michigan";1;108961
"Pite?ti,Romania";1;108962
"GreenValley,Canada";1;108963
"HughendenValley,RegnoUnito";1;108964
"Dunboyne,Irlanda";1;108965
"Poltava,Ucraina";1;108966
"Eagle,Idaho";1;108967
"BadVilbel,Germania";1;108968
"Wilsonville,Oregon";1;108969
"Lauriston,NuovaZelanda";1;108970
"SimpangAmpat,Malesia";1;108971
"Glash�tten,Germania";1;108972
"GreenCoveSprings,Florida";1;108973
"EastEnd,RegnoUnito";1;108974
"GardenCity,Michigan";1;108975
"V�nersborg,Svezia";1;108976
"Molalla,Oregon";1;108977
"PaintedPost,NewYork";1;108978
"Montgomeryville,Pennsylvania";1;108979
"JerseyVillage,Texas";1;108980
"Bancroft,Canada";1;108981
"Hempstead,NewYork";1;108982
"Jindalee,Australia";1;108983
"CampVerde,Arizona";1;108984
"Clapiers,Francia";1;108985
"Belvidere,NewJersey";1;108986
"Smithfield,Virginia";1;108987
"Lawrenceburg,Kentucky";1;108988
"Reverolle,Svizzera";1;108989
"Thurins,Francia";1;108990
"Glenside,Australia";1;108991
"Yorkton,Canada";1;108992
"Ferndale,Washington";1;108993
"Marklowice,Polonia";1;108994
"Changhua,Taiwan";1;108995
"Milano,Tennessee";1;108996
"St�ckse,Germania";1;108997
"RensselaerFalls,NewYork";1;108998
"Leoben,Austria";1;108999
"Sk�vde,Svezia";1;109000
"AtlanticBeach,Florida";1;109001
"Karvina,RepubblicaCeca";1;109002
"Goole,RegnoUnito";1;109003
"Calhoun,Georgia";1;109004
"Katwijk,PaesiBassi";1;109005
"Okeechobee,Florida";1;109006
"Marshall,Texas";1;109007
"H�rsching,Austria";1;109008
"Delano,California";1;109009
"Centerville,Utah";1;109010
"Bottrop,Germania";1;109011
"ThePlains,Virginia";1;109012
"Westhill,RegnoUnito";1;109013
"Helotes,Texas";1;109014
"Thorign�-Fouillard,Francia";1;109015
"ChermsideWest,Australia";1;109016
"Br?ila,Romania";1;109017
"Allenspark,Colorado";1;109018
"Pocola,Oklahoma";1;109019
"SouthSulawesi,Indonesia";1;109020
"LeBouscat,Francia";1;109021
"Espa�ola,NewMexico";1;109022
"Mineola,NewYork";1;109023
"Lod�ve,Francia";1;109024
"CliftonForge,Virginia";1;109025
"Pittsfield,Maine";1;109026
"CrossPlains,Texas";1;109027
"Ardmore,Oklahoma";1;109028
"Franklin,Australia";1;109029
"MarylandHeights,Missouri";1;109030
"Nandy,Francia";1;109031
"Hardy,Virginia";1;109032
"Palmi,Italia";1;109033
"KremsanderDonau,Austria";1;109034
"Bahama,NorthCarolina";1;109035
"Ironbridge,RegnoUnito";1;109036
"CobbsCreek,Virginia";1;109037
"Greensborough,Australia";1;109038
"MansonsLanding,Canada";1;109039
"Tepoztl�n,Messico";1;109040
"Eden,NewYork";1;109041
"Zante,Grecia";1;109042
"VathianosKampos,Grecia";1;109043
"Windella,Australia";1;109044
"FerntreeGully,Australia";1;109045
"AdamsCenter,NewYork";1;109046
"Miranda,Australia";1;109047
"Irvington,NewJersey";1;109048
"Muirhead,Australia";1;109049
"Goathland,RegnoUnito";1;109050
"MesaGeitonia,Cipro";1;109051
"Stiring-Wendel,Francia";1;109052
"Lebach,Germania";1;109053
"Warminster,RegnoUnito";1;109054
"Hubbard,Ohio";1;109055
"Reichshoffen,Francia";1;109056
"Schladming,Austria";1;109057
"Serramazzoni,Italia";1;109058
"Pullach,Germania";1;109059
"Corenc,Francia";1;109060
"MapleShadeTownship,NewJersey";1;109061
"Ulanqab,Cina";1;109062
"JackassFlat,Australia";1;109063
"Zeewolde,PaesiBassi";1;109064
"Rheinstetten,Germania";1;109065
"GawleysGate,RegnoUnito";1;109066
"Currumbin,Australia";1;109067
"Bridgton,Maine";1;109068
"Limburgo,Germania";1;109069
"Colomiers,Francia";1;109070
"Canfield,Ohio";1;109071
"Monasterboice,Irlanda";1;109072
"Birchwood,RegnoUnito";1;109073
"Falcon,Australia";1;109074
"Wheatland,Wyoming";1;109075
"Alveston,RegnoUnito";1;109076
"Mooroopna,Australia";1;109077
"Randlett,Utah";1;109078
"Mantova,Italia";1;109079
"ChesterTownship,NewJersey";1;109080
"Sydenham,Australia";1;109081
"NarellanVale,Australia";1;109082
"FortStockton,Texas";1;109083
"Lalor,Australia";1;109084
"Sint-Katelijne-Waver,Belgio";1;109085
"Doncaster,Australia";1;109086
"Holgate,Australia";1;109087
"Veresegyh�z,Ungheria";1;109088
"Rheinau,Germania";1;109089
"Gostivar,Macedonia";1;109090
"Harvest,Alabama";1;109091
"Radcliff,Kentucky";1;109092
"Bilsthorpe,RegnoUnito";1;109093
"Caspe,Spagna";1;109094
"BathTownship,Michigan";1;109095
"UpperBallinderry,RegnoUnito";1;109096
"Ripponlea,Australia";1;109097
"CasaGrande,Arizona";1;109098
"PiatraNeam?,Romania";1;109099
"Carmignano,Italia";1;109100
"Pibrac,Francia";1;109101
"Alt�tting,Germania";1;109102
"Kingsland,Georgia";1;109103
"Nuernberg,Germania";1;109104
"Tomball,Texas";1;109105
"DeLeonSprings,Florida";1;109106
"West-Terschelling,PaesiBassi";1;109107
"PecanGrove,Texas";1;109108
"Auchenflower,Australia";1;109109
"Hook,RegnoUnito";1;109110
"Bercher,Svizzera";1;109111
"Kolsassberg,Austria";1;109112
"Ashkelon,Israele";1;109113
"Oye-Plage,Francia";1;109114
"Walton,WestVirginia";1;109115
"LakeGeorge,NewYork";1;109116
"Kingaroy,Australia";1;109117
"Eastvale,California";1;109118
"AlgiersProvince,Algeria";1;109119
"EastTroy,Wisconsin";1;109120
"Yigo,Guam";1;109121
"Pac�,Francia";1;109122
"MosesLake,Washington";1;109123
"Hummelstown,Pennsylvania";1;109124
"Volcano,California";1;109125
"M�lnlycke,Svezia";1;109126
"CombeDown,RegnoUnito";1;109127
"Teo,Spagna";1;109128
"Sueca,Spagna";1;109129
"Taizhou,Cina";1;109130
"Letovice,RepubblicaCeca";1;109131
"Cardedeu,Spagna";1;109132
"Huger,SouthCarolina";1;109133
"Glinianka,Polonia";1;109134
"CedarFalls,Iowa";1;109135
"Glenboig,RegnoUnito";1;109136
"Clifton,Arizona";1;109137
"Stephenville,Texas";1;109138
"GeneralEscobedo,Messico";1;109139
"Montepulciano,Italia";1;109140
"Penetanguishene,Canada";1;109141
"Vail,Arizona";1;109142
"Villiers,Francia";1;109143
"Patti,Italia";1;109144
"Taroona,Australia";1;109145
"Chewton,Australia";1;109146
"FernyGrove,Australia";1;109147
"El-Aai�n";1;109148
"StaffordHeights,Australia";1;109149
"Hadleigh,RegnoUnito";1;109150
"Clarence,NewYork";1;109151
"Lechlade-on-Thames,RegnoUnito";1;109152
"Preston,Washington";1;109153
"Epping,RegnoUnito";1;109154
"SanGwann,Malta";1;109155
"KualaTerengganu,Malesia";1;109156
"Bechtolsheim,Germania";1;109157
"Fountain,Colorado";1;109158
"Orbe,Svizzera";1;109159
"ClearlakeOaks,California";1;109160
"Terchov�,Slovacchia";1;109161
"BriarcliffManor,NewYork";1;109162
"Bucyrus,Kansas";1;109163
"Zhurivka,Ucraina";1;109164
"Kilross,Irlanda";1;109165
"Burstall,RegnoUnito";1;109166
"LodiVecchio,Italia";1;109167
"Castelnuovo,Italia";1;109168
"Upland,Indiana";1;109169
"MeanaSardo,Italia";1;109170
"Coronado,Panama";1;109171
"FlatRock,NorthCarolina";1;109172
"Whyalla,Australia";1;109173
"Grasbrunn,Germania";1;109174
"Imola,Italia";1;109175
"Vernouillet,Francia";1;109176
"Painesville,Ohio";1;109177
"WhitmoreLake,Michigan";1;109178
"GreenfieldCenter,NewYork";1;109179
"BreauxBridge,Louisiana";1;109180
"Ballyfermot,Irlanda";1;109181
"Dyer,Tennessee";1;109182
"PortIsabel,Texas";1;109183
"Ansbach,Germania";1;109184
"Gladbeck,Germania";1;109185
"Gentofte,";1;109186
"Maryville,Australia";1;109187
"Taylorsville,Kentucky";1;109188
"Cinderford,RegnoUnito";1;109189
"SaintHelena,Australia";1;109190
"Malang,Indonesia";1;109191
"Backnang,Germania";1;109192
"Sandhurst,RegnoUnito";1;109193
"Hildenborough,RegnoUnito";1;109194
"Keighley,RegnoUnito";1;109195
"Partlow,Virginia";1;109196
"Moriya,Giappone";1;109197
"NanooseBay,Canada";1;109198
"Newcastle,Oklahoma";1;109199
"Stocksfield,RegnoUnito";1;109200
"Goodwood,Australia";1;109201
"Cottekill,NewYork";1;109202
"LimeAcres,Sudafrica";1;109203
"Erftstadt,Germania";1;109204
"PrefetturadiSaitama,Giappone";1;109205
"Fforest-fach,RegnoUnito";1;109206
"Auburn,Massachusetts";1;109207
"MacedoniaeThrace,Grecia";1;109208
"Lamporecchio,Italia";1;109209
"SheidowPark,Australia";1;109210
"NewTaipei,Taiwan";1;109211
"Thornaby,RegnoUnito";1;109212
"CanveyIsland,RegnoUnito";1;109213
"Murla,Spagna";1;109214
"EvergreenPark,Illinois";1;109215
"Petersberg,Germania";1;109216
"Mountainstown,Irlanda";1;109217
"Watervliet,NewYork";1;109218
"Lima,Ohio";1;109219
"LocustValley,NewYork";1;109220
"Lihue,Hawaii";1;109221
"Matsudo,Giappone";1;109222
"Aradippou,Cipro";1;109223
"AguasBuenas,Portorico";1;109224
"Dinuba,California";1;109225
"Boulbon,Francia";1;109226
"Dunbar,RegnoUnito";1;109227
"Whitby,IsoleTurkseCaicos";1;109228
"Furdale,Canada";1;109229
"Holmen,Wisconsin";1;109230
"Norville,Australia";1;109231
"Concord,Australia";1;109232
"H�sav�k,Islanda";1;109233
"Bitonto,Italia";1;109234
"Betton,Francia";1;109235
"Rohrersville,Maryland";1;109236
"NorthPole,Alaska";1;109237
"SakaiWard,Giappone";1;109238
"Euroka,Australia";1;109239
"Mareeba,Australia";1;109240
"HurstvilleGrove,Australia";1;109241
"Cheadle,RegnoUnito";1;109242
"Veszpr�m,Ungheria";1;109243
"Minokamo,Giappone";1;109244
"Nekoosa,Wisconsin";1;109245
"Arcangues,Francia";1;109246
"Narvon,Pennsylvania";1;109247
"Max,Nebraska";1;109248
"Walkersville,Maryland";1;109249
"Culbokie,RegnoUnito";1;109250
"Llansamlet,RegnoUnito";1;109251
"Ixworth,RegnoUnito";1;109252
"Braddon,Australia";1;109253
"NoweGulczewo,Polonia";1;109254
"Morningside,Australia";1;109255
"Scottsville,NewYork";1;109256
"Selma,California";1;109257
"Cahersiveen,Irlanda";1;109258
"Kealba,Australia";1;109259
"Wylam,RegnoUnito";1;109260
"LongLake,NewYork";1;109261
"Shipston-on-Stour,RegnoUnito";1;109262
"Baker,Nevada";1;109263
"Chichester,NewHampshire";1;109264
"ZelenyiBir,Ucraina";1;109265
"Cabramatta,Australia";1;109266
"Whangamata,NuovaZelanda";1;109267
"SneadsFerry,NorthCarolina";1;109268
"PowderSprings,Georgia";1;109269
"Oamaru,NuovaZelanda";1;109270
"Muswellbrook,Australia";1;109271
"Platteville,Wisconsin";1;109272
"GoldenBeach,Australia";1;109273
"Lakeview,Oregon";1;109274
"Alphington,Australia";1;109275
"Avry,Svizzera";1;109276
"FingalHead,Australia";1;109277
"LaChavanne,Francia";1;109278
"WakamatsuWard,Giappone";1;109279
"FortRiley,Kansas";1;109280
"Fumel,Francia";1;109281
"Guadalupe,California";1;109282
"MorganCity,Louisiana";1;109283
"Castlegar,Irlanda";1;109284
"Brentwood,Tennessee";1;109285
"?opuch�wko,Polonia";1;109286
"Cwmduad,RegnoUnito";1;109287
"SanFranciscodelRinc�n,Messico";1;109288
"IlCairo,Georgia";1;109289
"MountOliveTownship,NewJersey";1;109290
"Macedonia";1;109291
"Leyland,RegnoUnito";1;109292
"Kri�,Slovenia";1;109293
"Romsey,Australia";1;109294
"Pawnee,Illinois";1;109295
"KingCreek,Australia";1;109296
"Uden,PaesiBassi";1;109297
"Pontlevoy,Francia";1;109298
"Hartwell,Georgia";1;109299
"Beaverlodge,Canada";1;109300
"Roussillon,Francia";1;109301
"Assen,PaesiBassi";1;109302
"Sologny,Francia";1;109303
"GarrettPark,Maryland";1;109304
"Karnobat,Bulgaria";1;109305
"Canton,Kansas";1;109306
"Panglao,Filippine";1;109307
"HallidaysPoint,Australia";1;109308
"Kinver,RegnoUnito";1;109309
"Upton,Massachusetts";1;109310
"Chesterland,Ohio";1;109311
"Robertson,Sudafrica";1;109312
"Ruanda";1;109313
"Florey,Australia";1;109314
"WyattsGreen,RegnoUnito";1;109315
"Talaton,RegnoUnito";1;109316
"Jastrz?bie-Zdr�j,Polonia";1;109317
"Lympstone,RegnoUnito";1;109318
"Grantham,RegnoUnito";1;109319
"BentonHarbor,Michigan";1;109320
"Union,SouthCarolina";1;109321
"Botkins,Ohio";1;109322
"GulfBreeze,Florida";1;109323
"Nunawading,Australia";1;109324
"Arkadelphia,Arkansas";1;109325
"Mineral,Virginia";1;109326
"Weiser,Idaho";1;109327
"Riel,PaesiBassi";1;109328
"NorthStreet,Michigan";1;109329
"Riverside,Iowa";1;109330
"Brentwood,Australia";1;109331
"Tatu�,Brasile";1;109332
"AvocaBeach,Australia";1;109333
"Ronzo-chienis,Italia";1;109334
"SydneyOlympicPark,Australia";1;109335
"AobaWard,Giappone";1;109336
"LeBlanc-Mesnil,Francia";1;109337
"Briston,RegnoUnito";1;109338
"AuerbachinderOberpfalz,Germania";1;109339
"SantiagodeSurco,Per�";1;109340
"Calafell,Spagna";1;109341
"Italy,NewYork";1;109342
"Moravia,NewYork";1;109343
"ElmwoodPark,Illinois";1;109344
"SantoDomingo,CostaRica";1;109345
"Tangeri,Marocco";1;109346
"Urziceni,Romania";1;109347
"Karlsdorf-Neuthard,Germania";1;109348
"Saint-Jean-de-V�das,Francia";1;109349
"Oudtshoorn,Sudafrica";1;109350
"Coopersburg,Pennsylvania";1;109351
"Hessle,RegnoUnito";1;109352
"Kingskerswell,RegnoUnito";1;109353
"Osprey,Florida";1;109354
"Washington,Texas";1;109355
"WongaPark,Australia";1;109356
"Gaston,SouthCarolina";1;109357
"Vanta?i?i,Croazia";1;109358
"ReithbeiSeefeld,Austria";1;109359
"PortJeffersonStation,NewYork";1;109360
"B�iTelemark,Norvegia";1;109361
"Bern,Svizzera";1;109362
"ParkRapids,Minnesota";1;109363
"Merizo,Guam";1;109364
"B�nouville,Francia";1;109365
"Bolsena,Italia";1;109366
"Anderson,California";1;109367
"Port-of-Spain,TrinidadeTobago";1;109368
"Baveno,Italia";1;109369
"Stroud,Oklahoma";1;109370
"CouleeCity,Washington";1;109371
"Creede,Colorado";1;109372
"Giarre,Italia";1;109373
"AlBustan,Oman";1;109374
"Gorokan,Australia";1;109375
"EagleCreek,Oregon";1;109376
"Lasne,Belgio";1;109377
"Friuli-VeneziaGiulia,Italia";1;109378
"Perissa,Grecia";1;109379
"SantoAndr�,Brasile";1;109380
"Lourdes,Francia";1;109381
"ElRito,NewMexico";1;109382
"WhiteBearLake,Minnesota";1;109383
"Madurai,India";1;109384
"Kolham,PaesiBassi";1;109385
"MaluaBay,Australia";1;109386
"Arnestown,Irlanda";1;109387
"Agugliano,Italia";1;109388
"Capolona,Italia";1;109389
"Collieston,RegnoUnito";1;109390
"RuralRidge,Pennsylvania";1;109391
"WoyWoy,Australia";1;109392
"RosendaleVillage,NewYork";1;109393
"LakeBluff,Illinois";1;109394
"Cabrera,Colombia";1;109395
"Rozzano,Italia";1;109396
"Saint-Chinian,Francia";1;109397
"Kosciusko,Mississippi";1;109398
"Zuidlaren,PaesiBassi";1;109399
"Montpellier-de-M�dillan,Francia";1;109400
"RishonLeZion,Israele";1;109401
"Belt,Montana";1;109402
"Jeffersonton,Virginia";1;109403
"Montespertoli,Italia";1;109404
"Tavernier,Florida";1;109405
"MotuekaValley,NuovaZelanda";1;109406
"Wesel,Germania";1;109407
"Coleshill,RegnoUnito";1;109408
"CaravacadelaCruz,Spagna";1;109409
"Cherryville,Canada";1;109410
"Paquera,CostaRica";1;109411
"Moruya,Australia";1;109412
"MountDesert,Maine";1;109413
"Iruma,Giappone";1;109414
"Tinryland,Irlanda";1;109415
"Valmontone,Italia";1;109416
"Dollar,RegnoUnito";1;109417
"Montblanc,Francia";1;109418
"Brownville,NewYork";1;109419
"Rochester,Australia";1;109420
"Harmelen,PaesiBassi";1;109421
"�sk�dar,Turchia";1;109422
"Komoro,Giappone";1;109423
"Baie-Saint-Paul,Canada";1;109424
"Lecompton,Kansas";1;109425
"Sorocaba,Brasile";1;109426
"Boring,Oregon";1;109427
"V�ster�sMunicipality,Svezia";1;109428
"LittleAkaloa,NuovaZelanda";1;109429
"Bristol,Vermont";1;109430
"Wawa,Canada";1;109431
"Campos,Brasile";1;109432
"Portsmouth,RhodeIsland";1;109433
"Olinda,Australia";1;109434
"GarnetValley,Pennsylvania";1;109435
"Troncones,Messico";1;109436
"ChippewaFalls,Wisconsin";1;109437
"MonigadelGarda,Italia";1;109438
"Keedysville,Maryland";1;109439
"Friedberg,Germania";1;109440
"Bloomfield,Canada";1;109441
"Lurgashall,RegnoUnito";1;109442
"Lovettsville,Virginia";1;109443
"Cogny,Francia";1;109444
"Ballysadare,Irlanda";1;109445
"CollediCerignano,Italia";1;109446
"Sullivan'sIsland,SouthCarolina";1;109447
"Plo�rdut,Francia";1;109448
"Deba,Spagna";1;109449
"Saint-Etienne-de-Tulmont,Francia";1;109450
"Teresina,Brasile";1;109451
"UpperKangarooRiver,Australia";1;109452
"Alexandra,NuovaZelanda";1;109453
"Cromwell,Kentucky";1;109454
"Belleek,RegnoUnito";1;109455
"Julianstown,Irlanda";1;109456
"Bizerte,Tunisia";1;109457
"SestriLevante,Italia";1;109458
"Geneseo,NewYork";1;109459
"Highland,Indiana";1;109460
"Consecon,Canada";1;109461
"StonyPlain,Canada";1;109462
"Albufeira,Portogallo";1;109463
"Redesdale,Australia";1;109464
"TrophyClub,Texas";1;109465
"Excelsior,Minnesota";1;109466
"Surgut,Russia";1;109467
"Ibarra,Ecuador";1;109468
"Newton-le-Willows,RegnoUnito";1;109469
"Highland,California";1;109470
"Pizzo,Italia";1;109471
"Carrington,Australia";1;109472
"Aprelevka,Russia";1;109473
"Conifer,Colorado";1;109474
"Stockbridge,Massachusetts";1;109475
"Beechboro,Australia";1;109476
"Birker�d,";1;109477
"Pessac,Francia";1;109478
"Kernen,Germania";1;109479
"Afton,Virginia";1;109480
"Barnard,Vermont";1;109481
"Imperial,California";1;109482
"Yokine,Australia";1;109483
"Forio,Italia";1;109484
"Kaluga,Russia";1;109485
"ElM�dano,Spagna";1;109486
"Wassenberg,Germania";1;109487
"Landshut,Germania";1;109488
"Sperryville,Virginia";1;109489
"Yoman,Washington";1;109490
"ConstitutionHill,Australia";1;109491
"S�oJos�doRioPreto,Brasile";1;109492
"Sundbyberg,Svezia";1;109493
"SherwoodForest,Maryland";1;109494
"Cerveteri,Italia";1;109495
"PortJervis,NewYork";1;109496
"Altamont,NewYork";1;109497
"Furiani,Francia";1;109498
"Chernivtsi,Ucraina";1;109499
"EllisonBay,Wisconsin";1;109500
"Collingham,RegnoUnito";1;109501
"Itchenor,RegnoUnito";1;109502
"St.Peters,Australia";1;109503
"Litomerice,RepubblicaCeca";1;109504
"LangenbeiBregenz,Austria";1;109505
"Teteringen,PaesiBassi";1;109506
"MyakkaCity,Florida";1;109507
"MarineCity,Michigan";1;109508
"Willunga,Australia";1;109509
"Beetsterzwaag,PaesiBassi";1;109510
"Washington,Georgia";1;109511
"Waldoboro,Maine";1;109512
"Avigliana,Italia";1;109513
"Serpaize,Francia";1;109514
"GunungPutri,Indonesia";1;109515
"Blackham,RegnoUnito";1;109516
"Capalaba,Australia";1;109517
"Noci,Italia";1;109518
"Freetown,SierraLeone";1;109519
"BrynMawr-Skyway,Washington";1;109520
"Melle,Germania";1;109521
"St.Albans,Vermont";1;109522
"Wolfsberg,Austria";1;109523
"Varazze,Italia";1;109524
"Hohenbrunn,Germania";1;109525
"Saint-Herblain,Francia";1;109526
"Monachil,Spagna";1;109527
"Ruurlo,PaesiBassi";1;109528
"Ashgrove,Australia";1;109529
"Sulmona,Italia";1;109530
"Norton,Ohio";1;109531
"Leland,Mississippi";1;109532
"Eybens,Francia";1;109533
"Lalbenque,Francia";1;109534
"Villemoustaussou,Francia";1;109535
"Sandisfield,Massachusetts";1;109536
"Douarnenez,Francia";1;109537
"GeilstonBay,Australia";1;109538
"Plougastel-";1;109539
"Swannanoa,NorthCarolina";1;109540
"Dolo,Italia";1;109541
"Labergement-Sainte-Marie,Francia";1;109542
"BadKreuznach,Germania";1;109543
"Seymour,Australia";1;109544
"Glengarry,Australia";1;109545
"Vermontville,NewYork";1;109546
"Franconville,Francia";1;109547
"Uetze,Germania";1;109548
"LakePleasant,NewYork";1;109549
"Zabrze,Polonia";1;109550
"CroydonHills,Australia";1;109551
"CastelBolognese,Italia";1;109552
"Owasso,Oklahoma";1;109553
"MitterdorfimM�rztal,Austria";1;109554
"Hann.M�nden,Germania";1;109555
"Jaguari�na,Brasile";1;109556
"Sceaux,Francia";1;109557
"Auch,Francia";1;109558
"Sasebo,Giappone";1;109559
"G�kova,Turchia";1;109560
"Minard,RegnoUnito";1;109561
"Evandale,Australia";1;109562
"�marje-Sap,Slovenia";1;109563
"Torrelodones,Spagna";1;109564
"Puketapu,NuovaZelanda";1;109565
"Montargis,Francia";1;109566
"Isenb�ttel,Germania";1;109567
"Ditzingen,Germania";1;109568
"Valrico,Florida";1;109569
"Quarter,Irlanda";1;109570
"Pont-Farcy,Francia";1;109571
"Buochs,Svizzera";1;109572
"TheBlueMountains,Canada";1;109573
"Anklam,Germania";1;109574
"Bussolengo,Italia";1;109575
"Gaven,Australia";1;109576
"Pongwe,Tanzania";1;109577
"Plerguer,Francia";1;109578
"Massanutten,Virginia";1;109579
"Burlada,Spagna";1;109580
"Maytown,Pennsylvania";1;109581
"G�nzburg,Germania";1;109582
"QuangNamProvince,Vietnam";1;109583
"Hue,Vietnam";1;109584
"WestHobart,Australia";1;109585
"CleElum,Washington";1;109586
"Esquel,Argentina";1;109587
"Rivedoux-Plage,Francia";1;109588
"Saint-Marcel,Francia";1;109589
"SouthSalem,NewYork";1;109590
"Leonville,Louisiana";1;109591
"G�rdsta,Svezia";1;109592
"CastleCary,RegnoUnito";1;109593
"Mulgoa,Australia";1;109594
"Kaperich,Germania";1;109595
"Ver?ce,Ungheria";1;109596
"Dushanbe,Tagikistan";1;109597
"Saint-Prest,Francia";1;109598
"AinsworthHotSprings,Canada";1;109599
"Eisingen,Germania";1;109600
"Woodfords,California";1;109601
"Vejen,";1;109602
"Frauenfeld,Svizzera";1;109603
"Hersham,RegnoUnito";1;109604
"WestMelbourne,Florida";1;109605
"Montague,Michigan";1;109606
"Howard,Ohio";1;109607
"Hatfield,Massachusetts";1;109608
"Bristow,Virginia";1;109609
"Strande,Germania";1;109610
"Loxahatchee,Florida";1;109611
"Collegeville,Pennsylvania";1;109612
"Oxford,Michigan";1;109613
"Tongala,Australia";1;109614
"Thomaston,Maine";1;109615
"Clondalkin,Irlanda";1;109616
"Medina,Ohio";1;109617
"Volo,Grecia";1;109618
"Sarand�,Albania";1;109619
"Bargara,Australia";1;109620
"ChevillyLarue,Francia";1;109621
"�lvdalen,Svezia";1;109622
"Ashampstead,RegnoUnito";1;109623
"Saint-Nicolas,Francia";1;109624
"Axbridge,RegnoUnito";1;109625
"Punthorst,PaesiBassi";1;109626
"Anahola,Hawaii";1;109627
"SanFrancisco,Messico";1;109628
"Montilla,Spagna";1;109629
"Taino,Italia";1;109630
"Noale,Italia";1;109631
"Zhongshan,Cina";1;109632
"Harwinton,Connecticut";1;109633
"Borgomanero,Italia";1;109634
"Montmorency,Francia";1;109635
"LaSalle,Canada";1;109636
"Louviers,Francia";1;109637
"Taroudant,Marocco";1;109638
"Dover,Pennsylvania";1;109639
"K�nigsteinimTaunus,Germania";1;109640
"Hobart,NewYork";1;109641
"Giacartacentrale,Indonesia";1;109642
"Greensboro,Vermont";1;109643
"CentennialPark,Australia";1;109644
"BlueMountains,Canada";1;109645
"NorthCapeMay,NewJersey";1;109646
"WestAllis,Wisconsin";1;109647
"Fruitvale,Canada";1;109648
"Monticello,Florida";1;109649
"Clacton-on-Sea,RegnoUnito";1;109650
"Bourg-en-Bresse,Francia";1;109651
"Bomlitz,Germania";1;109652
"Bohinj,Slovenia";1;109653
"Nazareth,Belgio";1;109654
"Henderson,Nebraska";1;109655
"Hawi,Hawaii";1;109656
"Portmagee,Irlanda";1;109657
"Kalyves,Grecia";1;109658
"BaySt.Louis,Mississippi";1;109659
"Schardam,PaesiBassi";1;109660
"Huldenberg,Belgio";1;109661
"Vidauban,Francia";1;109662
"Beechworth,Australia";1;109663
"Zgorzelec,Polonia";1;109664
"Kippax,RegnoUnito";1;109665
"TuraBeach,Australia";1;109666
"Georgetown,SouthCarolina";1;109667
"FaroMunicipality,Portogallo";1;109668
"DipartimentodiRivas,Nicaragua";1;109669
"TwinPeaks,California";1;109670
"Bryansk,Russia";1;109671
"Thiruvannammalai,India";1;109672
"Palermo,Maine";1;109673
"Houston,RegnoUnito";1;109674
"Ka?,Turchia";1;109675
"ValenzuelaCity,Filippine";1;109676
"CapeCharles,Virginia";1;109677
"ValleySprings,South";1;109678
"Kuching,Malesia";1;109679
"Arcozelo,Portogallo";1;109680
"Vianen,PaesiBassi";1;109681
"TreasureBeach,Giamaica";1;109682
"Cowes,Australia";1;109683
"Alcantarilha,Portogallo";1;109684
"Roquebrune-sur-Argens,Francia";1;109685
"GreveInChianti,Italia";1;109686
"BrenzonesulGarda,Italia";1;109687
"Pottsville,Pennsylvania";1;109688
"HarAdar";1;109689
"Vimercate,Italia";1;109690
"Everson,Washington";1;109691
"Yankeetown,Florida";1;109692
"L�ves,Francia";1;109693
"SakyoWard,Giappone";1;109694
"Pf�ffikon,Svizzera";1;109695
"MachansBeach,Australia";1;109696
"Telki,Ungheria";1;109697
"Spi�sk�Bystr�,Slovacchia";1;109698
"Narvik,Norvegia";1;109699
"Aibonito,Portorico";1;109700
"Burgundy,Francia";1;109701
"Sedgwick,Maine";1;109702
"Rollingstone,Australia";1;109703
"Kalletal,Germania";1;109704
"Linlithgow,RegnoUnito";1;109705
"SunnyValley,Oregon";1;109706
"Montague,Massachusetts";1;109707
"Broadway,RegnoUnito";1;109708
"SaintJust,RegnoUnito";1;109709
"Ginaton,Israele";1;109710
"Katzelsdorf,Austria";1;109711
"Posada,Italia";1;109712
"Hvidovre,";1;109713
"Sanl�carlaMayor,Spagna";1;109714
"SaintMartin,Canada";1;109715
"AlbissolaMarina,Italia";1;109716
"Tabanan,Indonesia";1;109717
"Barsb�ttel,Germania";1;109718
"VanHorne,Iowa";1;109719
"W�rthanderDonau,Germania";1;109720
"Dehiwala-MountLavinia,SriLanka";1;109721
"NewHolland,Pennsylvania";1;109722
"Lutterworth,RegnoUnito";1;109723
"BentonCity,Washington";1;109724
"Saint-Josse-ten-Noode,Belgio";1;109725
"Teramo,Italia";1;109726
"Bordighera,Italia";1;109727
"Chiampo,Italia";1;109728
"Dixon,California";1;109729
"BeaverIsland,Michigan";1;109730
"Blizanci,BosniaErzegovina";1;109731
"CastleDouglas,RegnoUnito";1;109732
"Leetonia,Ohio";1;109733
"IsoleVerginiAmericane";1;109734
"MorrodeS�oPaulo,Brasile";1;109735
"Cenon,Francia";1;109736
"SouthMiami,Florida";1;109737
"Affligem,Belgio";1;109738
"Towradgi,Australia";1;109739
"Seligenstadt,Germania";1;109740
"Meilen,Svizzera";1;109741
"Cestas,Francia";1;109742
"MontecatiniTerme,Italia";1;109743
"Moha,Hungary,Ungheria";1;109744
"Sidcup,RegnoUnito";1;109745
"SanCristobaldeLaLaguna,Spagna";1;109746
"Stein,PaesiBassi";1;109747
"Brix,Francia";1;109748
"Rottweil,Germania";1;109749
"Pinopolis,SouthCarolina";1;109750
"LittleHartley,Australia";1;109751
"Raetihi,NuovaZelanda";1;109752
"MtGilead,Ohio";1;109753
"gorodKhabarovsk,Russia";1;109754
"Crissier,Svizzera";1;109755
"Conflans-Sainte-Honorine,Francia";1;109756
"Ossenzijl,PaesiBassi";1;109757
"Plockton,RegnoUnito";1;109758
"Saratov,Russia";1;109759
"VadnaisHeights,Minnesota";1;109760
"Skiippagurra,Norvegia";1;109761
"Pima,Arizona";1;109762
"HighRiver,Canada";1;109763
"Okemos,Michigan";1;109764
"Bessbrook,RegnoUnito";1;109765
"Gedved,";1;109766
"Millerton,NewYork";1;109767
"BattagliaTerme,Italia";1;109768
"Mansfield,Australia";1;109769
"Hudson,Canada";1;109770
"Garby,Polonia";1;109771
"Plouguerneau,Francia";1;109772
"Germigny-l'�v�que,Francia";1;109773
"Coulommiers,Francia";1;109774
"Surry,NewHampshire";1;109775
"Renwez,Francia";1;109776
"CrystalFalls,Michigan";1;109777
"Wolseley,Sudafrica";1;109778
"PhenixCity,Alabama";1;109779
"Alburtis,Pennsylvania";1;109780
"Saint-Rapha�l,Francia";1;109781
"CampofelicediRoccella,Italia";1;109782
"Arlon,Belgio";1;109783
"Caxias,Portogallo";1;109784
"Ashley,Ohio";1;109785
"Saint-Nicolas-du-P�lem,Francia";1;109786
"Bornel,Francia";1;109787
"WasagaBeach,Canada";1;109788
"Saint-Marc-Jaumegarde,Francia";1;109789
"Ulverstone,Australia";1;109790
"Drumshanbo,Irlanda";1;109791
"Sterling,Kansas";1;109792
"Bujumbura,Burundi";1;109793
"Aragona,Spagna";1;109794
"Topsham,RegnoUnito";1;109795
"Lewiston,California";1;109796
"LaGarriga,Spagna";1;109797
"Feighquin,Irlanda";1;109798
"Sch�lpbeiNortorf,Germania";1;109799
"SanLazzaro,Italia";1;109800
"Kensington,RegnoUnito";1;109801
"Minnamurra,Australia";1;109802
"Legan,Irlanda";1;109803
"Eling,RegnoUnito";1;109804
"St-Bruno-de-Montarville,Canada";1;109805
"BoyneCity,Michigan";1;109806
"SaintLucia";1;109807
"Merate,Italia";1;109808
"Schijndel,PaesiBassi";1;109809
"Pietrasanta,Italia";1;109810
"Marienville,Pennsylvania";1;109811
"Faverolles-sur-Cher,Francia";1;109812
"Moulay,Francia";1;109813
"Holywood,RegnoUnito";1;109814
"Lys�nadLabem,RepubblicaCeca";1;109815
"AlbanyCreek,Australia";1;109816
"Hakuba,Giappone";1;109817
"Kalorama,Australia";1;109818
"BeachCity,Texas";1;109819
"Frick,Svizzera";1;109820
"Cullompton,RegnoUnito";1;109821
"St.Charles,Missouri";1;109822
"PineIsland,Minnesota";1;109823
"Glenelg,RegnoUnito";1;109824
"St.Ansgar,Iowa";1;109825
"Ludmilla,Australia";1;109826
"Dzierzoniow,Polonia";1;109827
"Eulomogo,Australia";1;109828
"PleasantHill,Iowa";1;109829
"Baltonsborough,RegnoUnito";1;109830
"PortClyde,Canada";1;109831
"Agropoli,Italia";1;109832
"GoodeBeach,Australia";1;109833
"Surry,Maine";1;109834
"Reading,Vermont";1;109835
"Ollantaytambo,Per�";1;109836
"Northeast,Islanda";1;109837
"Kelso,Washington";1;109838
"Genesee,Wisconsin";1;109839
"Blackheath,Australia";1;109840
"Maylands,Australia";1;109841
"Montauroux,Francia";1;109842
"BlackMountain,NorthCarolina";1;109843
"AntiguaeBarbuda";1;109844
"Hilton,Australia";1;109845
"CaicosIslands,IsoleTurkseCaicos";1;109846
"Sawbridgeworth,RegnoUnito";1;109847
"Georgetown,Australia";1;109848
"Saint-Sauveur,Francia";1;109849
"Broxburn,RegnoUnito";1;109850
"CiutadelladeMenorca,Spagna";1;109851
"Rome,Georgia";1;109852
"Anttola,Finlandia";1;109853
"OuderkerkaandeAmstel,PaesiBassi";1;109854
"SantaCruz,Bolivia";1;109855
"Malestroit,Francia";1;109856
"MieresdelCamino,Spagna";1;109857
"Audenge,Francia";1;109858
"Legan�s,Spagna";1;109859
"Wembley,Australia";1;109860
"Blakehurst,Australia";1;109861
"Lefko?a";1;109862
"StHelens,RegnoUnito";1;109863
"Gm�nd,Austria";1;109864
"Spetses,Grecia";1;109865
"CalaGonone,Italia";1;109866
"Iklin,Malta";1;109867
"Opava,RepubblicaCeca";1;109868
"EstellManor,NewJersey";1;109869
"Zavala,Croazia";1;109870
"Okaihau,NuovaZelanda";1;109871
"Burnsville,NorthCarolina";1;109872
"Norridge,Illinois";1;109873
"Chiba,Giappone";1;109874
"BlackhallMill,RegnoUnito";1;109875
"JackRiver,Australia";1;109876
"Orillia,Canada";1;109877
"LakeView,NewYork";1;109878
"Coniston,RegnoUnito";1;109879
"ForestRanch,California";1;109880
"Brandizzo,Italia";1;109881
"Cambogia";1;109882
"Prestwick,RegnoUnito";1;109883
"LakeForestPark,Washington";1;109884
"Reichenbach,Germania";1;109885
"TruthorConsequences,NewMexico";1;109886
"Poliny�,Spagna";1;109887
"Zillingtal,Austria";1;109888
"RoslynHeights,NewYork";1;109889
"GoldenLake,Canada";1;109890
"Milovice,RepubblicaCeca";1;109891
"Gand,NewYork";1;109892
"Forestville,Australia";1;109893
"Karlovac,Croazia";1;109894
"Telopea,Australia";1;109895
"Wilton,California";1;109896
"SantMart�Sapresa,Spagna";1;109897
"ColtsNeck,NewJersey";1;109898
"Riehen,Svizzera";1;109899
"Galdakao,Spagna";1;109900
"Cornaredo,Italia";1;109901
"Provesende,Portogallo";1;109902
"Koorainghat,Australia";1;109903
"Kursk,Russia";1;109904
"Pembroke,NorthCarolina";1;109905
"Lasino,Italia";1;109906
"Skalica,Slovacchia";1;109907
"Saint-Selve,Francia";1;109908
"Germantown,Wisconsin";1;109909
"Deadwood,South";1;109910
"J�rvenp��,Finlandia";1;109911
"Mont-le-Vignoble,Francia";1;109912
"Jacksonville,Texas";1;109913
"Onzain,Francia";1;109914
"MargheritadiSavoia,Italia";1;109915
"KellyvilleRidge,Australia";1;109916
"Sint-Jans-Molenbeek,Belgio";1;109917
"Anogia,Grecia";1;109918
"Trofa,Portogallo";1;109919
"Vodice,Croazia";1;109920
"Ghana";1;109921
"LaSelvaBeach,California";1;109922
"SantaEulaliadelR�o,Spagna";1;109923
"Lavigney,Francia";1;109924
"GoldBeach,Oregon";1;109925
"Geyserville,California";1;109926
"Samobor,Croazia";1;109927
"CalaD'or,Spagna";1;109928
"Hamar,Norvegia";1;109929
"Littleton,NewHampshire";1;109930
"Liller�d,";1;109931
"Kinrooi,Belgio";1;109932
"HazelPark,Michigan";1;109933
"Timperley,RegnoUnito";1;109934
"Neydens,Francia";1;109935
"StPetersburg,Russia";1;109936
"StAlbans,Australia";1;109937
"Cruseilles,Francia";1;109938
"Ifold,RegnoUnito";1;109939
"Silvan,Australia";1;109940
"L'Estartit,Spagna";1;109941
"Warnsveld,PaesiBassi";1;109942
"Varsseveld,PaesiBassi";1;109943
"HarringtonPark,NewJersey";1;109944
"Yuzawa,Giappone";1;109945
"Pemulwuy,Australia";1;109946
"Mortagne-sur-S�vre,Francia";1;109947
"Tigard,Oregon";1;109948
"SaintVincent's,Canada";1;109949
"Fraisses,Francia";1;109950
"Kloten,Svizzera";1;109951
"AciTrezza,Italia";1;109952
"Morondava,Madagascar";1;109953
"Alford,RegnoUnito";1;109954
"Virrat,Finlandia";1;109955
"Gu�nica,Portorico";1;109956
"Zele,Belgio";1;109957
"QualicumBeach,Canada";1;109958
"Verri�res-le-Buisson,Francia";1;109959
"Hartfield,RegnoUnito";1;109960
"Miami,Australia";1;109961
"IsleofEigg,RegnoUnito";1;109962
"Bethel,Alaska";1;109963
"Central,Texas";1;109964
"Tannay,Svizzera";1;109965
"ArugamBay,SriLanka";1;109966
"SchwandenbeiBrienz,Svizzera";1;109967
"Tappan,NewYork";1;109968
"Thallwitz,Germania";1;109969
"Manstad,Norvegia";1;109970
"OakBeach,Australia";1;109971
"U�hisar,Turchia";1;109972
"Drancy,Francia";1;109973
"Somerton,RegnoUnito";1;109974
"Wise,Virginia";1;109975
"Conneaut,Ohio";1;109976
"Cinebar,Washington";1;109977
"Highlands,Texas";1;109978
"Lion-sur-Mer,Francia";1;109979
"Arch,Svizzera";1;109980
"PlayasdeVera,Spagna";1;109981
"Maiori,Italia";1;109982
"Lisse,PaesiBassi";1;109983
"Rio,Grecia";1;109984
"Perivolia,Cipro";1;109985
"Ware,Massachusetts";1;109986
"Morlaix,Francia";1;109987
"Cr�cy-la-Chapelle,Francia";1;109988
"VizzoloPredabissi,Italia";1;109989
"Barrington,NewHampshire";1;109990
"Pr�seau,Francia";1;109991
"Aigueblanche,Francia";1;109992
"Chatou,Francia";1;109993
"B��ardalur,Islanda";1;109994
"L'AmetlladelVall�s,Spagna";1;109995
"Mantoloking,NewJersey";1;109996
"Juelsminde,";1;109997
"Evart,Michigan";1;109998
"Linwood,NewJersey";1;109999
"Ozzanodell'Emilia,Italia";1;110000
"Niederwerth,Germania";1;110001
"Dungog,Australia";1;110002
"Pribram,RepubblicaCeca";1;110003
"Hunter,NewYork";1;110004
"Wieselburg,Austria";1;110005
"CorraldeTierra,California";1;110006
"Leimen,Germania";1;110007
"Libano,Tennessee";1;110008
"SaintJames,Barbados";1;110009
"Cadillac,Michigan";1;110010
"AmsterdamAirportSchiphol,PaesiBassi";1;110011
"Caldwell,Texas";1;110012
"Saint-Saphorin,Svizzera";1;110013
"Vanderhoof,Canada";1;110014
"Gembrook,Australia";1;110015
"Erfjord,Norvegia";1;110016
"Tianjin,Cina";1;110017
"Duirinish,RegnoUnito";1;110018
"AspendaleGardens,Australia";1;110019
"Urana,Australia";1;110020
"SremskaMitrovica,Serbia";1;110021
"Alcamo,Italia";1;110022
"FernTree,Australia";1;110023
"Cannonvale,Australia";1;110024
"Wachtberg,Germania";1;110025
"Yawata,Giappone";1;110026
"Milton,Vermont";1;110027
"Nahiku,Hawaii";1;110028
"BacoorCity,Filippine";1;110029
"CoimbraDistrict,Portogallo";1;110030
"�abljakMunicipality,Montenegro";1;110031
"Br�nn�ysund,Norvegia";1;110032
"Tarboro,NorthCarolina";1;110033
"Bierbeek,Belgio";1;110034
"HawleyBeach,Australia";1;110035
"Pushkar,India";1;110036
"Cantley,Canada";1;110037
"Portgordon,RegnoUnito";1;110038
"Lier,Belgium,Belgio";1;110039
"BradleyBeach,NewJersey";1;110040
"Trebeurden,Francia";1;110041
"Tulla,Irlanda";1;110042
"Sittard,PaesiBassi";1;110043
"Gy-l'�v�que,Francia";1;110044
"Thani,Tailandia";1;110045
"BlueBay,Mauritius";1;110046
"HydePark,Utah";1;110047
"MiramarBeach,Florida";1;110048
"BeaverBay,Minnesota";1;110049
"Todber,RegnoUnito";1;110050
"W�rselen,Germania";1;110051
"PensacolaBeach,Florida";1;110052
"St.Cloud,Florida";1;110053
"Evropouli,Grecia";1;110054
"TheRocks,Australia";1;110055
"Washington,Missouri";1;110056
"Sulzfeld,Rh�n-Grabfeld,Germania";1;110057
"MountainLakes,NewJersey";1;110058
"Straubing,Germania";1;110059
"Rogersville,Missouri";1;110060
"Alen�on,Francia";1;110061
"Bovina,NewYork";1;110062
"Massaguel,Francia";1;110063
"Rathnew,Irlanda";1;110064
"Horsham,Australia";1;110065
"DeBary,Florida";1;110066
"SnowmassVillage,Colorado";1;110067
"Galle,SriLanka";1;110068
"EastChallow,RegnoUnito";1;110069
"Oryol,Russia";1;110070
"Kansasville,Wisconsin";1;110071
"Lindenhurst,NewYork";1;110072
"Garran,Australia";1;110073
"Klimmen,PaesiBassi";1;110074
"LakeWales,Florida";1;110075
"Anderlecht,Belgio";1;110076
"Wandlitz,Germania";1;110077
"Roslyn,Washington";1;110078
"Kyleakin,RegnoUnito";1;110079
"IsnyimAllg�u,Germania";1;110080
"Victoria,Malta";1;110081
"ElGigante,Nicaragua";1;110082
"Conthey,Svizzera";1;110083
"SanSevero,Italia";1;110084
"Chimayo,NewMexico";1;110085
"Valpara�so,Cile";1;110086
"MaiaMunicipality,Portogallo";1;110087
"Vinkeveen,PaesiBassi";1;110088
"WestKirby,RegnoUnito";1;110089
"Kilkee,Irlanda";1;110090
"Bolton,Connecticut";1;110091
"WinstonHills,Australia";1;110092
"Palmyra,Australia";1;110093
"Glenmoore,Pennsylvania";1;110094
"Kinshasa,RepubblicaDemocraticadelCongo";1;110095
"Alba,Italia";1;110096
"Liberia,CostaRica";1;110097
"Gawler,Australia";1;110098
"Blacon,RegnoUnito";1;110099
"Bleiswijk,PaesiBassi";1;110100
"Wilton,NewYork";1;110101
"Valier,Montana";1;110102
"�uilly,Francia";1;110103
"Gainesville,Georgia";1;110104
"Ringwood,Australia";1;110105
"Solon,Iowa";1;110106
"Elgin,RegnoUnito";1;110107
"Palenville,NewYork";1;110108
"Valenza,Francia";1;110109
"HallinTirol,Austria";1;110110
"Bushkill,Pennsylvania";1;110111
"Ierapetra,Grecia";1;110112
"GloucesterPoint,Virginia";1;110113
"Raglan,RegnoUnito";1;110114
"SaintMellons,RegnoUnito";1;110115
"Lom�,Togo";1;110116
"Scorz�,Italia";1;110117
"Cleethorpes,RegnoUnito";1;110118
"Lynbrook,NewYork";1;110119
"RodanoAlpi,Francia";1;110120
"Punaauia,PolinesiaFrancese";1;110121
"Hawally,Kuwait";1;110122
"BibraLake,Australia";1;110123
"PortNeches,Texas";1;110124
"VallaBeach,Australia";1;110125
"Barcelona,Filippine";1;110126
"MendhamTownship,NewJersey";1;110127
"Lawndale,California";1;110128
"Ahrenvi�lfeld,Germania";1;110129
"Pau,Pyr�n�es-Atlantiques,Francia";1;110130
"Saugatuck,Michigan";1;110131
"Neratovice,RepubblicaCeca";1;110132
"Mondaino,Italia";1;110133
"ArrudadosVinhos,Portogallo";1;110134
"EinDor,Israele";1;110135
"Driftwood,Texas";1;110136
"FishCreek,Wisconsin";1;110137
"Doreen,Australia";1;110138
"Springville,Indiana";1;110139
"Lewisburg,WestVirginia";1;110140
"TweedHeadsWest,Australia";1;110141
"ThorntonHeath,RegnoUnito";1;110142
"Wherwell,RegnoUnito";1;110143
"NorthTustin,California";1;110144
"Sturgis,Kentucky";1;110145
"Condrieu,Francia";1;110146
"Cornwall,Connecticut";1;110147
"Fontaine,Francia";1;110148
"Barneveld,PaesiBassi";1;110149
"Brandon,Vermont";1;110150
"Hanska,Minnesota";1;110151
"RedHill,Australia";1;110152
"Saint-Jean-d'Alcapi�s,Francia";1;110153
"Mont-Saint-Aignan,Francia";1;110154
"Bernareggio,Italia";1;110155
"Lucas,Kansas";1;110156
"Stabio,Svizzera";1;110157
"�vila?,Spagna";1;110158
"Hoevelaken,PaesiBassi";1;110159
"Schenevus,NewYork";1;110160
"Horst,Limburg,PaesiBassi";1;110161
"Kathu,Tailandia";1;110162
"Weligama,SriLanka";1;110163
"Duxford,RegnoUnito";1;110164
"Runcorn,Australia";1;110165
"LittleCurrent,Canada";1;110166
"PontaGrossa,Brasile";1;110167
"Fiuggi,Italia";1;110168
"DistrettodiLeiria,Portogallo";1;110169
"Wasquehal,Francia";1;110170
"SantaRita,Guam";1;110171
"Schiedam,PaesiBassi";1;110172
"TurossHead,Australia";1;110173
"Holden,Maine";1;110174
"Floyd,Iowa";1;110175
"Wei�enhorn,Germania";1;110176
"Parramatta,Australia";1;110177
"Tilli�res-sur-Avre,Francia";1;110178
"Heiloo,PaesiBassi";1;110179
"Newport,NorthCarolina";1;110180
"Grateley,RegnoUnito";1;110181
"Duncan,Oklahoma";1;110182
"Horstedt,Germania";1;110183
"Orsay,Francia";1;110184
"Ispica,Italia";1;110185
"Amagansett,NewYork";1;110186
"Taastrup,";1;110187
"Montechiaro,Italia";1;110188
"Oftersheim,Germania";1;110189
"AlertBay,Canada";1;110190
"P?p?kea,Hawaii";1;110191
"Wedel,Germania";1;110192
"Stromeferry,RegnoUnito";1;110193
"Nord-Trondelag,Norvegia";1;110194
"Bwlch-llan,RegnoUnito";1;110195
"Coaldale,Canada";1;110196
"Eckington,RegnoUnito";1;110197
"Meridian,Texas";1;110198
"DelRey,California";1;110199
"Calenzana,Francia";1;110200
"DesertHotSprings,California";1;110201
"T�nsberg,Norvegia";1;110202
"Happisburgh,RegnoUnito";1;110203
"Biot,Francia";1;110204
"Flandreau,South";1;110205
"Boalsburg,Pennsylvania";1;110206
"Muko,Giappone";1;110207
"TumbiUmbi,Australia";1;110208
"Malvern,RegnoUnito";1;110209
"Issel,Francia";1;110210
"Howth,Irlanda";1;110211
"Eastlakes,Australia";1;110212
"WestPymble,Australia";1;110213
"Kuurne,Belgio";1;110214
"Greenock,RegnoUnito";1;110215
"TierraAmarilla,NewMexico";1;110216
"Oosterzele,Belgio";1;110217
"Irun,Spagna";1;110218
"Marrowstone,Washington";1;110219
"Whitehouse,Texas";1;110220
"Norco,California";1;110221
"Nafferton,RegnoUnito";1;110222
"Coimbatore,India";1;110223
"ValadodosFrades,Portogallo";1;110224
"Burford,RegnoUnito";1;110225
"Pebworth,RegnoUnito";1;110226
"Scappoose,Oregon";1;110227
"Lissone,Italia";1;110228
"Caluire-et-Cuire,Francia";1;110229
"Shap,RegnoUnito";1;110230
"EastJewett,NewYork";1;110231
"Mirebeau,Francia";1;110232
"N�jar,Spagna";1;110233
"PuertoViejo,CostaRica";1;110234
"Swanton,Ohio";1;110235
"Balcatta,Australia";1;110236
"Anstruther,RegnoUnito";1;110237
"Ofer,Israele";1;110238
"Thorndale,Canada";1;110239
"FinchHatton,Australia";1;110240
"Scarisbrick,RegnoUnito";1;110241
"Helland,RegnoUnito";1;110242
"FloweryBranch,Georgia";1;110243
"Quincy,Illinois";1;110244
"Geraldine,NuovaZelanda";1;110245
"Kent,Connecticut";1;110246
"MaroochyRiver,Australia";1;110247
"Crystal,Minnesota";1;110248
"Duvall,Washington";1;110249
"Gr�felfing,Germania";1;110250
"Ismaning,Germania";1;110251
"Leutershausen,Germania";1;110252
"Lusaka,Zambia";1;110253
"Fourqueux,Francia";1;110254
"Ursy,Svizzera";1;110255
"Bettembourg,Lussemburgo";1;110256
"Meilhards,Francia";1;110257
"Armadale,RegnoUnito";1;110258
"Hale,RegnoUnito";1;110259
"Wirdum,Friesland,PaesiBassi";1;110260
"Fruitportchartertownship,Michigan";1;110261
"Sant'AgataLiBattiati,Italia";1;110262
"BurrRidge,Illinois";1;110263
"Salida,California";1;110264
"Remscheid,Germania";1;110265
"BondiJunction,Australia";1;110266
"Washburn,Illinois";1;110267
"Arklow,Irlanda";1;110268
"FortitudeValley,Australia";1;110269
"Augusta,Maine";1;110270
"Lancaster,Massachusetts";1;110271
"Neukirchen-Vluyn,Germania";1;110272
"Carmel,NewYork";1;110273
"FrenchCay,Honduras";1;110274
"NewBuffalo,Michigan";1;110275
"Belas,Angola";1;110276
"HayRiver,Canada";1;110277
"SteinhausenanderRottum,Germania";1;110278
"Newton,RegnoUnito";1;110279
"BergenopZoom,PaesiBassi";1;110280
"Nevele,Belgio";1;110281
"Twillingate,Canada";1;110282
"Young,Uruguay";1;110283
"Kentwood,Michigan";1;110284
"Karabar,Australia";1;110285
"Merzenich,Germania";1;110286
"Dymchurch,RegnoUnito";1;110287
"Bukhara,Uzbekistan";1;110288
"Wolf'sCastle,RegnoUnito";1;110289
"Matosinhos,Portogallo";1;110290
"Follonica,Italia";1;110291
"Benken,Svizzera";1;110292
"OlgiateMolgora,Italia";1;110293
"J�chen,Germania";1;110294
"Klettgau,Germania";1;110295
"Thomaston,Georgia";1;110296
"SantaPaula,California";1;110297
"Haverhill,NewHampshire";1;110298
"TanjongMalim,Malesia";1;110299
"Montara,California";1;110300
"Rydskov,";1;110301
"Edenvale,Sudafrica";1;110302
"Minworth,RegnoUnito";1;110303
"Oregon,Wisconsin";1;110304
"Ba�ka,Croazia";1;110305
"Broadmayne,RegnoUnito";1;110306
"Ovington,RegnoUnito";1;110307
"Windom,Minnesota";1;110308
"Pitlochry,RegnoUnito";1;110309
"BurtonuponTrent,RegnoUnito";1;110310
"Domat/Ems,Svizzera";1;110311
"GreatShelford,RegnoUnito";1;110312
"SenhoradaHora,Portogallo";1;110313
"Kirkenes,Norvegia";1;110314
"PassoFundo,Brasile";1;110315
"Alpalh�o,Portogallo";1;110316
"Loddiswell,RegnoUnito";1;110317
"Vias,Francia";1;110318
"Edgecomb,Maine";1;110319
"SenecaFalls,NewYork";1;110320
"Pontville,Australia";1;110321
"ChatswoodWest,Australia";1;110322
"Langenthal,Svizzera";1;110323
"P�gairolles-de-l'Escalette,Francia";1;110324
"Turramurra,Australia";1;110325
"NorthSydney,Australia";1;110326
"Les,Spagna";1;110327
"Saint-R�my-l�s-Chevreuse,Francia";1;110328
"Rockville,Utah";1;110329
"Bassa,Italia";1;110330
"B�ttelborn,Germania";1;110331
"HercegNoviMunicipality,Montenegro";1;110332
"Montanita,Ecuador";1;110333
"Plainfield,Massachusetts";1;110334
"Millau,Francia";1;110335
"Savigny,Svizzera";1;110336
"Oroville,California";1;110337
"Lindfield,RegnoUnito";1;110338
"Graceville,Australia";1;110339
"Hildale,Utah";1;110340
"HumboldtHill,California";1;110341
"Eysines,Francia";1;110342
"Biganos,Francia";1;110343
"Betton,RegnoUnito";1;110344
"GeorgetownTownship,Michigan";1;110345
"Juncos,Portorico";1;110346
"S�oSebasti�odoCa�,Brasile";1;110347
"Haps,PaesiBassi";1;110348
"Washington,Maine";1;110349
"Hurley,Wisconsin";1;110350
"Gisborne,Australia";1;110351
"Torrej�ndeArdoz,Spagna";1;110352
"Nakhabino,Russia";1;110353
"Manchester,Michigan";1;110354
"Paramaribo,Suriname";1;110355
"Macau,Macao";1;110356
"Riverwood,Australia";1;110357
"PuebloWest,Colorado";1;110358
"Sibu,Malesia";1;110359
"Champcevinel,Francia";1;110360
"Molendinar,Australia";1;110361
"Monster,PaesiBassi";1;110362
"Postire,Croazia";1;110363
"Niverville,NewYork";1;110364
"Tividale,RegnoUnito";1;110365
"RosetodegliAbruzzi,Italia";1;110366
"Liep?ja,Lettonia";1;110367
"Gittisham,RegnoUnito";1;110368
"EastGarston,RegnoUnito";1;110369
"Rouveen,PaesiBassi";1;110370
"Guymon,Oklahoma";1;110371
"MountOusley,Australia";1;110372
"GlaceBay,Canada";1;110373
"Tremblay,Francia";1;110374
"Kl�bu,Norvegia";1;110375
"Norwood,Australia";1;110376
"PoundRidge,NewYork";1;110377
"Monvalle,Italia";1;110378
"Ransomville,NewYork";1;110379
"Fairmont,WestVirginia";1;110380
"Saint-Antonin-Noble-Val,Francia";1;110381
"Saint-Avertin,Francia";1;110382
"Penrose,NorthCarolina";1;110383
"Lincoln,Michigan";1;110384
"Tappen,Canada";1;110385
"�ragny,Francia";1;110386
"Herbault,Francia";1;110387
"Melun,Francia";1;110388
"LavenderBay,Australia";1;110389
"Bungay,RegnoUnito";1;110390
"FonthillBishop,RegnoUnito";1;110391
"Chelsea,Vermont";1;110392
"Viry-Ch�tillon,Francia";1;110393
"Sassuolo,Italia";1;110394
"Sindelfingen,Germania";1;110395
"Byron,NewYork";1;110396
"Ramlinsburg,Svizzera";1;110397
"Lakka,Grecia";1;110398
"Samcheok-si,CoreadelSud";1;110399
"Oakbank,Canada";1;110400
"SugarGrove,Ohio";1;110401
"Lexington,Virginia";1;110402
"Mondercange,Lussemburgo";1;110403
"Snekkersten,";1;110404
"Bakewell,RegnoUnito";1;110405
"Heinola,Finlandia";1;110406
"Lamagdelaine,Francia";1;110407
"Avusy,Svizzera";1;110408
"Pickerington,Ohio";1;110409
"PineValley,California";1;110410
"Gorinchem,PaesiBassi";1;110411
"Macon,NorthCarolina";1;110412
"Guri-si,CoreadelSud";1;110413
"Egremont,RegnoUnito";1;110414
"Khimki,Russia";1;110415
"Guarapuava,Brasile";1;110416
"NelsonHouse,Canada";1;110417
"WestKelowna,Canada";1;110418
"Turrialba,CostaRica";1;110419
"Delmenhorst,Germania";1;110420
"Fruitland,Maryland";1;110421
"MiamiGardens,Florida";1;110422
"Lakeshore,Canada";1;110423
"Pereira,Colombia";1;110424
"V�mars,Francia";1;110425
"Millburn,NewJersey";1;110426
"Noida,India";1;110427
"Kutzenhausen,Francia";1;110428
"Sweetwater,Texas";1;110429
"Marcourt,Belgio";1;110430
"Berg,Germania";1;110431
"Bingley,RegnoUnito";1;110432
"Sulaymaniyah,Iraq";1;110433
"Roanoke,Indiana";1;110434
"Coye-la-For�t,Francia";1;110435
"Klundert,PaesiBassi";1;110436
"HamlynHeights,Australia";1;110437
"CabreradeMar,Spagna";1;110438
"CruzBay,IsoleVerginiAmericane";1;110439
"ConteadiHarghita,Romania";1;110440
"AtlanticBeach,NewYork";1;110441
"Borgetto,Italia";1;110442
"Ayabe,Giappone";1;110443
"Tavros,Grecia";1;110444
"HeilbadHeiligenstadt,Germania";1;110445
"DenhamsBeach,Australia";1;110446
"Hombrechtikon,Svizzera";1;110447
"DePanne,Belgio";1;110448
"Rolla,Missouri";1;110449
"Gliwice,Polonia";1;110450
"Kamuela,Hawaii";1;110451
"Wasseiges,Belgio";1;110452
"Hosmer,Canada";1;110453
"Waremme,Belgio";1;110454
"NewAlmaden,California";1;110455
"C�ceres,Spagna";1;110456
"Mohawk,Oregon";1;110457
"LasLajas,Panama";1;110458
"Konz,Germania";1;110459
"Byfleet,RegnoUnito";1;110460
"Falset,Spagna";1;110461
"Thiais,Francia";1;110462
"Robe,Australia";1;110463
"MountlakeTerrace,Washington";1;110464
"Westerstede,Germania";1;110465
"Waskom,Texas";1;110466
"Eaton,RegnoUnito";1;110467
"Boughton,RegnoUnito";1;110468
"Mez?ber�ny,Ungheria";1;110469
"ElanoraHeights,Australia";1;110470
"Birsfelden,Svizzera";1;110471
"Saulieu,Francia";1;110472
"Denfield,Canada";1;110473
"Margate,Australia";1;110474
"CoxenHole/Roat�n,Honduras";1;110475
"Forchheim,Germania";1;110476
"Grantown-on-Spey,RegnoUnito";1;110477
"Kraainem,Belgio";1;110478
"Myerstown,Pennsylvania";1;110479
"Cohasset,Massachusetts";1;110480
"Unterhaching,Germania";1;110481
"L'Aquila,Italia";1;110482
"Garges-l�s-Gonesse,Francia";1;110483
"Pougny,Francia";1;110484
"Northbridge,Australia";1;110485
"Beltsville,Maryland";1;110486
"Pequea,Pennsylvania";1;110487
"Brieux,Francia";1;110488
"Whitianga,NuovaZelanda";1;110489
"Grimbergen,Belgio";1;110490
"Vechigen,Svizzera";1;110491
"Weer,Austria";1;110492
"Penicuik,RegnoUnito";1;110493
"Ptuj,Slovenia";1;110494
"Kahuku,Hawaii";1;110495
"HiddenValleyLake,California";1;110496
"Salem,Ohio";1;110497
"Talin,Armenia";1;110498
"Villepreux,Francia";1;110499
"BerkeleyVale,Australia";1;110500
"Elsberry,Missouri";1;110501
"Foxborough,Massachusetts";1;110502
"Rosebery,Australia";1;110503
"Bel�ndeEscobar,Argentina";1;110504
"Vavre?ka,Slovacchia";1;110505
"Minoo,Giappone";1;110506
"MyrtleBank,Australia";1;110507
"Jabbeke,Belgio";1;110508
"Barendrecht,PaesiBassi";1;110509
"SparksGlencoe,Maryland";1;110510
"Lyme,Connecticut";1;110511
"KingsLangley,Australia";1;110512
"Bath,Canada";1;110513
"StonyPoint,NewYork";1;110514
"Llanllechid,RegnoUnito";1;110515
"Moundsville,WestVirginia";1;110516
"Bengel,Germania";1;110517
"Lincoln,NewHampshire";1;110518
"PhegansBay,Australia";1;110519
"Athies-sous-Laon,Francia";1;110520
"Bridgehampton,NewYork";1;110521
"Rowley,Massachusetts";1;110522
"Adliswil,Svizzera";1;110523
"Easthampton,Massachusetts";1;110524
"Providence,Utah";1;110525
"Borris,Irlanda";1;110526
"Elverta,California";1;110527
"Adjara,Georgia";1;110528
"Lawrencetown,Canada";1;110529
"ROYALOAKS,California";1;110530
"HillsboroBeach,Florida";1;110531
"Maubec,Francia";1;110532
"Brig,Svizzera";1;110533
"Tzurit,Israele";1;110534
"Lokeren,Belgio";1;110535
"Azul,Argentina";1;110536
"Marktzeuln,Germania";1;110537
"Craon,Francia";1;110538
"Saint-Pons-de-Thomi�res,Francia";1;110539
"Sinzig,Germania";1;110540
"Drake,Colorado";1;110541
"Bangladesh";1;110542
"Freeville,NewYork";1;110543
"WestCapeMay,NewJersey";1;110544
"Caggi,Italia";1;110545
"Strathdickie,Australia";1;110546
"Magog,Canada";1;110547
"Braine-le-Ch�teau,Belgio";1;110548
"Eureka,Illinois";1;110549
"Prosper,Texas";1;110550
"Albion,Australia";1;110551
"Zuidhorn,PaesiBassi";1;110552
"Osimo,Italia";1;110553
"AtlanticBeach,NorthCarolina";1;110554
"Fernhurst,RegnoUnito";1;110555
"Grossh�chstetten,Svizzera";1;110556
"Kusatsu,Giappone";1;110557
"Sherwood,Australia";1;110558
"Bedford,NewYork";1;110559
"DeptfordTownship,NewJersey";1;110560
"ClearLakeShores,Texas";1;110561
"Zuchwil,Svizzera";1;110562
"Bondy,Francia";1;110563
"St.GeorgeIsland,Florida";1;110564
"Duderstadt,Germania";1;110565
"Cormano,Italia";1;110566
"Peyrolles-en-Provence,Francia";1;110567
"Atene,Illinois";1;110568
"Meiningen,Germania";1;110569
"PlymouthTownship,Michigan";1;110570
"Gignac-la-Nerthe,Francia";1;110571
"Tapping,Australia";1;110572
"Lander,Wyoming";1;110573
"Yacolt,Washington";1;110574
"Pastetten,Germania";1;110575
"Gleiz�,Francia";1;110576
"Corydon,Indiana";1;110577
"Ronse,Belgio";1;110578
"Escheburg,Germania";1;110579
"Portsmouth,Dominica";1;110580
"Moyon,Francia";1;110581
"Killington,Vermont";1;110582
"Panorama,Australia";1;110583
"Saint-Julien,Francia";1;110584
"Tutukaka,NuovaZelanda";1;110585
"Greymouth,NuovaZelanda";1;110586
"Smithfield,Utah";1;110587
"CabinJohn,Maryland";1;110588
"Macatuba,Brasile";1;110589
"CanyonLake,California";1;110590
"G��jarSierra,Spagna";1;110591
"PinonHills,California";1;110592
"Cathlamet,Washington";1;110593
"StMarys,Australia";1;110594
"Harwich,RegnoUnito";1;110595
"Dillsburg,Pennsylvania";1;110596
"Huhehaote,Cina";1;110597
"ThreeHills,Canada";1;110598
"Uralla,Australia";1;110599
"Curraglass,Irlanda";1;110600
"Prestatyn,RegnoUnito";1;110601
"Corris,RegnoUnito";1;110602
"Lisle,Illinois";1;110603
"Uttendorf,Austria";1;110604
"Ekali,Grecia";1;110605
"Gordes,Francia";1;110606
"Vockenberg,Austria";1;110607
"ComptonMartin,RegnoUnito";1;110608
"Weinstadt,Germania";1;110609
"Malton,RegnoUnito";1;110610
"Chester,Massachusetts";1;110611
"Waterboro,Maine";1;110612
"Merrill,Michigan";1;110613
"Saint-Gervais-les-Bains,Francia";1;110614
"AgiaNapa,Cipro";1;110615
"Edington,RegnoUnito";1;110616
"Plumtree,NorthCarolina";1;110617
"Guadalupa";1;110618
"Adamstown,Maryland";1;110619
"Slocan,Canada";1;110620
"Parana,Argentina";1;110621
"Rovato,Italia";1;110622
"Pontianak,Indonesia";1;110623
"Persbo,Svezia";1;110624
"Normandia,Francia";1;110625
"Merlin,Oregon";1;110626
"Nadi,Figi";1;110627
"Kalkan,Turchia";1;110628
"BundabergNorth,Australia";1;110629
"LaBaule,Francia";1;110630
"Quartzsite,Arizona";1;110631
"Ruskin,Florida";1;110632
"Eastport,NewYork";1;110633
"LaSal,Utah";1;110634
"Wildwood,NewJersey";1;110635
"Halin�w,Polonia";1;110636
"KualaBelait,Brunei";1;110637
"Belcamp,Maryland";1;110638
"Maragogi,Brasile";1;110639
"Piccardia,Francia";1;110640
"NorthHill,Australia";1;110641
"Halberstadt,Germania";1;110642
"FernPark,Florida";1;110643
"Lakeside,California";1;110644
"MiddleIsland,NewYork";1;110645
"Sains,Francia";1;110646
"SanFranciscodeCoyote,CostaRica";1;110647
"ChesapeakeBeach,Maryland";1;110648
"Vichy,Francia";1;110649
"H�sbach,Germania";1;110650
"Auriol,Francia";1;110651
"Stekene,Belgio";1;110652
"Newbridge,Irlanda";1;110653
"WestFulton,NewYork";1;110654
"KonTum,Vietnam";1;110655
"PinardeCampoverde,Spagna";1;110656
"Denia,Spagna";1;110657
"ChappellHill,Texas";1;110658
"Lazio,Italia";1;110659
"Niederurnen,Svizzera";1;110660
"HarborBeach,Michigan";1;110661
"Cleone,California";1;110662
"PortChester,NewYork";1;110663
"Assam,India";1;110664
"Kirkbymoorside,RegnoUnito";1;110665
"Nieder-Olm,Germania";1;110666
"CrossJunction,Virginia";1;110667
"Levittown,Portorico";1;110668
"Bakewell,Australia";1;110669
"PuntadelDiablo,Uruguay";1;110670
"Khmelnytskyi,Ucraina";1;110671
"SanPedrodeAtacama,Cile";1;110672
"Otsu,Giappone";1;110673
"Lampasas,Texas";1;110674
"Louangphrabang(LuangPrabang),Laos";1;110675
"Vialonga,Portogallo";1;110676
"Bray,RegnoUnito";1;110677
"Piemonte,Italia";1;110678
"Serfaus,Austria";1;110679
"Ios,Grecia";1;110680
"Summit,Illinois";1;110681
"Bishop'sCastle,RegnoUnito";1;110682
"Landers,California";1;110683
"Burbank,Australia";1;110684
"PawleysIsland,SouthCarolina";1;110685
"Poppi,Italia";1;110686
"Opfikon,Svizzera";1;110687
"SergievPosad,Russia";1;110688
"Watersmeet,Michigan";1;110689
"Rawang,Malesia";1;110690
"Entebbe,Uganda";1;110691
"PodkowaLesna,Polonia";1;110692
"Middleton,Australia";1;110693
"Delingsdorf,Germania";1;110694
"Oatley,Australia";1;110695
"Leinsweiler,Germania";1;110696
"Edmonton,Australia";1;110697
"Masqat,Oman";1;110698
"SunshineBeach,Australia";1;110699
"Cameron,Wisconsin";1;110700
"Eisenstadt,Austria";1;110701
"Haiming,Austria";1;110702
"Ch?ibsk�,RepubblicaCeca";1;110703
"SanFernando,Argentina";1;110704
"Hilpoltstein,Germania";1;110705
"Kashiwa,Giappone";1;110706
"Fayence,Francia";1;110707
"MollymookBeach,Australia";1;110708
"Beidweiler,Lussemburgo";1;110709
"Marly-le-Roi,Francia";1;110710
"Feldbrunnen-St.Niklaus,Svizzera";1;110711
"MtHolly,NorthCarolina";1;110712
"NakaWard,Giappone";1;110713
"Rinteln,Germania";1;110714
"TurveyPark,Australia";1;110715
"Sarniguet,Francia";1;110716
"Brumath,Francia";1;110717
"Thiene,Italia";1;110718
"Chatham,Illinois";1;110719
"Avon-by-the-Sea,NewJersey";1;110720
"Toyokawa,Giappone";1;110721
"Coublevie,Francia";1;110722
"Pinneberg,Germania";1;110723
"Eersel,PaesiBassi";1;110724
"Gladwyne,Pennsylvania";1;110725
"BackForest,Australia";1;110726
"Leongatha,Australia";1;110727
"Fuschl,Austria";1;110728
"Miyawaka,Giappone";1;110729
"Kloetinge,PaesiBassi";1;110730
"SuffolkPark,Australia";1;110731
"Yachiyo,Giappone";1;110732
"L'Assomption,Canada";1;110733
"RenaniaSettentrionale-Vestfalia,Germania";1;110734
"Arbon,Svizzera";1;110735
"Ali�ze,Francia";1;110736
"Beograd,Serbia";1;110737
"Seabeck,Washington";1;110738
"Kittitas,Washington";1;110739
"Galisteo,NewMexico";1;110740
"Shelley,RegnoUnito";1;110741
"Temple,NewHampshire";1;110742
"Horseheads,NewYork";1;110743
"Saint-Saturnin-l�s-Apt,Francia";1;110744
"L'Agulhas,Sudafrica";1;110745
"PalmBeachShores,Florida";1;110746
"Vinnytsia,Ucraina";1;110747
"LePlessis-Robinson,Francia";1;110748
"MueangChiangRai,Tailandia";1;110749
"TelscombeCliffs,RegnoUnito";1;110750
"Monterey,Indiana";1;110751
"Perigueux,Francia";1;110752
"Patagonia,Arizona";1;110753
"Middlesbrough,RegnoUnito";1;110754
"Mal�,Maldive";1;110755
"Vernazza,Italia";1;110756
"SamfordValley,Australia";1;110757
"Beaumont-en-V�ron,Francia";1;110758
"Foinikas,Grecia";1;110759
"Maardu,Estonia";1;110760
"Kioloa,Australia";1;110761
"Samarkand,Uzbekistan";1;110762
"Briis-sous-Forges,Francia";1;110763
"AlexandraHills,Australia";1;110764
"Pennan,RegnoUnito";1;110765
"Potterne,RegnoUnito";1;110766
"Walchwil,Svizzera";1;110767
"Queenstown,Maryland";1;110768
"SanJuanTeotihuac�n,Messico";1;110769
"Seraing,Belgio";1;110770
"Orford,Australia";1;110771
"VillaBallester,Argentina";1;110772
"Regionespalatino-dalmata,Croazia";1;110773
"Sylvania,Australia";1;110774
"Cheboygan,Michigan";1;110775
"BoxHillNorth,Australia";1;110776
"AnnaMaria,Florida";1;110777
"Bitola,Macedonia";1;110778
"Delanson,NewYork";1;110779
"Fremont,Michigan";1;110780
"Irwin,Idaho";1;110781
"PianodiSorrento,Italia";1;110782
"Bellaghy,RegnoUnito";1;110783
"Nailsea,RegnoUnito";1;110784
"Benton,Arkansas";1;110785
"KiryatTiv'on,Israele";1;110786
"Coutances,Francia";1;110787
"Wiesloch,Germania";1;110788
"Bentleigh,Australia";1;110789
"Osek,RepubblicaCeca";1;110790
"Teltow,Germania";1;110791
"Laagri,Estonia";1;110792
"Donville-les-Bains,Francia";1;110793
"Holland,Pennsylvania";1;110794
"Seward,Alaska";1;110795
"LasLongueras,Spagna";1;110796
"Windermere,RegnoUnito";1;110797
"MariaEnzersdorf,Austria";1;110798
"Barham,Australia";1;110799
"Montesson,Francia";1;110800
"Vossevangen,Norvegia";1;110801
"Albourne,RegnoUnito";1;110802
"Henderson,Tennessee";1;110803
"Bladel,PaesiBassi";1;110804
"Allston,Massachusetts";1;110805
"Guardiagrele,Italia";1;110806
"YosemiteValley,California";1;110807
"Heuvelland,Belgio";1;110808
"Queensferry,RegnoUnito";1;110809
"Ellijay,Georgia";1;110810
"Mechanicville,NewYork";1;110811
"Cornwall,Vermont";1;110812
"StHelena,Australia";1;110813
"Uppingham,RegnoUnito";1;110814
"Alstonvale,Australia";1;110815
"Loreto,Messico";1;110816
"Giubiasco,Svizzera";1;110817
"Uralsk,Kazakistan";1;110818
"Herblay,Francia";1;110819
"Emmetten,Svizzera";1;110820
"Wetaskiwin,Canada";1;110821
"Griffithstown,RegnoUnito";1;110822
"ParkCity,Montana";1;110823
"Rivotorto,Italia";1;110824
"LaForest-Landerneau,Francia";1;110825
"Easton,RegnoUnito";1;110826
"Bamford,RegnoUnito";1;110827
"GrandGorge,NewYork";1;110828
"Neftenbach,Svizzera";1;110829
"Bolton,Vermont";1;110830
"DeWijk,PaesiBassi";1;110831
"VaihingenanderEnz,Germania";1;110832
"GrandCanyonVillage,Arizona";1;110833
"SantiagoCanyon,California";1;110834
"Robins,Iowa";1;110835
"LaCrescenta,California";1;110836
"Candiac,Canada";1;110837
"Wamboin,Australia";1;110838
"Gujan-Mestras,Francia";1;110839
"Wilderness,Sudafrica";1;110840
"Saint-Priest,Francia";1;110841
"Palit,Croazia";1;110842
"Tideswell,RegnoUnito";1;110843
"Geel,Belgio";1;110844
"BadFreienwalde,Germania";1;110845
"Saipan,IsoleMarianneSettentrionali";1;110846
"Xaghra,Malta";1;110847
"Canowindra,Australia";1;110848
"Fryazino,Russia";1;110849
"Falkensee,Germania";1;110850
"Tatachilla,Australia";1;110851
"Avon,Francia";1;110852
"Uedem,Germania";1;110853
"Vitsyebsk,Bielorussia";1;110854
"Bergvik,Svezia";1;110855
"PagetParish,Bermuda";1;110856
"CalumetCity,Illinois";1;110857
"Malbork,Polonia";1;110858
"Harrison,Ohio";1;110859
"Calare,Australia";1;110860
"�tr�pagny,Francia";1;110861
"EastPaloAlto,California";1;110862
"Denver,NorthCarolina";1;110863
"Wollerau,Svizzera";1;110864
"Pine,Colorado";1;110865
"Mercersburg,Pennsylvania";1;110866
"Lengenfeld,Germania";1;110867
"Kumla,Svezia";1;110868
"Eichberg,Svizzera";1;110869
"Sonderborg,";1;110870
"LasGaleras,RepubblicaDominicana";1;110871
"Haridwar,India";1;110872
"Tewksbury,Massachusetts";1;110873
"Champagne-Ardenne,Francia";1;110874
"Rodgau,Germania";1;110875
"Larino,Italia";1;110876
"Labadie,Missouri";1;110877
"Hillside,NewJersey";1;110878
"Schoonrewoerd,PaesiBassi";1;110879
"Jefferson,Ohio";1;110880
"M�llheim,Svizzera";1;110881
"Flemington,Australia";1;110882
"Arlington,Tennessee";1;110883
"Leiria,Portogallo";1;110884
"PlayaHermosa,CostaRica";1;110885
"Symonston,Australia";1;110886
"Angola,NewYork";1;110887
"Cascavel,Brasile";1;110888
"L'Isle-sur-la-Sorgue,Francia";1;110889
"Spencer,NewYork";1;110890
"Canaan,NewYork";1;110891
"EastLinton,RegnoUnito";1;110892
"MariaEllend,Austria";1;110893
"Nuevo,California";1;110894
"GrandLake,Colorado";1;110895
"Mundaka,Spagna";1;110896
"FloydsKnobs,Indiana";1;110897
"SaintSimons,Georgia";1;110898
"Novosedly,RepubblicaCeca";1;110899
"Peachland,Canada";1;110900
"Crici�ma,Brasile";1;110901
"Ancona,Italia";1;110902
"Londrina,Brasile";1;110903
"Caravaggio,Italia";1;110904
"Morlanwelz,Belgio";1;110905
"Kettering,Australia";1;110906
"Jesenik,RepubblicaCeca";1;110907
"MountCotton,Australia";1;110908
"Cornwall-on-Hudson,NewYork";1;110909
"Mikhmoret,Israele";1;110910
"Arcachon,Francia";1;110911
"Sainte-Th�r�se,Canada";1;110912
"Ibi�na,Brasile";1;110913
"LaSalutediLivenza,Italia";1;110914
"Woodland,Washington";1;110915
"Brugherio,Italia";1;110916
"MountainGrove,Missouri";1;110917
"Casco,Maine";1;110918
"Dunbible,Australia";1;110919
"Preston,Connecticut";1;110920
"Coorparoo,Australia";1;110921
"Albona,Croazia";1;110922
"ChesterBasin,Canada";1;110923
"SanMartinoValleCaudina,Italia";1;110924
"Bovolenta,Italia";1;110925
"PrinceFrederick,Maryland";1;110926
"NorthBranch,Minnesota";1;110927
"Braubach,Germania";1;110928
"BaronyofPolop,Spagna";1;110929
"Frankston,Texas";1;110930
"Paihia,NuovaZelanda";1;110931
"HighNewton-by-the-Sea,RegnoUnito";1;110932
"Belturbet,Irlanda";1;110933
"Cannara,Italia";1;110934
"Velsao,India";1;110935
"Montrollet,Francia";1;110936
"SanAngelo,Texas";1;110937
"Agonda,India";1;110938
"Lampertheim,Germania";1;110939
"Sobreda,Portogallo";1;110940
"Boigny-sur-Bionne,Francia";1;110941
"RedHook,NewYork";1;110942
"�rnsk�ldsvik,Svezia";1;110943
"Waldems,Germania";1;110944
"Sherwood,Arkansas";1;110945
"Cockwood,RegnoUnito";1;110946
"MazkeretBatya,Israele";1;110947
"Weesen,Svizzera";1;110948
"Nanyuki,Kenya";1;110949
"Juba,SudandelSud";1;110950
"Clinton,Montana";1;110951
"F�rstenfeldbruck,Germania";1;110952
"MalaMostanica,Serbia";1;110953
"NorthBalgowlah,Australia";1;110954
"Fernie,Canada";1;110955
"Hilterfingen,Svizzera";1;110956
"Meaux,Francia";1;110957
"Wiveliscombe,RegnoUnito";1;110958
"Kiowa,Kansas";1;110959
"EastMackay,Australia";1;110960
"Garston,NuovaZelanda";1;110961
"RaddainChianti,Italia";1;110962
"Masai,Malesia";1;110963
"Nigr�n,Spagna";1;110964
"Yibin,Cina";1;110965
"Newington,Connecticut";1;110966
"Alexandra,Australia";1;110967
"Ursel,Belgio";1;110968
"Foremost,Canada";1;110969
"FaggetoLario,Italia";1;110970
"Harleston,RegnoUnito";1;110971
"Giussano,Italia";1;110972
"Luray,Virginia";1;110973
"Fontaines-sur-Sa�ne,Francia";1;110974
"Crownpoint,NewMexico";1;110975
"Millbrook,Canada";1;110976
"Beja,Portogallo";1;110977
"Osoyoos,Canada";1;110978
"BetShemesh,Israele";1;110979
"LaFlorida,Cile";1;110980
"Ransdaal,PaesiBassi";1;110981
"Thurning,RegnoUnito";1;110982
"Farmville,Virginia";1;110983
"Weston,Ohio";1;110984
"Yelapa,Messico";1;110985
"Abbiategrasso,Italia";1;110986
"Arzachena,Italia";1;110987
"NewMilton,RegnoUnito";1;110988
"Sodankyl�,Finlandia";1;110989
"RushcuttersBay,Australia";1;110990
"HenleyBeach,Australia";1;110991
"Ardooie,Belgio";1;110992
"Montreat,NorthCarolina";1;110993
"Sassafras,Australia";1;110994
"Pineville,NorthCarolina";1;110995
"Yorkville,California";1;110996
"C�nac-et-Saint-Julien,Francia";1;110997
"PennYan,NewYork";1;110998
"Gibbon,Minnesota";1;110999
"BassaSassonia,Germania";1;111000
"Nijkerk,PaesiBassi";1;111001
"Doonan,Australia";1;111002
"Mog�n,Spagna";1;111003
"Northwood,RegnoUnito";1;111004
"Stockum-P�schen,Germania";1;111005
"Bonstetten,Svizzera";1;111006
"Brindisi,Italia";1;111007
"Springwood,Australia";1;111008
"Marpir�,Francia";1;111009
"Xanten,Germania";1;111010
"Duffel,Belgio";1;111011
"IsoladiKrk,Croazia";1;111012
"Cushendall,RegnoUnito";1;111013
"Fr�jus,Francia";1;111014
"Malta,Montana";1;111015
"Saint-Andr�-lez-Lille,Francia";1;111016
"Dokkum,PaesiBassi";1;111017
"Westchester,Illinois";1;111018
"Leysin,Svizzera";1;111019
"Hiawassee,Georgia";1;111020
"FrontRoyal,Virginia";1;111021
"Bethlehem,NewHampshire";1;111022
"Berlino,NewHampshire";1;111023
"Oberwil-Lieli,Svizzera";1;111024
"Gerlingen,Germania";1;111025
"Vill�,Francia";1;111026
"Wells-next-the-Sea,RegnoUnito";1;111027
"Tunisia";1;111028
"Helston,RegnoUnito";1;111029
"Watson,Australia";1;111030
"Drumree,Irlanda";1;111031
"GreatBedwyn,RegnoUnito";1;111032
"Buckland,Massachusetts";1;111033
"Maldegem,Belgio";1;111034
"Tunis,Tunisia";1;111035
"Bimbimbie,Australia";1;111036
"Loveston,RegnoUnito";1;111037
"Bundaberg,Australia";1;111038
"Woolsthorpe,Australia";1;111039
"Waynesville,Ohio";1;111040
"Norwood,Ohio";1;111041
"RibeiraBrava,Portogallo";1;111042
"Nacka,Svezia";1;111043
"TarlacCity,Filippine";1;111044
"Telford,RegnoUnito";1;111045
"ClarksSummit,Pennsylvania";1;111046
"Kemer,Turchia";1;111047
"Portland,Australia";1;111048
"Binton,RegnoUnito";1;111049
"Radnor,Pennsylvania";1;111050
"Clifden,Irlanda";1;111051
"L'Abergement-Cl�menciat,Francia";1;111052
"Kettering,Ohio";1;111053
"SouthPoint,Ohio";1;111054
"Hakalau,Hawaii";1;111055
"Eppingen,Germania";1;111056
"Devala,India";1;111057
"PuntadelEste,Uruguay";1;111058
"SintMaarten,SintMaarten";1;111059
"CampWood,Texas";1;111060
"H�lar,Islanda";1;111061
"ShallowLake,Canada";1;111062
"KittyHawk,NorthCarolina";1;111063
"FourMarks,RegnoUnito";1;111064
"M�konos,Grecia";1;111065
"Phippsburg,Colorado";1;111066
"Dunkeld,Australia";1;111067
"Iquique,Cile";1;111068
"Hilden,Germania";1;111069
"Raelingen,Norvegia";1;111070
"Rosseau,Canada";1;111071
"Troubky,RepubblicaCeca";1;111072
"Avesta,Svezia";1;111073
"Clane,Irlanda";1;111074
"Kembs,Francia";1;111075
"Heeze,PaesiBassi";1;111076
"GeneralRoca,Argentina";1;111077
"Novi,Michigan";1;111078
"Ocracoke,NorthCarolina";1;111079
"Parkton,Maryland";1;111080
"Crafers,Australia";1;111081
"CastleRock,Washington";1;111082
"Yamaguchi,Giappone";1;111083
"Binz,Svizzera";1;111084
"Gennep,PaesiBassi";1;111085
"Kapalua,Hawaii";1;111086
"Lodi,Wisconsin";1;111087
"S�oLu�s,Portogallo";1;111088
"RedwoodValley,California";1;111089
"Schipluiden,PaesiBassi";1;111090
"Portovenere,Italia";1;111091
"Philmont,NewYork";1;111092
"Oudorp,PaesiBassi";1;111093
"Bel�n,CostaRica";1;111094
"GrassValley,Oregon";1;111095
"SwanValley,Idaho";1;111096
"Cascade-ChipitaPark,Colorado";1;111097
"Waipio,Hawaii";1;111098
"CarryingPlace,Canada";1;111099
"Kenmore,Australia";1;111100
"Cabannes,Francia";1;111101
"NewmarketonFergus,Irlanda";1;111102
"Parkwood,Australia";1;111103
"Montgomery,Illinois";1;111104
"PuertodelCarmen,Spagna";1;111105
"Izegem,Belgio";1;111106
"Boylston,Massachusetts";1;111107
"Galmpton,RegnoUnito";1;111108
"Br�tigny-sur-Orge,Francia";1;111109
"Montfort-l'Amaury,Francia";1;111110
"Ulricehamn,Svezia";1;111111
"NorthFortMyers,Florida";1;111112
"Murdunna,Australia";1;111113
"Findhorn,RegnoUnito";1;111114
"Franeker,PaesiBassi";1;111115
"DevilsTower,Wyoming";1;111116
"Ennismore,Canada";1;111117
"Baie-Comeau,Canada";1;111118
"Rowe,NewMexico";1;111119
"Bendestorf,Germania";1;111120
"Durbuy,Belgio";1;111121
"OliveiradeAzem�is,Portogallo";1;111122
"Niel,Belgio";1;111123
"Juvisy-sur-Orge,Francia";1;111124
"Auburn,Maine";1;111125
"Edwinstowe,RegnoUnito";1;111126
"Jamison,Pennsylvania";1;111127
"Hestra,Svezia";1;111128
"Dunwoody,Georgia";1;111129
"Erzhausen,Germania";1;111130
"Vinhedo,Brasile";1;111131
"Boryeong-si,CoreadelSud";1;111132
"LittlePaxton,RegnoUnito";1;111133
"Plou�r-sur-Rance,Francia";1;111134
"Myslowice,Polonia";1;111135
"NizhnyNovgorod,Russia";1;111136
"NewKensington,Pennsylvania";1;111137
"Avery,California";1;111138
"Toowoomba,Australia";1;111139
"S�mara,CostaRica";1;111140
"ButelMunicipality,Macedonia";1;111141
"Husthwaite,RegnoUnito";1;111142
"Passy,Francia";1;111143
"Berrara,Australia";1;111144
"Saint-Florent-sur-Auzonnet,Francia";1;111145
"RivaSanVitale,Svizzera";1;111146
"Pandino,Italia";1;111147
"Mantin,Malesia";1;111148
"PardacesdeArriba,Spagna";1;111149
"Micco,Florida";1;111150
"Borgentreich,Germania";1;111151
"Athboy,Irlanda";1;111152
"Haan,Germania";1;111153
"Wensley,RegnoUnito";1;111154
"Seabrook,Texas";1;111155
"BroadCampden,RegnoUnito";1;111156
"EmeraldHills,California";1;111157
"MacTier,Canada";1;111158
"Oudenaarde,Belgio";1;111159
"Beccles,RegnoUnito";1;111160
"Kirkwall,RegnoUnito";1;111161
"UpperSugarloafKey,Florida";1;111162
"Hixson,Tennessee";1;111163
"Payson,Arizona";1;111164
"Waterloo,RegnoUnito";1;111165
"CobbleHill,Canada";1;111166
"LaChaux-de-Fonds,Svizzera";1;111167
"PilotPoint,Texas";1;111168
"Elsdon,RegnoUnito";1;111169
"Kawasaki,Giappone";1;111170
"Tvedestrand,Norvegia";1;111171
"KenozaLake,NewYork";1;111172
"Pozzod'Adda,Italia";1;111173
"Reydon,RegnoUnito";1;111174
"Kerwood,Canada";1;111175
"Somersworth,NewHampshire";1;111176
"Calella,Spagna";1;111177
"NewCastle,Delaware";1;111178
"Kulloo,Finlandia";1;111179
"Ashwood,Australia";1;111180
"PotatoPoint,Australia";1;111181
"SaintBrides,RegnoUnito";1;111182
"Ashikaga,Giappone";1;111183
"Machynlleth,RegnoUnito";1;111184
"LehighAcres,Florida";1;111185
"Lons-le-Saunier,Francia";1;111186
"Anthony,NewMexico";1;111187
"Gjirokaster,Albania";1;111188
"Akranes,Islanda";1;111189
"ShowLow,Arizona";1;111190
"Haddam,Connecticut";1;111191
"Groombridge,RegnoUnito";1;111192
"Yamato,Giappone";1;111193
"LasPi�as,Filippine";1;111194
"Loughgall,RegnoUnito";1;111195
"Brentford,RegnoUnito";1;111196
"Indianola,Iowa";1;111197
"Chavannes-pr�s-Renens,Svizzera";1;111198
"Clermont-l'H�rault,Francia";1;111199
"Winnweiler,Germania";1;111200
"Southill,RegnoUnito";1;111201
"G�tenbach,Germania";1;111202
"Hurghada,Egitto";1;111203
"Raposeira,Portogallo";1;111204
"Ambleside,RegnoUnito";1;111205
"Castlegregory,Irlanda";1;111206
"Sempach,Svizzera";1;111207
"Clifton,Illinois";1;111208
"ButlersMarston,RegnoUnito";1;111209
"Figtree,Australia";1;111210
"Roybridge,RegnoUnito";1;111211
"TimberCove,California";1;111212
"Anmore,Canada";1;111213
"Modi'inMakabim-Re'ut,Israele";1;111214
"ForkUnion,Virginia";1;111215
"Lambesc,Francia";1;111216
"Plattsburgh,NewYork";1;111217
"Flj�tsdalsh�ra�,Islanda";1;111218
"Neath,RegnoUnito";1;111219
"BarksdaleAirForceBase,Louisiana";1;111220
"Irving,NewYork";1;111221
"Springfield,Pennsylvania";1;111222
"Borbot�,Spagna";1;111223
"NarreWarren,Australia";1;111224
"Sudbury,RegnoUnito";1;111225
"PonteCarate,Italia";1;111226
"Rapallo,Italia";1;111227
"Murbach,Francia";1;111228
"Monticchiello,Italia";1;111229
"Brant,Canada";1;111230
"Gottmadingen,Germania";1;111231
"MtDora,Florida";1;111232
"Hilderstone,RegnoUnito";1;111233
"Salento,Colombia";1;111234
"FernBay,Australia";1;111235
"Mexico,Messico";1;111236
"Schwyz,Svizzera";1;111237
"Clun,RegnoUnito";1;111238
"EatonsHill,Australia";1;111239
"Mableton,Georgia";1;111240
"Liptovsk�Mikul�,Slovacchia";1;111241
"Sanitz,Germania";1;111242
"Inverell,Australia";1;111243
"SaintThomas,Canada";1;111244
"Sipoo,Finlandia";1;111245
"Wrawby,RegnoUnito";1;111246
"Estaci�nF�rrea,Spagna";1;111247
"Bingen,Washington";1;111248
"Bielorussia";1;111249
"WyckRissington,RegnoUnito";1;111250
"Caringbah,Australia";1;111251
"Heerenveen,PaesiBassi";1;111252
"Ginetes,Portogallo";1;111253
"Kastav,Croazia";1;111254
"Eastwood,Australia";1;111255
"Sandringham,Australia";1;111256
"Albania";1;111257
"Horst,PaesiBassi";1;111258
"Engins,Francia";1;111259
"Kola�in,Montenegro";1;111260
"BognorRegis,RegnoUnito";1;111261
"ForestHill,Australia";1;111262
"Klaip?dosrajonas,Lituania";1;111263
"Jandakot,Australia";1;111264
"Gharb,Malta";1;111265
"Port-de-Bouc,Francia";1;111266
"Forcella,Italia";1;111267
"Bishop'sWaltham,RegnoUnito";1;111268
"Albrighton,RegnoUnito";1;111269
"Lotus,California";1;111270
"Edgecliff,Australia";1;111271
"DeWittTownship,Michigan";1;111272
"Blackburn,Australia";1;111273
"Plaisance-du-Touch,Francia";1;111274
"KfarUria,Israele";1;111275
"Marolles-en-Brie,Francia";1;111276
"EagleRiver,Michigan";1;111277
"Azzate,Italia";1;111278
"Milltown,NewJersey";1;111279
"NorthPotomac,Maryland";1;111280
"Barum,Norvegia";1;111281
"Woodsboro,Maryland";1;111282
"Holme,RegnoUnito";1;111283
"Radstock,RegnoUnito";1;111284
"Placencia,Belize";1;111285
"N�stved,";1;111286
"J�rpeland,Norvegia";1;111287
"Zirovnica,Slovenia";1;111288
"PutnamValley,NewYork";1;111289
"Wexford,Pennsylvania";1;111290
"Langerwehe,Germania";1;111291
"ElCotillo,Spagna";1;111292
"Achnamara,RegnoUnito";1;111293
"Ceheg�n,Spagna";1;111294
"Dominica";1;111295
"Villaco,Austria";1;111296
"Bellevue,Ohio";1;111297
"BaldwinCity,Kansas";1;111298
"Saint-Mand�,Francia";1;111299
"Bigby,RegnoUnito";1;111300
"Uniontown,Ohio";1;111301
"Kenley,RegnoUnito";1;111302
"Whitehead,RegnoUnito";1;111303
"Stewartsville,NewJersey";1;111304
"Tormini,Italia";1;111305
"Nappanee,Indiana";1;111306
"Celebration,Florida";1;111307
"Nagano,Giappone";1;111308
"Cashel,Irlanda";1;111309
"Toongabbie,Australia";1;111310
"Letterkenny,Irlanda";1;111311
"SeaRanchLakes,Florida";1;111312
"TwoHarbors,Minnesota";1;111313
"Gerzensee,Svizzera";1;111314
"BadEssen,Germania";1;111315
"Dorsten,Germania";1;111316
"Ferndown,RegnoUnito";1;111317
"Maring�,Brasile";1;111318
"MountBarker,Australia";1;111319
"Altnau,Svizzera";1;111320
"Naarden,PaesiBassi";1;111321
"Goven,Francia";1;111322
"Boumalne";1;111323
"CopanRuinas,Honduras";1;111324
"Williamsville,NewYork";1;111325
"Tambor,CostaRica";1;111326
"Ch�teau-Thierry,Francia";1;111327
"Calvi�,Spagna";1;111328
"Montreal-West,Canada";1;111329
"Auburn,Indiana";1;111330
"Bovec,Slovenia";1;111331
"BlueHill,Maine";1;111332
"Chateaugay,NewYork";1;111333
"Bexley,Ohio";1;111334
"Mesquite,Nevada";1;111335
"Made,PaesiBassi";1;111336
"Boxtel,PaesiBassi";1;111337
"Quickborn,Germania";1;111338
"Sullivan,NewHampshire";1;111339
"Vallecrosia,Italia";1;111340
"Corato,Italia";1;111341
"Tecklenburg,Germania";1;111342
"Auzelles,Francia";1;111343
"Hamina,Finlandia";1;111344
"NewMarlborough,Massachusetts";1;111345
"AveMaria,Florida";1;111346
"S�lvesborg,Svezia";1;111347
"Zarautz,Spagna";1;111348
"Attard,Malta";1;111349
"Drimmelen,PaesiBassi";1;111350
"Bourges,Francia";1;111351
"Iisalmi,Finlandia";1;111352
"Algarrobo,Spagna";1;111353
"Honfleur,Francia";1;111354
"Nesbyen,Norvegia";1;111355
"DolpriLjubljani,Slovenia";1;111356
"StokeD'Abernon,RegnoUnito";1;111357
"Saint-Didier-au-Mont-d'Or,Francia";1;111358
"AngradoHero�smo,Portogallo";1;111359
"Shelby,NorthCarolina";1;111360
"Wells,Maine";1;111361
"Pittsfield,Massachusetts";1;111362
"Douglas,Michigan";1;111363
"Cativa,Panama";1;111364
"Montacute,Australia";1;111365
"Meyreuil,Francia";1;111366
"Mahopac,NewYork";1;111367
"Wildwood,Missouri";1;111368
"Beresford,South";1;111369
"Emmering,Germania";1;111370
"Pope?ti,Romania";1;111371
"LaColle-sur-Loup,Francia";1;111372
"VillaPark,California";1;111373
"Saint-Av�,Francia";1;111374
"Sainte-Anne,Guadalupa";1;111375
"Ludres,Francia";1;111376
"Springfield,NewHampshire";1;111377
"Upton,NewYork";1;111378
"Boyce,Louisiana";1;111379
"Dreis,Germania";1;111380
"Peristeri,Grecia";1;111381
"NuevoVallarta,Messico";1;111382
"Hvals�,";1;111383
"Griesheim,Germania";1;111384
"PuertoVaras,Cile";1;111385
"Brelle,Croazia";1;111386
"Villanterio,Italia";1;111387
"Crest,Francia";1;111388
"Floriana,Malta";1;111389
"Adro,Italia";1;111390
"Broderstorf,Germania";1;111391
"Wittenberg,Germania";1;111392
"Val-de-Reuil,Francia";1;111393
"Pymble,Australia";1;111394
"Garnwerd,PaesiBassi";1;111395
"DugoSelo,Croazia";1;111396
"Sarlhusen,Germania";1;111397
"Avon,NewYork";1;111398
"Ester,Alaska";1;111399
"IslandPark,NewYork";1;111400
"RadiumHotSprings,Canada";1;111401
"Harlan,Iowa";1;111402
"Wauneta,Nebraska";1;111403
"Ski,Norvegia";1;111404
"Buxton,Maine";1;111405
"Hoeilaart,Belgio";1;111406
"MalgratdeMar,Spagna";1;111407
"Vyborg,Russia";1;111408
"Grub,Svizzera";1;111409
"Wennigsen,Germania";1;111410
"ChippingCampden,RegnoUnito";1;111411
"Hoylake,RegnoUnito";1;111412
"Williamsburg,Canada";1;111413
"Swellendam,Sudafrica";1;111414
"Pyeongchang-gun,CoreadelSud";1;111415
"Balestrate,Italia";1;111416
"Muret,Francia";1;111417
"Timnath,Colorado";1;111418
"GjoaHaven,Canada";1;111419
"SestoFiorentino,Italia";1;111420
"Lima,NewYork";1;111421
"Saint-Romain-de-Popey,Francia";1;111422
"LeV�sinet,Francia";1;111423
"Llansawel,RegnoUnito";1;111424
"Loosdrecht,PaesiBassi";1;111425
"Breganze,Italia";1;111426
"Moosic,Pennsylvania";1;111427
"Leon,Nicaragua";1;111428
"Saint-Palais-sur-Mer,Francia";1;111429
"Rousset,Francia";1;111430
"Klein-Neusiedl,Austria";1;111431
"BadAbbach,Germania";1;111432
"SpringMills,Pennsylvania";1;111433
"MineralCity,Ohio";1;111434
"Gorham,Maine";1;111435
"WestHaven,Connecticut";1;111436
"Carugate,Italia";1;111437
"Hardwicke,RegnoUnito";1;111438
"Otego,NewYork";1;111439
"Lorn,Australia";1;111440
"Kaukauna,Wisconsin";1;111441
"Fairbury,Illinois";1;111442
"SwaffhamPrior,RegnoUnito";1;111443
"Dronfield,RegnoUnito";1;111444
"Camogli,Italia";1;111445
"LaFare-les-Oliviers,Francia";1;111446
"Hjorring,";1;111447
"Wallsend,RegnoUnito";1;111448
"Niedersachsen,Germania";1;111449
"Corbie,Francia";1;111450
"Edenton,NorthCarolina";1;111451
"Mamer,Lussemburgo";1;111452
"Vecs�s,Ungheria";1;111453
"Garoua,Camerun";1;111454
"Atherton,California";1;111455
"Esopus,NewYork";1;111456
"Reus,Spagna";1;111457
"MountCarmel,Tennessee";1;111458
"Quantico,Virginia";1;111459
"CotodeCaza,California";1;111460
"Santos,Brasile";1;111461
"Maccarese,Italia";1;111462
"Hugo,Minnesota";1;111463
"AgiosGeorgios,Grecia";1;111464
"Ala,Estonia";1;111465
"Lumnezia,Svizzera";1;111466
"Nairn,RegnoUnito";1;111467
"Mousehole,RegnoUnito";1;111468
"Laup?hoehoe,Hawaii";1;111469
"HobeSound,Florida";1;111470
"Tr�i?,Slovenia";1;111471
"Rosario,Filippine";1;111472
"Keith,RegnoUnito";1;111473
"Globe,Arizona";1;111474
"Saratoga,Wyoming";1;111475
"NorthFremantle,Australia";1;111476
"Croston,RegnoUnito";1;111477
"StGallen,Svizzera";1;111478
"H?na,Hawaii";1;111479
"Hennef,Germania";1;111480
"Randolph,Vermont";1;111481
"ElmwoodPark,NewJersey";1;111482
"Caboolture,Australia";1;111483
"Helen,Georgia";1;111484
"Ottenh�fenimSchwarzwald,Germania";1;111485
"Svinningeudd,Svezia";1;111486
"LaVista,Nebraska";1;111487
"Groslay,Francia";1;111488
"CastelnuovoRangone,Italia";1;111489
"Corinth,Vermont";1;111490
"Kellyville,Australia";1;111491
"MountNelson,Australia";1;111492
"Elsworth,RegnoUnito";1;111493
"GrandMarais,Minnesota";1;111494
"Volterra,Italia";1;111495
"Boulder,Illinois";1;111496
"WoodlandPark,Colorado";1;111497
"Harrisburg,Illinois";1;111498
"RingwoodEast,Australia";1;111499
"SantaMargheritaLigure,Italia";1;111500
"Uxbridge,Massachusetts";1;111501
"PetitBourg,Guadalupa";1;111502
"Albox,Spagna";1;111503
"Isigny-le-Buat,Francia";1;111504
"DeepRiver,Canada";1;111505
"Saint-R�my-de-Provence,Francia";1;111506
"Sordio,Italia";1;111507
"Felton,RegnoUnito";1;111508
"Tervola,Finlandia";1;111509
"Jagodina,Serbia";1;111510
"Lawai,Hawaii";1;111511
"Raymond,Maine";1;111512
"GreveStrand,";1;111513
"Solarolo,Italia";1;111514
"Gelsa,Croazia";1;111515
"Beaumont-de-Pertuis,Francia";1;111516
"GreaterPolandVoivodeship,Polonia";1;111517
"Rezzato,Italia";1;111518
"ShimogyoWard,Giappone";1;111519
"Lavrio,Grecia";1;111520
"Bexley,RegnoUnito";1;111521
"Pite�,Svezia";1;111522
"Somers,Montana";1;111523
"Burbank,Illinois";1;111524
"Lastingham,RegnoUnito";1;111525
"Sadadeen,Australia";1;111526
"MountLebanon,Libano";1;111527
"M�con,Francia";1;111528
"Bryce,Utah";1;111529
"Oosterend,PaesiBassi";1;111530
"Albion,NewYork";1;111531
"Tigy,Francia";1;111532
"Edegem,Belgio";1;111533
"DistrettodiBerkeley,NewJersey";1;111534
"Eureka,Montana";1;111535
"Calera,Alabama";1;111536
"StThomas,IsoleVerginiAmericane";1;111537
"Stobrec,Croazia";1;111538
"FountainInn,SouthCarolina";1;111539
"Borken,Germania";1;111540
"Taperoo,Australia";1;111541
"Alexandroupoli,Grecia";1;111542
"Ballymahon,Irlanda";1;111543
"Sano,Giappone";1;111544
"SaintAlbert,Canada";1;111545
"Lamoine,Maine";1;111546
"Woodfin,NorthCarolina";1;111547
"GuitingPower,RegnoUnito";1;111548
"Emmaus,Pennsylvania";1;111549
"HatYai,Tailandia";1;111550
"Castlereagh,RegnoUnito";1;111551
"Ganderkesee,Germania";1;111552
"Maplewood,Missouri";1;111553
"Seyssins,Francia";1;111554
"Honomu,Hawaii";1;111555
"Bargecchia,Italia";1;111556
"Drewvale,Australia";1;111557
"Whiteley,RegnoUnito";1;111558
"Buffalo,Minnesota";1;111559
"H�genheim,Francia";1;111560
"R�de,Norvegia";1;111561
"Cognac,Francia";1;111562
"Teillet-Argenty,Francia";1;111563
"Montrose,NewYork";1;111564
"Plitvi?kaJezera,Croazia";1;111565
"Acre,Israele";1;111566
"Dietlikon,Svizzera";1;111567
"Vernon,Francia";1;111568
"Shippenville,Pennsylvania";1;111569
"Lehola,Estonia";1;111570
"Dunvegan,RegnoUnito";1;111571
"Montemurlo,Italia";1;111572
"Glenties,Irlanda";1;111573
"Collie,Australia";1;111574
"Gangi,Italia";1;111575
"SouthNutfield,RegnoUnito";1;111576
"FortPayne,Alabama";1;111577
"Keynsham,RegnoUnito";1;111578
"Deerlijk,Belgio";1;111579
"Lagnes,Francia";1;111580
"VoivodatodellaBassaSlesia,Polonia";1;111581
"NewWindsor,NewYork";1;111582
"TresRios,CostaRica";1;111583
"Carrbridge,RegnoUnito";1;111584
"MountWarrigal,Australia";1;111585
"Bour,Lussemburgo";1;111586
"KureBeach,NorthCarolina";1;111587
"Drayton,Canada";1;111588
"BaiadiSpisoneTaormina,Italia";1;111589
"Shimla,India";1;111590
"Gr�nwald,Germania";1;111591
"Denbury,RegnoUnito";1;111592
"Lynwood,Australia";1;111593
"Channahon,Illinois";1;111594
"WestSandLake,NewYork";1;111595
"Droxford,RegnoUnito";1;111596
"Eustis,Florida";1;111597
"Butte,Montana";1;111598
"Moorooka,Australia";1;111599
"S�oPedrodePenaferrim,Portogallo";1;111600
"Buchs,Svizzera";1;111601
"Shaoxing,Cina";1;111602
"tp.Hu?,Vietnam";1;111603
"Saint-Martin-d'Uriage,Francia";1;111604
"Clinton,Ohio";1;111605
"CooperLanding,Alaska";1;111606
"Smithville,Canada";1;111607
"Gavere,Belgio";1;111608
"Morwell,Australia";1;111609
"MarketDrayton,RegnoUnito";1;111610
"Benalla,Australia";1;111611
"L'ugolino,Italia";1;111612
"Peel,IsoladiMan";1;111613
"Andover,Ohio";1;111614
"Sachsenheim,Germania";1;111615
"Ascona,Svizzera";1;111616
"Chieti,Italia";1;111617
"WestHorrington,RegnoUnito";1;111618
"Gilching,Germania";1;111619
"Rossville,Tennessee";1;111620
"Manning,Iowa";1;111621
"SanMiguel,Argentina";1;111622
"Concho,Arizona";1;111623
"Kanye,Botswana";1;111624
"TuguegaraoCity,Filippine";1;111625
"SanMateo,Filippine";1;111626
"Rhinelander,Wisconsin";1;111627
"Langenfeld,Germania";1;111628
"Sainte-Maxime,Francia";1;111629
"Holbox,Messico";1;111630
"PalangkaRayaCity,Indonesia";1;111631
"Neidlingen,Germania";1;111632
"Toronto,RegnoUnito";1;111633
"Salmiya,Kuwait";1;111634
"Ranco,Italia";1;111635
"Coton,RegnoUnito";1;111636
"Mineral,California";1;111637
"Tomakin,Australia";1;111638
"Baarlo,PaesiBassi";1;111639
"Mestre,Italia";1;111640
"Gunnedah,Australia";1;111641
"MtMartha,Australia";1;111642
"Evatt,Australia";1;111643
"Hendy,RegnoUnito";1;111644
"Ballyhaunis,Irlanda";1;111645
"Bahamas";1;111646
"GreaterCarrollwood,Florida";1;111647
"Nouakchott,Mauritania";1;111648
"Pontllanfraith,RegnoUnito";1;111649
"Wilmington,Ohio";1;111650
"Lichtenvoorde,PaesiBassi";1;111651
"Magny-le-Hongre,Francia";1;111652
"Capelas,Portogallo";1;111653
"Bronshoj,";1;111654
"Bracebridge,Canada";1;111655
"Mesilla,NewMexico";1;111656
"Rabat,Malta";1;111657
"SintPancras,PaesiBassi";1;111658
"Neum�nster,Germania";1;111659
"Vigrestad,Norvegia";1;111660
"LaRomagne,Francia";1;111661
"Leknes,Norvegia";1;111662
"Minety,RegnoUnito";1;111663
"Jesolo,Italia";1;111664
"Catawissa,Missouri";1;111665
"Lerum,Svezia";1;111666
"Killen,Alabama";1;111667
"MooreCreek,Australia";1;111668
"CraftsburyCommon,Vermont";1;111669
"Qrendi,Malta";1;111670
"Santpoort-Noord,PaesiBassi";1;111671
"Street,Maryland";1;111672
"Plaka,Grecia";1;111673
"Longwy,Francia";1;111674
"DenaliNationalParkandPreserve,Alaska";1;111675
"Carros,Francia";1;111676
"Seillons-Source-d'Argens,Francia";1;111677
"K�llby,Svezia";1;111678
"Atina,Italia";1;111679
"Warren,Pennsylvania";1;111680
"Flint,Texas";1;111681
"Errington,Canada";1;111682
"Lancaster,Ohio";1;111683
"SenecaRocks,WestVirginia";1;111684
"Pangbourne,RegnoUnito";1;111685
"LandsbergamLech,Germania";1;111686
"Cornebarrieu,Francia";1;111687
"TopangaCanyon,California";1;111688
"Bealeton,Virginia";1;111689
"PrincesRisborough,RegnoUnito";1;111690
"Mountainside,NewJersey";1;111691
"DelAire,California";1;111692
"Cherryville,NorthCarolina";1;111693
"Kingwood,WestVirginia";1;111694
"Rittershoffen,Francia";1;111695
"Unna,Germania";1;111696
"LaPorte,Indiana";1;111697
"Holtville,California";1;111698
"FernyCreek,Australia";1;111699
"Connah'sQuay,RegnoUnito";1;111700
"Kaprun,Austria";1;111701
"Miramont-de-Guyenne,Francia";1;111702
"Llanbedrog,RegnoUnito";1;111703
"M�rkh�j,";1;111704
"Warrenpoint,RegnoUnito";1;111705
"Paeroa,NuovaZelanda";1;111706
"Rzeszow,Polonia";1;111707
"Jay,NewYork";1;111708
"SanCassiano,Croazia";1;111709
"SaintMichaels,Maryland";1;111710
"Lodi,NewJersey";1;111711
"Athlone,Irlanda";1;111712
"Navestock,RegnoUnito";1;111713
"MountCobb,Pennsylvania";1;111714
"LongDitton,RegnoUnito";1;111715
"Beaminster,RegnoUnito";1;111716
"BadKleinkirchheim,Austria";1;111717
"Kinsale,Irlanda";1;111718
"Scituate,RhodeIsland";1;111719
"NowyDw�rMazowiecki,Polonia";1;111720
"Stornoway,RegnoUnito";1;111721
"Paola,Malta";1;111722
"Clonskeagh,Irlanda";1;111723
"Writtle,RegnoUnito";1;111724
"Monrovia,Indiana";1;111725
"Beratzhausen,Germania";1;111726
"Farragut,Tennessee";1;111727
"Pignan,Francia";1;111728
"Antiparos,Grecia";1;111729
"Hamura,Giappone";1;111730
"LesPavillons-sous-Bois,Francia";1;111731
"DownhamMarket,RegnoUnito";1;111732
"Aspers,Pennsylvania";1;111733
"Kalefeld,Germania";1;111734
"Zaporizhia,Ucraina";1;111735
"Bouc-Bel-Air,Francia";1;111736
"Nysted,";1;111737
"SantiagodeCuba,Cuba";1;111738
"Dolceacqua,Italia";1;111739
"Longuenesse,Francia";1;111740
"Nord-PassodiCalais,Francia";1;111741
"Sulgrave,RegnoUnito";1;111742
"Bieldside,RegnoUnito";1;111743
"FortHood,Texas";1;111744
"Cadrezzate,Italia";1;111745
"Aijen,PaesiBassi";1;111746
"Pikesville,Maryland";1;111747
"Tanunda";1;111748
"Carterville,Illinois";1;111749
"Oberhausen-Rheinhausen,Germania";1;111750
"RiyadhProvince,ArabiaSaudita";1;111751
"Westfir,Oregon";1;111752
"Girne";1;111753
"GermantownHills,Illinois";1;111754
"Chipstead,RegnoUnito";1;111755
"LongBarn,California";1;111756
"GreatOakley,RegnoUnito";1;111757
"Pingtung,Taiwan";1;111758
"Trastevere,Italia";1;111759
"Vatersay,RegnoUnito";1;111760
"Dyrkorn,Norvegia";1;111761
"Sm�landsstenar,Svezia";1;111762
"Casagiove,Italia";1;111763
"M�riel,Francia";1;111764
"Claremont,NewHampshire";1;111765
"Porthleven,RegnoUnito";1;111766
"Nyn�shamn,Svezia";1;111767
"Pietersbierum,PaesiBassi";1;111768
"Auburn,NewYork";1;111769
"Newportville,Pennsylvania";1;111770
"Pleasanton,Texas";1;111771
"Jamestown,California";1;111772
"Civate,Italia";1;111773
"V�sterbottensl�n,Svezia";1;111774
"Ozolnieki,Lettonia";1;111775
"Skibbereen,Irlanda";1;111776
"Saint-Georges-sur-Cher,Francia";1;111777
"Unionville,Connecticut";1;111778
"Cariacica,Brasile";1;111779
"Beringen,Belgio";1;111780
"Novorossijsk,Russia";1;111781
"Saint-Laurent-de-la-Salanque,Francia";1;111782
"Leioa,Spagna";1;111783
"Hills,Minnesota";1;111784
"FaraGerad'Adda,Italia";1;111785
"Goldendale,Washington";1;111786
"ElmGrove,Wisconsin";1;111787
"Taufkirchen,Germania";1;111788
"Gwithian,RegnoUnito";1;111789
"Gerringong,Australia";1;111790
"Alsdorf,Germania";1;111791
"Subiaco,Australia";1;111792
"Furlong,Pennsylvania";1;111793
"Tonawanda,NewYork";1;111794
"EastPennant,Canada";1;111795
"Louri�al,Portogallo";1;111796
"Kilmun,RegnoUnito";1;111797
"Pokeno,NuovaZelanda";1;111798
"Nerima,Giappone";1;111799
"Urmston,RegnoUnito";1;111800
"Andernos-les-Bains,Francia";1;111801
"SlocanPark,Canada";1;111802
"Wilton,NewHampshire";1;111803
"Winfield,Illinois";1;111804
"BatuFeringghi,Malesia";1;111805
"Cerdanyola,Spagna";1;111806
"Labosse,Francia";1;111807
"Shepherdstown,WestVirginia";1;111808
"VilaReal,Portogallo";1;111809
"SaintHelens,Australia";1;111810
"Prebberede,Germania";1;111811
"Olivella,Spagna";1;111812
"St-Genis-Laval,Francia";1;111813
"Marsaxlokk,Malta";1;111814
"Hobgood,NorthCarolina";1;111815
"Taynuilt,RegnoUnito";1;111816
"Blagdon,RegnoUnito";1;111817
"RosellePark,NewJersey";1;111818
"Saint-Tropez,Francia";1;111819
"PalmCity,Florida";1;111820
"Kirchenlamitz,Germania";1;111821
"Walker,Michigan";1;111822
"Zuilen,PaesiBassi";1;111823
"Lagoa,Portogallo";1;111824
"Gomel,Bielorussia";1;111825
"Thaxted,RegnoUnito";1;111826
"Regenstauf,Germania";1;111827
"ApolloBeach,Florida";1;111828
"CroxleyGreen,RegnoUnito";1;111829
"Alexandria,Australia";1;111830
"Belchertown,Massachusetts";1;111831
"Harlow,RegnoUnito";1;111832
"Jassans-Riottier,Francia";1;111833
"Bernalillo,NewMexico";1;111834
"LeCendre,Francia";1;111835
"Valencia,Venezuela";1;111836
"Th�nes,Francia";1;111837
"Oosterhout,PaesiBassi";1;111838
"Tinonee,Australia";1;111839
"Tuzla,BosniaErzegovina";1;111840
"Boarhills,RegnoUnito";1;111841
"Ki�legg,Germania";1;111842
"Southlake,Texas";1;111843
"ElkRiver,Minnesota";1;111844
"Marconia,Italia";1;111845
"Smithfield,Irlanda";1;111846
"ShepherdsFlat,Australia";1;111847
"Heusden-Zolder,Belgio";1;111848
"Westbury-on-Severn,RegnoUnito";1;111849
"Nolensville,Tennessee";1;111850
"PalosVerdesPeninsula,California";1;111851
"Chigwell,RegnoUnito";1;111852
"Dolanog,RegnoUnito";1;111853
"Tahoma,California";1;111854
"SleepyHollow,NewYork";1;111855
"Xal�,Spagna";1;111856
"Aston,Pennsylvania";1;111857
"Williamscot,RegnoUnito";1;111858
"SpencersWood,RegnoUnito";1;111859
"Chester-le-Street,RegnoUnito";1;111860
"Ferndale,California";1;111861
"Moorslede,Belgio";1;111862
"Winchcombe,RegnoUnito";1;111863
"Duivendrecht,PaesiBassi";1;111864
"Uiwang-si,CoreadelSud";1;111865
"�rj�ng,Svezia";1;111866
"B�ckeburg,Germania";1;111867
"Navplion,Grecia";1;111868
"SansSouci,SouthCarolina";1;111869
"Alatri,Italia";1;111870
"B�tschwil,Svizzera";1;111871
"SaintLouisPark,Minnesota";1;111872
"Ashland,Ohio";1;111873
"Okarito,NuovaZelanda";1;111874
"Stoddard,NewHampshire";1;111875
"Schmitten,Germania";1;111876
"Fermoy,Irlanda";1;111877
"LaGranjadeSanIldefonso,Spagna";1;111878
"Hebron,RegnoUnito";1;111879
"Vandalia,Ohio";1;111880
"Clamart,Francia";1;111881
"LaManga,Spagna";1;111882
"PlumstedTownship,NewJersey";1;111883
"Provost,Canada";1;111884
"BarNunn,Wyoming";1;111885
"Whaddon,RegnoUnito";1;111886
"Duiven,PaesiBassi";1;111887
"Minamiashigara,Giappone";1;111888
"SouthTipperary,Irlanda";1;111889
"Agua�,Brasile";1;111890
"Martinborough,NuovaZelanda";1;111891
"FrazierPark,California";1;111892
"PalaioFaliro,Grecia";1;111893
"QuattroTorri,Italia";1;111894
"BirdsLanding,California";1;111895
"Mormugao,India";1;111896
"Isfjorden,Norvegia";1;111897
"Vineyard,Utah";1;111898
"K�nigsfeldimSchwarzwald,Germania";1;111899
"Fossil,Oregon";1;111900
"Albergaria-a-Velha,Portogallo";1;111901
"Princeton,Canada";1;111902
"Twizel,NuovaZelanda";1;111903
"Roxbury,Vermont";1;111904
"Palmerstown,Irlanda";1;111905
"Chertsey,RegnoUnito";1;111906
"Si??iewi,Malta";1;111907
"B�kke,";1;111908
"Fasana,Croazia";1;111909
"BellBuckle,Tennessee";1;111910
"CityofOrange,NewJersey";1;111911
"Zhigulyovsk,Russia";1;111912
"Giethoorn,PaesiBassi";1;111913
"BrokenBow,Nebraska";1;111914
"Faber,Virginia";1;111915
"MexicoCity,Messico";1;111916
"Tielt-Winge,Belgio";1;111917
"Rogil,Portogallo";1;111918
"Halikko,Finlandia";1;111919
"RignanoSull'arno,Italia";1;111920
"Duxbury,Vermont";1;111921
"Ravels,Belgio";1;111922
"Saint-Apollinaire,Francia";1;111923
"SweetSprings,Missouri";1;111924
"Terzo,Italia";1;111925
"Dover,Ohio";1;111926
"Atherton,Australia";1;111927
"Oriago,Italia";1;111928
"Derby,Australia";1;111929
"Settsu,Giappone";1;111930
"Volc�n,Panama";1;111931
"BrooklynPark,Minnesota";1;111932
"Castenaso,Italia";1;111933
"Weott,California";1;111934
"Phanom,Tailandia";1;111935
"OldColwyn,RegnoUnito";1;111936
"Middlebury,Connecticut";1;111937
"DeepingSaintJames,RegnoUnito";1;111938
"Bulgaria";1;111939
"Camden,Delaware";1;111940
"NorthNowra,Australia";1;111941
"SheepCreek,Canada";1;111942
"TeAroha,NuovaZelanda";1;111943
"Manningtree,RegnoUnito";1;111944
"Binfield,RegnoUnito";1;111945
"Galanta,Slovacchia";1;111946
"Morgantown,Kentucky";1;111947
"Colusa,California";1;111948
"Eghezee,Belgio";1;111949
"BartonSeagrave,RegnoUnito";1;111950
"Whitney,Texas";1;111951
"Zionsville,Pennsylvania";1;111952
"Punat,Croazia";1;111953
"Lajares,Spagna";1;111954
"Monmouth,Illinois";1;111955
"Mosier,Oregon";1;111956
"Mirano,Italia";1;111957
"Emmett,Idaho";1;111958
"ShellyBeach,Australia";1;111959
"Rustington,RegnoUnito";1;111960
"Mielec,Polonia";1;111961
"Marshall,Michigan";1;111962
"ArandadeDuero,Spagna";1;111963
"NeumarktinderOberpfalz,Germania";1;111964
"Garnich,Lussemburgo";1;111965
"Aalten,PaesiBassi";1;111966
"Montbrison,Francia";1;111967
"TijuanaMunicipality,Messico";1;111968
"Tereglio,Italia";1;111969
"Philipsburg,SintMaarten";1;111970
"Riverwoods,Illinois";1;111971
"TrapperCreek,Alaska";1;111972
"S�rb�v�gen,Norvegia";1;111973
"Sakurai,Giappone";1;111974
"Chinon,Francia";1;111975
"�pernay,Francia";1;111976
"Kamieniec,Polonia";1;111977
"Montevideo,Minnesota";1;111978
"Suna,Italia";1;111979
"Tamano,Giappone";1;111980
"H�henkirchen-Siegertsbrunn,Germania";1;111981
"Chimacum,Washington";1;111982
"Mascouche,Canada";1;111983
"Bottmingen,Svizzera";1;111984
"�iauliai,Lituania";1;111985
"MonterossoAlMare,Italia";1;111986
"Michigan";1;111987
"Plaistow,NewHampshire";1;111988
"Piikki�,Finlandia";1;111989
"Speicher,Svizzera";1;111990
"BangMuang,Tailandia";1;111991
"Nhill,Australia";1;111992
"Wotton-under-Edge,RegnoUnito";1;111993
"PolignanoaMare,Italia";1;111994
"Clayton,Georgia";1;111995
"EastRochester,NewYork";1;111996
"Rishikesh,India";1;111997
"Bar,Montenegro";1;111998
"Windsor,Massachusetts";1;111999
"Meiringen,Svizzera";1;112000
"Mabank,Texas";1;112001
"HollowaysBeach,Australia";1;112002
"CarateUrio,Italia";1;112003
"Grou,PaesiBassi";1;112004
"AirForceAcademy,Colorado";1;112005
"Inzigkofen,Germania";1;112006
"Bladon,RegnoUnito";1;112007
"MountSolon,Virginia";1;112008
"Landsberied,Germania";1;112009
"BryceCanyon,Utah";1;112010
"Labruge,Portogallo";1;112011
"Ray,Ohio";1;112012
"MountHoodVillage,Oregon";1;112013
"Peseux,Svizzera";1;112014
"Hoogvliet,PaesiBassi";1;112015
"Diegten,Svizzera";1;112016
"Paget,Bermuda";1;112017
"Unstruttal,Germania";1;112018
"SnowHill,NorthCarolina";1;112019
"Royersford,Pennsylvania";1;112020
"CliftonBeach,Australia";1;112021
"Southampton,Bermuda";1;112022
"Bintulu,Malesia";1;112023
"Fano,Italia";1;112024
"SantaCruz,CostaRica";1;112025
"Hilvarenbeek,PaesiBassi";1;112026
"H�gan�s,Svezia";1;112027
"Newton-in-Bowland,RegnoUnito";1;112028
"NormandyPark,Washington";1;112029
"Ballachulish,RegnoUnito";1;112030
"PrefetturadiNiigata,Giappone";1;112031
"HeidelbergHeights,Australia";1;112032
"Verges,Spagna";1;112033
"Sochi,Russia";1;112034
"BadLausick,Germania";1;112035
"Mahikeng,Sudafrica";1;112036
"Rub�,Spagna";1;112037
"Elchingen,Germania";1;112038
"Kinnelon,NewJersey";1;112039
"Inglis,Canada";1;112040
"LionsBay,Canada";1;112041
"Sparta,Wisconsin";1;112042
"LeRoc,Francia";1;112043
"Mahwah,NewJersey";1;112044
"Worcester,Sudafrica";1;112045
"GoldenValley,Minnesota";1;112046
"TrinityBeach,Australia";1;112047
"Goliad,Texas";1;112048
"NewTripoli,Pennsylvania";1;112049
"Guam,Missouri";1;112050
"Quetzaltenango,Guatemala";1;112051
"Valdemorillo,Spagna";1;112052
"Anse,Francia";1;112053
"Tr�ldal,Norvegia";1;112054
"Graben-Neudorf,Germania";1;112055
"Owosso,Michigan";1;112056
"Wolfisheim,Francia";1;112057
"Anniston,Alabama";1;112058
"Owego,NewYork";1;112059
"Stramproy,PaesiBassi";1;112060
"Wettenberg,Germania";1;112061
"Livingstone,Zambia";1;112062
"Ramsen,Germania";1;112063
"Upperco,Maryland";1;112064
"EvansMills,NewYork";1;112065
"Gefrees,Germania";1;112066
"LowerSackville,Canada";1;112067
"LaRomana,RepubblicaDominicana";1;112068
"Jalisco,Messico";1;112069
"Castelar,Argentina";1;112070
"Michelfeld,Germania";1;112071
"Pirdop,Bulgaria";1;112072
"Colbert,Georgia";1;112073
"Farmington,NewYork";1;112074
"Berea,Kentucky";1;112075
"Palghar,India";1;112076
"MoonlightFlat,Australia";1;112077
"Br�ggen,Germania";1;112078
"Rozenburg,PaesiBassi";1;112079
"WestPlains,Missouri";1;112080
"OchoRios,Giamaica";1;112081
"Pontcharra,Francia";1;112082
"Odessa,Missouri";1;112083
"Arb�cies,Spagna";1;112084
"Wil,Svizzera";1;112085
"Wyoming,Australia";1;112086
"Fairview,Texas";1;112087
"Carrick-On-Suir,Irlanda";1;112088
"Moosinning,Germania";1;112089
"Aden,Yemen";1;112090
"Mavanalla,India";1;112091
"Estr�es-Saint-Denis,Francia";1;112092
"Thorncombe,RegnoUnito";1;112093
"MezzanaMortigliengo,Italia";1;112094
"Portsmouth,Ohio";1;112095
"Riverview,Michigan";1;112096
"PlayadelaAm�ricas,Spagna";1;112097
"Flagg,RegnoUnito";1;112098
"Saint-R�mi,Canada";1;112099
"Novelty,Ohio";1;112100
"Rastatt,Germania";1;112101
"Freetown,Massachusetts";1;112102
"Dharamshala,India";1;112103
"BocaChica,RepubblicaDominicana";1;112104
"Anaconda,Montana";1;112105
"Laytonsville,Maryland";1;112106
"Albemarle,NorthCarolina";1;112107
"Wilno,Canada";1;112108
"MtLaurel,NewJersey";1;112109
"Mexico,Missouri";1;112110
"Allevard,Francia";1;112111
"�tretat,Francia";1;112112
"Hillside,Australia";1;112113
"Laupheim,Germania";1;112114
"Banjole,Croazia";1;112115
"Saunderton,RegnoUnito";1;112116
"CasalnuovodiNapoli,Italia";1;112117
"Shady";1;112118
"Nokesville,Virginia";1;112119
"Vaudancourt,Francia";1;112120
"Loksa,Estonia";1;112121
"RoskildeCounty,";1;112122
"LasquetiIsland,Canada";1;112123
"Givrins,Svizzera";1;112124
"LaGrande-Motte,Francia";1;112125
"Kajaani,Finlandia";1;112126
"Mungrisdale,RegnoUnito";1;112127
"Egitto";1;112128
"WestFargo,North";1;112129
"Ilmenau,Germania";1;112130
"SaintJulian's,Malta";1;112131
"Voronezh,Russia";1;112132
"Moranbah,Australia";1;112133
"Winford,RegnoUnito";1;112134
"GrantPark,Illinois";1;112135
"Corsley,RegnoUnito";1;112136
"Chiriqui,Panama";1;112137
"Curno,Italia";1;112138
"Rimavsk�Sobota,Slovacchia";1;112139
"Redondela,Spagna";1;112140
"Abercynon,RegnoUnito";1;112141
"Lawton,Oklahoma";1;112142
"Kilmessan,Irlanda";1;112143
"Sonsbeck,Germania";1;112144
"Richmond,RhodeIsland";1;112145
"Irkutsk,Russia";1;112146
"ShadySide,Maryland";1;112147
"BoschenDuin,PaesiBassi";1;112148
"SantaCruz,Cile";1;112149
"Kropst�dt,Germania";1;112150
"Rollinsford,NewHampshire";1;112151
"Norwalk,Iowa";1;112152
"Lakeline,Ohio";1;112153
"Germansweek,RegnoUnito";1;112154
"BroughtonGifford,RegnoUnito";1;112155
"Manacor,Spagna";1;112156
"Pradalunga,Italia";1;112157
"LeCheylard,Francia";1;112158
"Henley-in-Arden,RegnoUnito";1;112159
"ForestFalls,California";1;112160
"NebraskaCity,Nebraska";1;112161
"Kleinengersdorf,Austria";1;112162
"�ilo,Croazia";1;112163
"Melsungen,Germania";1;112164
"Rivas,Nicaragua";1;112165
"Luanda,Angola";1;112166
"Ennepetal,Germania";1;112167
"Edgworth,RegnoUnito";1;112168
"Cabot,Arkansas";1;112169
"Annapolis,California";1;112170
"Milton,NewYork";1;112171
"Prestbury,RegnoUnito";1;112172
"Shirley,NewYork";1;112173
"Saundersfoot,RegnoUnito";1;112174
"Saluzzo,Italia";1;112175
"NewParis,Indiana";1;112176
"Cartago,CostaRica";1;112177
"CalaGracio,Spagna";1;112178
"WestMoors,RegnoUnito";1;112179
"Singen,Germania";1;112180
"Ravenna,Nebraska";1;112181
"Kirkintilloch,RegnoUnito";1;112182
"Aldershot,RegnoUnito";1;112183
"Hammond,Wisconsin";1;112184
"Gautier,Mississippi";1;112185
"Langenleuba-Niederhain,Germania";1;112186
"Samo�ns,Francia";1;112187
"Sciez,Francia";1;112188
"Viv�s,Francia";1;112189
"FortSill,Oklahoma";1;112190
"Banbridge,RegnoUnito";1;112191
"Gmunden,Austria";1;112192
"Helsing�r,";1;112193
"Bellach,Svizzera";1;112194
"KingsWorthy,RegnoUnito";1;112195
"NobleParkNorth,Australia";1;112196
"Goian�sia,Brasile";1;112197
"'tHarde,PaesiBassi";1;112198
"RyeHarbour,RegnoUnito";1;112199
"IsleofLismore,RegnoUnito";1;112200
"Gland,Svizzera";1;112201
"NessZiyyona,Israele";1;112202
"BarossaGoldfields,Australia";1;112203
"Muckamore,RegnoUnito";1;112204
"Dnepropetrovsk,Ucraina";1;112205
"Tassin-la-Demi-Lune,Francia";1;112206
"GrandPr�,Canada";1;112207
"EastHartford,Connecticut";1;112208
"Polstead,RegnoUnito";1;112209
"CranberryPortage,Canada";1;112210
"Bene�ov,RepubblicaCeca";1;112211
"Uthaug,Norvegia";1;112212
"Saint-Martin-de-R�,Francia";1;112213
"Gu�rande,Francia";1;112214
"Masaka,Uganda";1;112215
"Riwaka,NuovaZelanda";1;112216
"Quarnbek,Germania";1;112217
"Choisy-au-Bac,Francia";1;112218
"Algona,Iowa";1;112219
"Fraser,Michigan";1;112220
"WijkbijDuurstede,PaesiBassi";1;112221
"Kodiak,Alaska";1;112222
"Crookwell,Australia";1;112223
"BoyneIsland,Australia";1;112224
"Fosses-la-Ville,Belgio";1;112225
"LaRoche-Bernard,Francia";1;112226
"Prospect,Connecticut";1;112227
"Gamston,RegnoUnito";1;112228
"Rionegro,Colombia";1;112229
"Oita,Giappone";1;112230
"S�vres,Francia";1;112231
"Stranda,Norvegia";1;112232
"LosheimamSee,Germania";1;112233
"Auderghem,Belgio";1;112234
"Mytchett,RegnoUnito";1;112235
"AngelsCamp,California";1;112236
"Spray,Oregon";1;112237
"Sort,Spagna";1;112238
"Andel,PaesiBassi";1;112239
"Page,Arizona";1;112240
"Ghedi,Italia";1;112241
"Elst,PaesiBassi";1;112242
"Linville,Virginia";1;112243
"Biberach,Germania";1;112244
"NewOkhlaIndustrialDevelopmentArea,India";1;112245
"Rosemount,Minnesota";1;112246
"Tripoli,Libia";1;112247
"Holladay,Utah";1;112248
"LaFert�-Gaucher,Francia";1;112249
"Die,Francia";1;112250
"Sainte-Marthe-sur-le-Lac,Canada";1;112251
"Elphinstone,Australia";1;112252
"Piraeus,Grecia";1;112253
"Shaw,RegnoUnito";1;112254
"Brightwell-cum-Sotwell,RegnoUnito";1;112255
"Malemort-sur-Corr�ze,Francia";1;112256
"SanPantaleo,Italia";1;112257
"Botswana";1;112258
"Hennuy�res,Belgio";1;112259
"Clinton,Tennessee";1;112260
"Ellsworth,Michigan";1;112261
"Uz�s,Francia";1;112262
"Genthod,Svizzera";1;112263
"HuluLangat,Malesia";1;112264
"Carbonera,Italia";1;112265
"Barrydale,Sudafrica";1;112266
"Heckmondwike,RegnoUnito";1;112267
"Pod?brady,RepubblicaCeca";1;112268
"Wandiligong,Australia";1;112269
"Niger";1;112270
"Vallon-Pont-d'Arc,Francia";1;112271
"BocasdelToro,Panama";1;112272
"Beekbergen,PaesiBassi";1;112273
"Rivignano,Italia";1;112274
"Solutr�-Pouilly,Francia";1;112275
"Straid,RegnoUnito";1;112276
"Ka�telGomilica,Croazia";1;112277
"Este,Italia";1;112278
"GreenValley,California";1;112279
"Talkeetna,Alaska";1;112280
"Montrose,Australia";1;112281
"Broadus,Montana";1;112282
"AngelusOaks,California";1;112283
"Holmfirth,RegnoUnito";1;112284
"Matsuyama,Giappone";1;112285
"Avellaneda,Argentina";1;112286
"Bunessan,RegnoUnito";1;112287
"Chadron,Nebraska";1;112288
"Yateley,RegnoUnito";1;112289
"PalmSprings,Florida";1;112290
"Paju-si,CoreadelSud";1;112291
"DonaPaula,India";1;112292
"Haaren,PaesiBassi";1;112293
"Yodfat,Israele";1;112294
"Founex,Svizzera";1;112295
"O?awa,Polonia";1;112296
"Kastrup,";1;112297
"RiverdalePark,Maryland";1;112298
"B�hl,Germania";1;112299
"StateofMexico,Messico";1;112300
"Matemwe,Tanzania";1;112301
"Thiverval-Grignon,Francia";1;112302
"Barrow-in-Furness,RegnoUnito";1;112303
"Pontinia,Italia";1;112304
"Haiku,Hawaii";1;112305
"Kingston,Tennessee";1;112306
"Gebenstorf,Svizzera";1;112307
"WeekiWachee,Florida";1;112308
"Marietta,Ohio";1;112309
"Palau-Sator,Spagna";1;112310
"Huizhou,Cina";1;112311
"Breinigsville,Pennsylvania";1;112312
"Dysseg�rd,";1;112313
"Cruzville,NewMexico";1;112314
"FiumefreddoSicilia,Italia";1;112315
"Cologna,Italia";1;112316
"VedanoAlLambro,Italia";1;112317
"Swinoujscie,Polonia";1;112318
"Mayotte";1;112319
"PozuelodeAlarc�n,Spagna";1;112320
"Stei�lingen,Germania";1;112321
"Gurnee,Illinois";1;112322
"Figueres,Spagna";1;112323
"K�snacht,Svizzera";1;112324
"Amn�ville,Francia";1;112325
"Nevatim,Israele";1;112326
"LaclaBiche,Canada";1;112327
"Aluthgama,SriLanka";1;112328
"CastlePines,Colorado";1;112329
"Seignosse,Francia";1;112330
"Marchena,Spagna";1;112331
"Niederhasli,Svizzera";1;112332
"Z�rich,Svizzera";1;112333
"Rawai,Tailandia";1;112334
"BallaratNorth,Australia";1;112335
"Fritzens,Austria";1;112336
"Gladsaxe,";1;112337
"Ro?u,Romania";1;112338
"Lorsch,Germania";1;112339
"Minchinbury,Australia";1;112340
"MarinadiMassa,Italia";1;112341
"SanRafael,Argentina";1;112342
"Menucourt,Francia";1;112343
"Schwarzach,Germania";1;112344
"Assenede,Belgio";1;112345
"Montesano,Washington";1;112346
"PineCity,NewYork";1;112347
"Tanunda,Australia";1;112348
"Monterotondo,Italia";1;112349
"MartinaFranca,Italia";1;112350
"SaddleRiver,NewJersey";1;112351
"Zahle,Libano";1;112352
"Aguadulce,Spagna";1;112353
"Waterford,Canada";1;112354
"Ballycastle,RegnoUnito";1;112355
"LaCouronne,Francia";1;112356
"Scafati,Italia";1;112357
"Lawrence,NewYork";1;112358
"Kazincbarcika,Ungheria";1;112359
"Lightwater,RegnoUnito";1;112360
"Cavaillon,Francia";1;112361
"Calstock,RegnoUnito";1;112362
"SarinaBeach,Australia";1;112363
"Escaldes-Engordany,Andorra";1;112364
"Arma��odosB�zios,Brasile";1;112365
"Annonay,Francia";1;112366
"SaintAgnes,RegnoUnito";1;112367
"Polverara,Italia";1;112368
"Northeim,Germania";1;112369
"Be'erOra,Israele";1;112370
"Baelen,Belgio";1;112371
"Mu?la,Turchia";1;112372
"Zaandijk,PaesiBassi";1;112373
"SilverLake,Minnesota";1;112374
"Rain,Germania";1;112375
"Prilly,Svizzera";1;112376
"Vukmanovac,Serbia";1;112377
"Menasha,Wisconsin";1;112378
"Karterados,Grecia";1;112379
"Castelnau-de-L�vis,Francia";1;112380
"Tealby,RegnoUnito";1;112381
"Ottobrunn,Germania";1;112382
"KappelamAlbis,Svizzera";1;112383
"Logatec,Slovenia";1;112384
"SaintAlbansCity,Vermont";1;112385
"Barna,Irlanda";1;112386
"BlandfordForum,RegnoUnito";1;112387
"Taree,Australia";1;112388
"FruitHeights,Utah";1;112389
"Payson,Utah";1;112390
"Steenenkamer,PaesiBassi";1;112391
"Nome,Alaska";1;112392
"Ozzero,Italia";1;112393
"Bermagui,Australia";1;112394
"DrouinSouth,Australia";1;112395
"Chot�any,RepubblicaCeca";1;112396
"NelsonBay,Australia";1;112397
"Millbury,Massachusetts";1;112398
"Lutton,RegnoUnito";1;112399
"Bassenheim,Germania";1;112400
"Hartford,South";1;112401
"Reddick,Illinois";1;112402
"Ploeren,Francia";1;112403
"Empuriabrava,Spagna";1;112404
"SouthChailey,RegnoUnito";1;112405
"Fresno,Texas";1;112406
"Bischofszell,Svizzera";1;112407
"RichlandCenter,Wisconsin";1;112408
"MountainView,Hawaii";1;112409
"Srigim-LiOn,Israele";1;112410
"Dunnellon,Florida";1;112411
"Bogis-Bossey,Svizzera";1;112412
"Saint-Briac-sur-Mer,Francia";1;112413
"Lyndhurst,NewJersey";1;112414
"Bridgeton,Missouri";1;112415
"Willowmavin,Australia";1;112416
"Kesgrave,RegnoUnito";1;112417
"WebsterGroves,Missouri";1;112418
"Sullivan,Maine";1;112419
"RidleyPark,Pennsylvania";1;112420
"Praz-sur-Arly,Francia";1;112421
"Donabate,Irlanda";1;112422
"Coates,RegnoUnito";1;112423
"Ledyard,Connecticut";1;112424
"PetahTikva,Israele";1;112425
"Ormskirk,RegnoUnito";1;112426
"Delavan,Wisconsin";1;112427
"Hatsukaichi,Giappone";1;112428
"H�llviken,Svezia";1;112429
"Einsiedeln,Svizzera";1;112430
"Bideford,RegnoUnito";1;112431
"Gatlinburg,Tennessee";1;112432
"Saint-Di�-des-Vosges,Francia";1;112433
"Grigny,Francia";1;112434
"Sexau,Germania";1;112435
"Vittuone,Italia";1;112436
"Gistel,Belgio";1;112437
"Kronobergsl�n,Svezia";1;112438
"Itatiba,Brasile";1;112439
"Pont-�-Mousson,Francia";1;112440
"KrimpenaandenIJssel,PaesiBassi";1;112441
"Berlino,Massachusetts";1;112442
"Dorrington,California";1;112443
"Saint-Andr�-les-Alpes,Francia";1;112444
"MainBeach,Australia";1;112445
"Ratby,RegnoUnito";1;112446
"KingsMeadows,Australia";1;112447
"Nofit,Israele";1;112448
"RedLake,Canada";1;112449
"Ward,Colorado";1;112450
"Combs-la-Ville,Francia";1;112451
"PortShepstone,Sudafrica";1;112452
"PortDover,Canada";1;112453
"Cundinamarca,Colombia";1;112454
"Arendonk,Belgio";1;112455
"CarolineSprings,Australia";1;112456
"XinyiDistrict,Taiwan";1;112457
"As,Norvegia";1;112458
"Mapleton,Utah";1;112459
"Nauheim,Germania";1;112460
"Visakhapatnam,India";1;112461
"Montville,Australia";1;112462
"MillerPlace,NewYork";1;112463
"ShediacRiver,Canada";1;112464
"Okcheon-gun,CoreadelSud";1;112465
"Inishmore,Irlanda";1;112466
"Thomas,WestVirginia";1;112467
"AppenzellDistrict,Svizzera";1;112468
"?zmir,Turchia";1;112469
"?ebbu?,Malta";1;112470
"Trafalgar,Australia";1;112471
"Lancing,RegnoUnito";1;112472
"Hana,Hawaii";1;112473
"Cayey,Portorico";1;112474
"Mont-Saint-Hilaire,Canada";1;112475
"RockawayBeach,Oregon";1;112476
"Gilleleje,";1;112477
"Skedsmokorset,Norvegia";1;112478
"C�mpeta,Spagna";1;112479
"Anger,Germania";1;112480
"SantaElena,CostaRica";1;112481
"Helmsange,Lussemburgo";1;112482
"Roxobel,NorthCarolina";1;112483
"Wayland,NewYork";1;112484
"Blaricum,PaesiBassi";1;112485
"ElChalt�n,Argentina";1;112486
"Hemmant,Australia";1;112487
"CastellammaredelGolfo,Italia";1;112488
"NewWindsor,Maryland";1;112489
"Kohler,Wisconsin";1;112490
"Battaramulla,SriLanka";1;112491
"Puri,India";1;112492
"Portet-sur-Garonne,Francia";1;112493
"Rey�arfj�r�ur,Islanda";1;112494
"Swanscombe,RegnoUnito";1;112495
"Redon,Francia";1;112496
"RychnovnadKn?�nou,RepubblicaCeca";1;112497
"Bridge,RegnoUnito";1;112498
"Contagem,Brasile";1;112499
"Lyndeborough,NewHampshire";1;112500
"Tollerton,RegnoUnito";1;112501
"Kolkwitz,Germania";1;112502
"Brynmill,RegnoUnito";1;112503
"Beddgelert,RegnoUnito";1;112504
"ChasivYar,Ucraina";1;112505
"Melrose,Florida";1;112506
"SpartaTownship,NewJersey";1;112507
"Alabaster,Alabama";1;112508
"Roccastrada,Italia";1;112509
"Stockton-on-Tees,RegnoUnito";1;112510
"Kolinec,RepubblicaCeca";1;112511
"Islington,RegnoUnito";1;112512
"LozzoAtestino,Italia";1;112513
"Redcliffe,Australia";1;112514
"Outremont,Canada";1;112515
"Camden,Australia";1;112516
"UttarPradesh,India";1;112517
"TownshipofTaylorsville,NorthCarolina";1;112518
"Parnamirim,Brasile";1;112519
"SolbiateOlona,Italia";1;112520
"Louveciennes,Francia";1;112521
"Hakone,Giappone";1;112522
"TombeauBay,Mauritius";1;112523
"Rachub,RegnoUnito";1;112524
"MarstonMoretaine,RegnoUnito";1;112525
"JunctionCity,Oregon";1;112526
"Semley,RegnoUnito";1;112527
"Hawick,RegnoUnito";1;112528
"LasPi�asCity,Filippine";1;112529
"Filton,RegnoUnito";1;112530
"Tianshui,Cina";1;112531
"LesPonts-de-C�,Francia";1;112532
"ElTr�nsito,Nicaragua";1;112533
"Maurens,Francia";1;112534
"Sticklepath,RegnoUnito";1;112535
"BoaVista,Brasile";1;112536
"Bayside,California";1;112537
"Glenunga,Australia";1;112538
"Hefei,Cina";1;112539
"Sulzbach,Germania";1;112540
"Garenci�res,Francia";1;112541
"Aros,RegnoUnito";1;112542
"WhiteSalmon,Washington";1;112543
"Jacksonville,Illinois";1;112544
"Bluffdale,Utah";1;112545
"Penguin,Australia";1;112546
"Dinslaken,Germania";1;112547
"Waterville,Maine";1;112548
"Pietermaritzburg,Sudafrica";1;112549
"Crossville,Tennessee";1;112550
"L'Herbergement,Francia";1;112551
"Renfrew,Canada";1;112552
"Fruita,Colorado";1;112553
"Musashino,Giappone";1;112554
"Lemoore,California";1;112555
"Cleveland,Australia";1;112556
"Moniaive,RegnoUnito";1;112557
"Whately,Massachusetts";1;112558
"Llandysul,RegnoUnito";1;112559
"Lamphun,Tailandia";1;112560
"Hettange-Grande,Francia";1;112561
"Edgewater,Maryland";1;112562
"EastDevonport,Australia";1;112563
"Gingins,Svizzera";1;112564
"ToyohiraWard,Giappone";1;112565
"Peebles,RegnoUnito";1;112566
"SunnybankHills,Australia";1;112567
"BroomehillVillage,Australia";1;112568
"Machias,Maine";1;112569
"Canelli,Italia";1;112570
"Shoham,Israele";1;112571
"BeaconHill,Australia";1;112572
"Invermere,Canada";1;112573
"Mobberley,RegnoUnito";1;112574
"Charmouth,RegnoUnito";1;112575
"Laon,Francia";1;112576
"�couflant,Francia";1;112577
"Kenora,Canada";1;112578
"ValleyCenter,Kansas";1;112579
"Moore,SouthCarolina";1;112580
"ValledeBravo,Messico";1;112581
"SanPatricio,Messico";1;112582
"Freamunde,Portogallo";1;112583
"WickhamMarket,RegnoUnito";1;112584
"SeacombeHeights,Australia";1;112585
"Boury-en-Vexin,Francia";1;112586
"Zahra,Kuwait";1;112587
"Gyeryong-si,CoreadelSud";1;112588
"Ennis,Texas";1;112589
"Coldwater,Michigan";1;112590
"Nikko,Giappone";1;112591
"GeneralTrias,Filippine";1;112592
"Dufur,Oregon";1;112593
"Ot�var,Spagna";1;112594
"Senlis,Francia";1;112595
"Gardner,Massachusetts";1;112596
"Neufch�tel-Hardelot,Francia";1;112597
"Tanvald,RepubblicaCeca";1;112598
"NaturalBridgeStation,Virginia";1;112599
"SutterCreek,California";1;112600
"Balmedie,RegnoUnito";1;112601
"S�sel,Germania";1;112602
"Lancy,Svizzera";1;112603
"ArkansasCity,Kansas";1;112604
"KfarShmuel,Israele";1;112605
"SanMiguel,Cile";1;112606
"Felixstowe,RegnoUnito";1;112607
"Pr�vessin-Mo�ns,Francia";1;112608
"Luther,Michigan";1;112609
"Onalaska,Wisconsin";1;112610
"Frederick,Colorado";1;112611
"Haiti";1;112612
"Brema,Indiana";1;112613
"Marshfield,RegnoUnito";1;112614
"Shipbourne,RegnoUnito";1;112615
"TorvaianicaAlta,Italia";1;112616
"Pellston,Michigan";1;112617
"Brandywine,Maryland";1;112618
"Bertrange,Lussemburgo";1;112619
"Glengarriff,Irlanda";1;112620
"Strathyre,RegnoUnito";1;112621
"Wamuran,Australia";1;112622
"Leeds,Canada";1;112623
"Diss,RegnoUnito";1;112624
"Solbiate,Italia";1;112625
"Ashton-in-Makerfield,RegnoUnito";1;112626
"Trappes,Francia";1;112627
"Budens,Portogallo";1;112628
"Bonnieux,Francia";1;112629
"Nashotah,Wisconsin";1;112630
"BrookmansPark,RegnoUnito";1;112631
"Egeo,Grecia";1;112632
"Dinhard,Svizzera";1;112633
"Lohiniva,Finlandia";1;112634
"LosRealejos,Spagna";1;112635
"Murten,Svizzera";1;112636
"Vend�me,Francia";1;112637
"Angri,Italia";1;112638
"Penallt,RegnoUnito";1;112639
"Oracabessa,Giamaica";1;112640
"Bry-sur-Marne,Francia";1;112641
"Culiac�nRosales,Messico";1;112642
"Stourton,RegnoUnito";1;112643
"LittleMarcle,RegnoUnito";1;112644
"Bodenrode-Westhausen,Germania";1;112645
"Wels,Austria";1;112646
"Elsfleth,Germania";1;112647
"L�nen,Germania";1;112648
"Woolwich,Maine";1;112649
"Fremont,Ohio";1;112650
"Sturgis,South";1;112651
"HammondPark,Australia";1;112652
"BlackmansBay,Australia";1;112653
"Kampen,PaesiBassi";1;112654
"SouthGoldenBeach,Australia";1;112655
"Kelpen-Oler,PaesiBassi";1;112656
"EstreitodaCalheta,Portogallo";1;112657
"Gladesville,Australia";1;112658
"Monessen,Pennsylvania";1;112659
"Ksi??Wielkopolski,Polonia";1;112660
"Jakobstad,Finlandia";1;112661
"Juanico,Uruguay";1;112662
"Staudach-Egerndach,Germania";1;112663
"Saratoga,Australia";1;112664
"Charleroi,Pennsylvania";1;112665
"Vladimir,Russia";1;112666
"Jingmen,Cina";1;112667
"Forest,Virginia";1;112668
"Kosd,Ungheria";1;112669
"BordentownTownship,NewJersey";1;112670
"Hadley,Massachusetts";1;112671
"Wyoming,StatiUniti";1;112672
"EastHorsley,RegnoUnito";1;112673
"NorthPlatte,Nebraska";1;112674
"Bushnell,Florida";1;112675
"Altoona,Pennsylvania";1;112676
"Guipry,Francia";1;112677
"FranzJosefGlacier,NuovaZelanda";1;112678
"SaintArvans,RegnoUnito";1;112679
"Fairfield,NewJersey";1;112680
"Stanhope,NewJersey";1;112681
"Bassum,Germania";1;112682
"NakhonSiThammarat,Tailandia";1;112683
"Eaubonne,Francia";1;112684
"LangdonHills,RegnoUnito";1;112685
"Ceres,Italia";1;112686
"Kutno,Polonia";1;112687
"Secaucus,NewJersey";1;112688
"Ostfildern,Germania";1;112689
"SwiftCurrent,Canada";1;112690
"Hashimoto,Giappone";1;112691
"BarnegatTownship,NewJersey";1;112692
"MountPleasant,Australia";1;112693
"Saint-Lambert-du-Lattay,Francia";1;112694
"Eschborn,Germania";1;112695
"Flawil,Svizzera";1;112696
"TemplestoweLower,Australia";1;112697
"Gal�pagos,Spagna";1;112698
"Monroeville,Pennsylvania";1;112699
"Lucedale,Mississippi";1;112700
"SouthLancaster,Canada";1;112701
"Chehalis,Washington";1;112702
"Gilbertsville,NewYork";1;112703
"Sabadell,Spagna";1;112704
"Poing,Germania";1;112705
"Eastman,Wisconsin";1;112706
"Fort-de-France,Martinica";1;112707
"Makanda,Illinois";1;112708
"Riegelsville,Pennsylvania";1;112709
"BadD�rkheim,Germania";1;112710
"Uffelte,PaesiBassi";1;112711
"Kawaihae,Hawaii";1;112712
"EastRunton,RegnoUnito";1;112713
"Jeufosse,Francia";1;112714
"PuntaArenas,Cile";1;112715
"DeweyBeach,Delaware";1;112716
"Sar?yer,Turchia";1;112717
"Forcalquier,Francia";1;112718
"HamptonFalls,NewHampshire";1;112719
"Ecuador";1;112720
"LaB�tie-Divisin,Francia";1;112721
"OrangeGrove,Australia";1;112722
"HighPeak,RegnoUnito";1;112723
"PontaDoSol,Portogallo";1;112724
"MoscowMills,Missouri";1;112725
"Genesee,Idaho";1;112726
"Eliot,Maine";1;112727
"Tokushima,Giappone";1;112728
"Scania,Svezia";1;112729
"Benbrook,Texas";1;112730
"CrespanodelGrappa,Italia";1;112731
"LakeTabourie,Australia";1;112732
"RudsVedby,";1;112733
"Faribault,Minnesota";1;112734
"GrandCase,SaintMartin";1;112735
"Tyrone,Georgia";1;112736
"Saintes,Francia";1;112737
"Ascalona,Israele";1;112738
"Nixa,Missouri";1;112739
"Estero,Florida";1;112740
"Isdalst�,Norvegia";1;112741
"MurrellsInlet,SouthCarolina";1;112742
"Cergy,Francia";1;112743
"Dunellen,NewJersey";1;112744
"Magnolia,Illinois";1;112745
"WestLeederville,Australia";1;112746
"Nayland,RegnoUnito";1;112747
"Stra�imStra�ertale,Austria";1;112748
"Villefranche-sur-Mer,Francia";1;112749
"Br�ndbyStrand,";1;112750
"Hohhot,Cina";1;112751
"Stock,RegnoUnito";1;112752
"K�nigswinter,Germania";1;112753
"Beersel,Belgio";1;112754
"LeVigan,Francia";1;112755
"Asti,Italia";1;112756
"Susan,Virginia";1;112757
"OlympicValley,California";1;112758
"Eveleth,Minnesota";1;112759
"Kralendijk,CaraibiOlandesi";1;112760
"Lons,Francia";1;112761
"HalesCorners,Wisconsin";1;112762
"Tarxien,Malta";1;112763
"Wetherby,RegnoUnito";1;112764
"Peize,PaesiBassi";1;112765
"Muiderberg,PaesiBassi";1;112766
"OtterRock,Oregon";1;112767
"Bulahdelah,Australia";1;112768
"Bol�var,Venezuela";1;112769
"Glenreagh,Australia";1;112770
"Ro�dorf,Germania";1;112771
"Gradignan,Francia";1;112772
"Fallon,Nevada";1;112773
"CalaVinyes,Spagna";1;112774
"Chester,NewJersey";1;112775
"FloralPark,NewYork";1;112776
"Saint-Marcel-l�s-Valence,Francia";1;112777
"Skandia,Michigan";1;112778
"Callicoon,NewYork";1;112779
"Xag?ra,Malta";1;112780
"Burnley,Australia";1;112781
"Avellino,Italia";1;112782
"Coppet,Svizzera";1;112783
"Odell,RegnoUnito";1;112784
"Alachua,Florida";1;112785
"KemptonPark,Sudafrica";1;112786
"Guipavas,Francia";1;112787
"Burnfoot,Irlanda";1;112788
"Leixlip,Irlanda";1;112789
"PuntadeMita,Messico";1;112790
"Lucenec,Slovacchia";1;112791
"Lamlash,RegnoUnito";1;112792
"BagnoARipoli,Italia";1;112793
"Barrington,RegnoUnito";1;112794
"HatfieldPeverel,RegnoUnito";1;112795
"Ogdensburg,NewYork";1;112796
"D�cines-Charpieu,Francia";1;112797
"Boston,RegnoUnito";1;112798
"Nemo,Texas";1;112799
"GlenGardner,NewJersey";1;112800
"Cafayate,Argentina";1;112801
"BerghApton,RegnoUnito";1;112802
"Carlyle,Canada";1;112803
"BeulahPark,Australia";1;112804
"Pitres,Spagna";1;112805
"Takatsuki,Giappone";1;112806
"NessZiona,Israele";1;112807
"Laven,";1;112808
"Varadero,Cuba";1;112809
"Cubelles,Spagna";1;112810
"Bleckede,Germania";1;112811
"Opotiki,NuovaZelanda";1;112812
"SanPablo,California";1;112813
"Munnar,India";1;112814
"OceanCity,NewJersey";1;112815
"Togitsu,Giappone";1;112816
"Fallston,Maryland";1;112817
"SaintJohn'sTownof";1;112818
"Mayford,RegnoUnito";1;112819
"Ureterp,PaesiBassi";1;112820
"Mendenhall,Pennsylvania";1;112821
"Stans,Svizzera";1;112822
"Birdsboro,Pennsylvania";1;112823
"EastRyde,Australia";1;112824
"Drums,Pennsylvania";1;112825
"MaiKhao,Tailandia";1;112826
"Chumphon,Tailandia";1;112827
"Steenwijk,PaesiBassi";1;112828
"Varel,Germania";1;112829
"Dwingeloo,PaesiBassi";1;112830
"MoreheadCity,NorthCarolina";1;112831
"Krostitz,Germania";1;112832
"Studley,RegnoUnito";1;112833
"Merelbeke,Belgio";1;112834
"EarlsBarton,RegnoUnito";1;112835
"Braithwaite,RegnoUnito";1;112836
"CaisdoPico,Portogallo";1;112837
"Manapouri,NuovaZelanda";1;112838
"CostadaCaparica,Portogallo";1;112839
"Greenville,Kentucky";1;112840
"Uggeshall,RegnoUnito";1;112841
"Hunedoara,Romania";1;112842
"Rijen,PaesiBassi";1;112843
"Wissous,Francia";1;112844
"River,RegnoUnito";1;112845
"Golcar,RegnoUnito";1;112846
"CampinaGrande,Brasile";1;112847
"Piri�polis,Uruguay";1;112848
"EdensorPark,Australia";1;112849
"LaRavoire,Francia";1;112850
"Clanwilliam,Sudafrica";1;112851
"Thonotosassa,Florida";1;112852
"Freeland,Pennsylvania";1;112853
"Forde,Australia";1;112854
"Steilacoom,Washington";1;112855
"Gossau,Svizzera";1;112856
"Corbeanca,Romania";1;112857
"Begijnendijk,Belgio";1;112858
"Beckum,Germania";1;112859
"Windsor,Colorado";1;112860
"Creighton,Canada";1;112861
"Twomileborris,Irlanda";1;112862
"Vredendal,Sudafrica";1;112863
"Bracciano,Italia";1;112864
"QuatreBornes,Mauritius";1;112865
"Cookham,RegnoUnito";1;112866
"NorthWard,Australia";1;112867
"Zwiesel,Germania";1;112868
"ParkGate,RegnoUnito";1;112869
"Hunton,RegnoUnito";1;112870
"Havelock,NuovaZelanda";1;112871
"Nazca,Per�";1;112872
"Winder,Georgia";1;112873
"Gipf-Oberfrick,Svizzera";1;112874
"Ulvenhout,PaesiBassi";1;112875
"R�mlang,Svizzera";1;112876
"Ushuaia,Argentina";1;112877
"Tilton,NewHampshire";1;112878
"Cicero,NewYork";1;112879
"Dietikon,Svizzera";1;112880
"Oka,Canada";1;112881
"Plantersville,Mississippi";1;112882
"PlymouthMeeting,Pennsylvania";1;112883
"StokePoges,RegnoUnito";1;112884
"Lochcarron,RegnoUnito";1;112885
"Calw,Germania";1;112886
"Inzai,Giappone";1;112887
"Colima,Messico";1;112888
"NewEdlington,RegnoUnito";1;112889
"Tananarive,Madagascar";1;112890
"Laugharne,RegnoUnito";1;112891
"FrimleyGreen,RegnoUnito";1;112892
"Charlestown,SaintKittseNevis";1;112893
"Gr�sy-sur-Aix,Francia";1;112894
"HighHarrington,RegnoUnito";1;112895
"BarrowGurney,RegnoUnito";1;112896
"Takanini,NuovaZelanda";1;112897
"Oakmont,Pennsylvania";1;112898
"Tiruppur,India";1;112899
"Bitterfeld-Wolfen,Germania";1;112900
"Denmark,Australia";1;112901
"Hollola,Finlandia";1;112902
"Moji-Mirim,Brasile";1;112903
"Perast,Montenegro";1;112904
"M�llheim,Germania";1;112905
"DeHaan,Belgio";1;112906
"Grimma,Germania";1;112907
"Kilmore,RegnoUnito";1;112908
"Arkport,NewYork";1;112909
"Carinzia,Austria";1;112910
"Triggiano,Italia";1;112911
"Forli,Italia";1;112912
"Shelfield,RegnoUnito";1;112913
"Narrabundah,Australia";1;112914
"Pasikurowice,Polonia";1;112915
"Warza,Germania";1;112916
"Tamborine,Australia";1;112917
"UpperOrara,Australia";1;112918
"D�lmen,Germania";1;112919
"Gavi,Italia";1;112920
"Taganga,Colombia";1;112921
"Fayette,Maine";1;112922
"PortHope,Canada";1;112923
"PopeValley,California";1;112924
"Yanchep,Australia";1;112925
"Southaven,Mississippi";1;112926
"SaukRapids,Minnesota";1;112927
"Norleywood,RegnoUnito";1;112928
"Jaco,CostaRica";1;112929
"Massillon,Ohio";1;112930
"WoffordHeights,California";1;112931
"Hethersett,RegnoUnito";1;112932
"Gorizia,Italia";1;112933
"VernonTownship,NewJersey";1;112934
"FarmersBranch,Texas";1;112935
"Jard-sur-Mer,Francia";1;112936
"BudockWater,RegnoUnito";1;112937
"HartleyWintney,RegnoUnito";1;112938
"Farrer,Australia";1;112939
"Tunkhannock,Pennsylvania";1;112940
"Tucumcari,NewMexico";1;112941
"Ramonville-Saint-Agne,Francia";1;112942
"Dowerin,Australia";1;112943
"MountainHome,Arkansas";1;112944
"Archer,Florida";1;112945
"Deerfield,Wisconsin";1;112946
"Seabrook,Australia";1;112947
"Ganshoren,Belgio";1;112948
"Clayton,RegnoUnito";1;112949
"Appenzell,Svizzera";1;112950
"Reichstett,Francia";1;112951
"Milton,RegnoUnito";1;112952
"Oban,RegnoUnito";1;112953
"LeClaire,Iowa";1;112954
"Laakdal,Belgio";1;112955
"AguasCalientes,Per�";1;112956
"OttawaHills,Ohio";1;112957
"L'HospitaletdeLlobregat,Spagna";1;112958
"KielsMountain,Australia";1;112959
"Raufoss,Norvegia";1;112960
"L'Isle-Jourdain,Francia";1;112961
"Ishigaki,Giappone";1;112962
"LaVergne,Tennessee";1;112963
"EinGedi,Israele";1;112964
"Bush,RegnoUnito";1;112965
"DutchFlat,California";1;112966
"FannieBay,Australia";1;112967
"SaintHelenaBay,Sudafrica";1;112968
"Harrisburg,NorthCarolina";1;112969
"Geldern,Germania";1;112970
"Scandiano,Italia";1;112971
"Sablayan,Filippine";1;112972
"Llangristiolus,RegnoUnito";1;112973
"GreatEaston,RegnoUnito";1;112974
"Oberwart,Austria";1;112975
"Brive-la-Gaillarde,Francia";1;112976
"Hellange,Lussemburgo";1;112977
"TindonEnd,RegnoUnito";1;112978
"PuertoAventuras,Messico";1;112979
"Sanford,Florida";1;112980
"Wheaton-Glenmont,Maryland";1;112981
"Zhytomyr,Ucraina";1;112982
"Haverfordwest,RegnoUnito";1;112983
"Fontanafredda,Italia";1;112984
"Warren,Connecticut";1;112985
"Lyonville,Australia";1;112986
"Carouge,Svizzera";1;112987
"HallettCove,Australia";1;112988
"Inchinnan,RegnoUnito";1;112989
"Hubley,Canada";1;112990
"SaintPaul'sBay,Malta";1;112991
"�palinges,Svizzera";1;112992
"Malnate,Italia";1;112993
"N�mestovo,Slovacchia";1;112994
"Nayarit,Messico";1;112995
"Elizabethton,Tennessee";1;112996
"Valkeakoski,Finlandia";1;112997
"Tammin,Australia";1;112998
"Tromso,Norvegia";1;112999
"SouthTurramurra,Australia";1;113000
"Hlu?�n,RepubblicaCeca";1;113001
"Troy,Pennsylvania";1;113002
"Listowel,Irlanda";1;113003
"Goedereede,PaesiBassi";1;113004
"OakHill,Virginia";1;113005
"GlenInnes,Australia";1;113006
"Alcanar,Spagna";1;113007
"Pershotravens'k,Ucraina";1;113008
"Nepean,Canada";1;113009
"LaBisbald'Empord�,Spagna";1;113010
"�rgiva,Spagna";1;113011
"Wentzville,Missouri";1;113012
"Dikwella,SriLanka";1;113013
"Giardoni,Italia";1;113014
"Collierville,Tennessee";1;113015
"Vesilahti,Finlandia";1;113016
"Valleiry,Francia";1;113017
"Taymouth,Canada";1;113018
"Brooklyn,Connecticut";1;113019
"Suckley,RegnoUnito";1;113020
"Morden,Canada";1;113021
"Rochester,Vermont";1;113022
"Oaksey,RegnoUnito";1;113023
"CoeymansHollow,NewYork";1;113024
"Avola,Italia";1;113025
"Wimereux,Francia";1;113026
"BrighamCity,Utah";1;113027
"Stonely,RegnoUnito";1;113028
"S�lestat,Francia";1;113029
"Oldendorf,Germania";1;113030
"Andenes,Norvegia";1;113031
"Porirua,NuovaZelanda";1;113032
"Pomaria,SouthCarolina";1;113033
"Pruszk�w,Polonia";1;113034
"Grathem,PaesiBassi";1;113035
"Riddes,Svizzera";1;113036
"Senj,Croazia";1;113037
"Mbabane,Swaziland";1;113038
"Koganei,Giappone";1;113039
"Knutsford,RegnoUnito";1;113040
"Lora,Norvegia";1;113041
"Pontedeume,Spagna";1;113042
"Hanstedt,Germania";1;113043
"Frascati,Italia";1;113044
"Capri,Italia";1;113045
"P?'ea,PolinesiaFrancese";1;113046
"Boisd'Arcy,Francia";1;113047
"WhiteDeer,Texas";1;113048
"Arnprior,Canada";1;113049
"Ashiya,Giappone";1;113050
"LeLocle,Svizzera";1;113051
"Blytheville,Arkansas";1;113052
"TheMumbles,RegnoUnito";1;113053
"LakeRonkonkoma,NewYork";1;113054
"Reichelsheim,Germania";1;113055
"CarneysPointTownship,NewJersey";1;113056
"Gadsden,Alabama";1;113057
"Dingwall,RegnoUnito";1;113058
"Fincastle,Virginia";1;113059
"AndornoMicca,Italia";1;113060
"Elx,Spagna";1;113061
"Katherine,Australia";1;113062
"Waterloo,Belgio";1;113063
"EastGreenbush,NewYork";1;113064
"Alton,RegnoUnito";1;113065
"Haxey,RegnoUnito";1;113066
"Yea,Australia";1;113067
"Groomsport,RegnoUnito";1;113068
"Serpa,Portogallo";1;113069
"Ringkobing,";1;113070
"Aurskog,Norvegia";1;113071
"Kokkedal,";1;113072
"Verneuil-sur-Avre,Francia";1;113073
"Kristianstad,Svezia";1;113074
"Mocksville,NorthCarolina";1;113075
"Weston,RegnoUnito";1;113076
"Ballerup,";1;113077
"Burgaw,NorthCarolina";1;113078
"Canoas,Brasile";1;113079
"Cossonay,Svizzera";1;113080
"Cardona,Spagna";1;113081
"Nundah,Australia";1;113082
"Kamen,Germania";1;113083
"Kelkheim,Germania";1;113084
"BuenosAires,CostaRica";1;113085
"LaurodeFreitas,Brasile";1;113086
"Bourg-l�s-Valence,Francia";1;113087
"Maffra,Australia";1;113088
"Conway,Massachusetts";1;113089
"Coco,CostaRica";1;113090
"CastelMella,Italia";1;113091
"Lohe-Rickelshof,Germania";1;113092
"Govone,Italia";1;113093
"MonteRio,California";1;113094
"Cottam,RegnoUnito";1;113095
"Bornova,Turchia";1;113096
"Woodburn,Kentucky";1;113097
"TunnelHill,Georgia";1;113098
"Thornford,RegnoUnito";1;113099
"Stranraer,RegnoUnito";1;113100
"Lysekil,Svezia";1;113101
"Celaya,Messico";1;113102
"Nashik,India";1;113103
"Kintnersville,Pennsylvania";1;113104
"�st�nadLabem,RepubblicaCeca";1;113105
"Wismar,Germania";1;113106
"Sutton,Vermont";1;113107
"BarwonHeads,Australia";1;113108
"Nurmij�rvi,Finlandia";1;113109
"Temple,Maine";1;113110
"RichHill,Missouri";1;113111
"OakLawn,Illinois";1;113112
"Saalfeld,Germania";1;113113
"Lindsborg,Kansas";1;113114
"Obersulm,Germania";1;113115
"Ilion,Grecia";1;113116
"Waukomis,Oklahoma";1;113117
"Muroran,Giappone";1;113118
"King'sCliffe,RegnoUnito";1;113119
"AlRayyan,Qatar";1;113120
"Nambour,Australia";1;113121
"NewCairoCity,Egitto";1;113122
"Schererville,Indiana";1;113123
"Sor�,";1;113124
"NorthMyrtleBeach,SouthCarolina";1;113125
"Traunstein,Germania";1;113126
"Zanesville,Ohio";1;113127
"Torpoint,RegnoUnito";1;113128
"Kasilof,Alaska";1;113129
"Ebenfurth,Austria";1;113130
"Anacapri,Italia";1;113131
"SteinachamBrenner,Austria";1;113132
"West,Texas";1;113133
"TanjungTokong,Malesia";1;113134
"Yangquan,Cina";1;113135
"CefnMably,RegnoUnito";1;113136
"Geneva,Illinois";1;113137
"Nettleham,RegnoUnito";1;113138
"Pully,Svizzera";1;113139
"Whitethorn,California";1;113140
"Villena,Spagna";1;113141
"Kalisz,Polonia";1;113142
"Madison,Indiana";1;113143
"Hostivice,RepubblicaCeca";1;113144
"CanyonLake,Texas";1;113145
"Naga,Filippine";1;113146
"Ingleburn,Australia";1;113147
"CopperMountain,Colorado";1;113148
"SiloamSprings,Arkansas";1;113149
"ParramattaPark,Australia";1;113150
"Fulda,Germania";1;113151
"Ruidoso,NewMexico";1;113152
"Ostermundigen,Svizzera";1;113153
"SunfishLake,Minnesota";1;113154
"Rutesheim,Germania";1;113155
"SouthBrisbane,Australia";1;113156
"Morgantown,Indiana";1;113157
"Woodley,RegnoUnito";1;113158
"Royton,RegnoUnito";1;113159
"LakeMacquarie,Australia";1;113160
"Etxebarri,Spagna";1;113161
"Falkland,RegnoUnito";1;113162
"Woodcroft,Australia";1;113163
"Simpson,Canada";1;113164
"QuangNgai,Vietnam";1;113165
"Woodridge,Illinois";1;113166
"Beverwijk,PaesiBassi";1;113167
"Willowick,Ohio";1;113168
"Avon,Massachusetts";1;113169
"Itajub�,Brasile";1;113170
"Sloughhouse,California";1;113171
"Medina,Minnesota";1;113172
"Altach,Austria";1;113173
"Catanzaro,Italia";1;113174
"WinterHarbor,Maine";1;113175
"Arax�,Brasile";1;113176
"Pulaski,Wisconsin";1;113177
"Cani�o,Portogallo";1;113178
"Bedford,Ohio";1;113179
"Yarnton,RegnoUnito";1;113180
"Mooresville,Indiana";1;113181
"Liskeard,RegnoUnito";1;113182
"TheydonBois,RegnoUnito";1;113183
"Fol�gandros,Grecia";1;113184
"Basseterre,SaintKittseNevis";1;113185
"WestDown,RegnoUnito";1;113186
"Sherborn,Massachusetts";1;113187
"CannonFalls,Minnesota";1;113188
"LaVeta,Colorado";1;113189
"HennersdorfbeiWien,Austria";1;113190
"Weilerswist,Germania";1;113191
"P�voadeSantoAdri�o,Portogallo";1;113192
"TwinBridges,Montana";1;113193
"Bellambi,Australia";1;113194
"Ashland,Wisconsin";1;113195
"Kodaikanal,India";1;113196
"FuentesdeCesna,Spagna";1;113197
"Arendal,Norvegia";1;113198
"Maumelle,Arkansas";1;113199
"ChurchCrookham,RegnoUnito";1;113200
"Krupina,Slovacchia";1;113201
"�tampes,Francia";1;113202
"SanVittoreOlona,Italia";1;113203
"KawarauFalls,NuovaZelanda";1;113204
"Kawagoe,Giappone";1;113205
"Coron,Filippine";1;113206
"Liebenau,Germania";1;113207
"Saronno,Italia";1;113208
"Cartersville,Georgia";1;113209
"Ilid�a,BosniaErzegovina";1;113210
"Tarnow,Polonia";1;113211
"Chester,Vermont";1;113212
"Byblos,Libano";1;113213
"Herenthout,Belgio";1;113214
"Cosenza,Italia";1;113215
"Nieuwkoop,PaesiBassi";1;113216
"Orleans,California";1;113217
"BigSur,California";1;113218
"Saint-Georges-de-Windsor,Canada";1;113219
"Patillas,Portorico";1;113220
"Halliday,North";1;113221
"Liaocheng,Cina";1;113222
"Myoko,Giappone";1;113223
"Igny,Francia";1;113224
"Soumoulou,Francia";1;113225
"Grafton,Wisconsin";1;113226
"Padbury,RegnoUnito";1;113227
"BrownsSummit,NorthCarolina";1;113228
"Eden,Utah";1;113229
"Walhalla,SouthCarolina";1;113230
"Birchip,Australia";1;113231
"Oyer,Norvegia";1;113232
"Ph�Qu?c,Vietnam";1;113233
"OldTown,Maine";1;113234
"Osseo,Michigan";1;113235
"YesudHaMa'ala,Israele";1;113236
"Exning,RegnoUnito";1;113237
"SantaRosaBeach,Florida";1;113238
"Gislev,";1;113239
"Ripon,California";1;113240
"Boulogne-sur-Mer,Francia";1;113241
"Lamorlaye,Francia";1;113242
"Camarate,Portogallo";1;113243
"Kraichtal,Germania";1;113244
"Assendelft,PaesiBassi";1;113245
"Surat,India";1;113246
"CaveJunction,Oregon";1;113247
"Koksijde,Belgio";1;113248
"�alec,Slovenia";1;113249
"Victoria,Argentina";1;113250
"Kistarcsa,Ungheria";1;113251
"Tulln,Austria";1;113252
"SolonSprings,Wisconsin";1;113253
"Rivoli,Italia";1;113254
"Stupava,Slovacchia";1;113255
"BearRiver,Canada";1;113256
"Sanford,NorthCarolina";1;113257
"CheadleHulme,RegnoUnito";1;113258
"Chavornay,Svizzera";1;113259
"Bre�ice,Slovenia";1;113260
"Sommesous,Francia";1;113261
"Hope,Maine";1;113262
"Westmeston,RegnoUnito";1;113263
"Fulton,Maryland";1;113264
"Ware,RegnoUnito";1;113265
"Penistone,RegnoUnito";1;113266
"Sch�fweg,Germania";1;113267
"Vois,Austria";1;113268
"Havant,RegnoUnito";1;113269
"Woodbury,Tennessee";1;113270
"Fiskardo,Grecia";1;113271
"LoonLake,NewYork";1;113272
"BrownstownCharterTownship,Michigan";1;113273
"MattenbeiInterlaken,Svizzera";1;113274
"VargemGrandePaulista,Brasile";1;113275
"LacduFlambeau,Wisconsin";1;113276
"Lebec,California";1;113277
"Tyre,Libano";1;113278
"KoChang,Tailandia";1;113279
"Uvita,CostaRica";1;113280
"LighthousePoint,Florida";1;113281
"Cardwell,Australia";1;113282
"Minehead,RegnoUnito";1;113283
"SouthHobart,Australia";1;113284
"Holt,Missouri";1;113285
"Ifran,Marocco";1;113286
"Trebsen,Germania";1;113287
"Chatburn,RegnoUnito";1;113288
"Lachute,Canada";1;113289
"Maywood,California";1;113290
"Whitsundays,Australia";1;113291
"Selma,NorthCarolina";1;113292
"Treglio,Italia";1;113293
"Iznate,Spagna";1;113294
"Lochristi,Belgio";1;113295
"Hartland,Michigan";1;113296
"Jalandhar,India";1;113297
"Anyang-si,CoreadelSud";1;113298
"Limon,CostaRica";1;113299
"SanRoque,Spagna";1;113300
"RussellVale,Australia";1;113301
"Noum�a,NuovaCaledonia";1;113302
"Blanquefort,Francia";1;113303
"Oban,NuovaZelanda";1;113304
"Chester,Canada";1;113305
"GeneralSantos,Filippine";1;113306
"Garmerwolde,PaesiBassi";1;113307
"Chesham,RegnoUnito";1;113308
"Nysa,Polonia";1;113309
"Jiaxing,Cina";1;113310
"Ratoath,Irlanda";1;113311
"Poncin,Francia";1;113312
"Whitelaw,Wisconsin";1;113313
"VicenteL�pez,Argentina";1;113314
"HarperWoods,Michigan";1;113315
"PortAntonio,Giamaica";1;113316
"Levanto,Italia";1;113317
"Glasgow,WestVirginia";1;113318
"Penllergaer,RegnoUnito";1;113319
"Kottgeisering,Germania";1;113320
"Merimbula,Australia";1;113321
"SouthYunderup,Australia";1;113322
"KincumberSouth,Australia";1;113323
"BeaconFalls,Connecticut";1;113324
"Oldsmar,Florida";1;113325
"MarinhaGrande,Portogallo";1;113326
"Saint-Nicolas,Canada";1;113327
"Moordrecht,PaesiBassi";1;113328
"OtterySaintMary,RegnoUnito";1;113329
"Cozad,Nebraska";1;113330
"Madeira,Portogallo";1;113331
"PascoeValeSouth,Australia";1;113332
"LakewoodRanch,Florida";1;113333
"Fayt-lez-Manage,Belgio";1;113334
"NorthPlainfield,NewJersey";1;113335
"Wormer,PaesiBassi";1;113336
"Bristol,Maine";1;113337
"DetroitLakes,Minnesota";1;113338
"Loudon,Tennessee";1;113339
"Marsworth,RegnoUnito";1;113340
"Penwortham,RegnoUnito";1;113341
"Cirauqui,Spagna";1;113342
"NeunkirchenamBrand,Germania";1;113343
"Bertem,Belgio";1;113344
"Ashhurst,NuovaZelanda";1;113345
"BraunstoneTown,RegnoUnito";1;113346
"Runwell,RegnoUnito";1;113347
"MaplePlain,Minnesota";1;113348
"Hubertus,Wisconsin";1;113349
"Cricklade,RegnoUnito";1;113350
"Castleford,RegnoUnito";1;113351
"CesanoMaderno,Italia";1;113352
"Maurecourt,Francia";1;113353
"Greenslopes,Australia";1;113354
"Oxford,Georgia";1;113355
"Vajd�cska,Ungheria";1;113356
"Endwell,NewYork";1;113357
"Manchester,Maryland";1;113358
"SantaTeresa,CostaRica";1;113359
"Sliven,Bulgaria";1;113360
"IngelheimamRhein,Germania";1;113361
"Pre�ov,Slovacchia";1;113362
"StanfordintheVale,RegnoUnito";1;113363
"Roubaix,Francia";1;113364
"LowerIslandCove,Canada";1;113365
"SanLazzarodiSavena,Italia";1;113366
"Whitefish,Montana";1;113367
"BiscaynePark,Florida";1;113368
"Almo,Idaho";1;113369
"Novara,Italia";1;113370
"Waterbeach,RegnoUnito";1;113371
"Voorheesville,NewYork";1;113372
"Hobro,";1;113373
"GuardiaSanframondi,Italia";1;113374
"LongBennington,RegnoUnito";1;113375
"K�sching,Germania";1;113376
"Savonlinna,Finlandia";1;113377
"M�hleberg,Svizzera";1;113378
"Lunenburg,Massachusetts";1;113379
"Katrine,Canada";1;113380
"Ocoyoacac,Messico";1;113381
"LowerMorton,RegnoUnito";1;113382
"Halnaker,RegnoUnito";1;113383
"Memmingen,Germania";1;113384
"PlainsboroTownship,NewJersey";1;113385
"Taylorsville,Utah";1;113386
"Rescue,California";1;113387
"Hurstpierpoint,RegnoUnito";1;113388
"BurghfieldCommon,RegnoUnito";1;113389
"Balquhidder,RegnoUnito";1;113390
"Ch�teaurenard,Francia";1;113391
"SaintGeorgesBasin,Australia";1;113392
"Seriny�,Spagna";1;113393
"Howick,Sudafrica";1;113394
"Standdaarbuiten,PaesiBassi";1;113395
"Aldinga,Australia";1;113396
"Upwey,Australia";1;113397
"MountAbu,India";1;113398
"Warman,Canada";1;113399
"Telemark,Norvegia";1;113400
"BrownsWood,RegnoUnito";1;113401
"WesternRoad,Irlanda";1;113402
"Narangba,Australia";1;113403
"Kirkbride,RegnoUnito";1;113404
"NorthAvoca,Australia";1;113405
"Halesworth,RegnoUnito";1;113406
"Houghton,Michigan";1;113407
"Lathom,RegnoUnito";1;113408
"ValenciadeDonJuan,Spagna";1;113409
"Cheddington,RegnoUnito";1;113410
"AnnfieldPlain,RegnoUnito";1;113411
"Seaview,Washington";1;113412
"Adell,Wisconsin";1;113413
"Windham,Connecticut";1;113414
"Gonzales,Louisiana";1;113415
"Bovington,RegnoUnito";1;113416
"Ogaki,Giappone";1;113417
"Seaton,RegnoUnito";1;113418
"Franklin,Indiana";1;113419
"Ketsch,Germania";1;113420
"CopperasCove,Texas";1;113421
"Tait?,Giappone";1;113422
"Strabane,RegnoUnito";1;113423
"Aberdeen,South";1;113424
"Wrangle,RegnoUnito";1;113425
"Weatherly,Pennsylvania";1;113426
"Opelousas,Louisiana";1;113427
"GroveCity,Pennsylvania";1;113428
"Kolbermoor,Germania";1;113429
"VilaVelha,Brasile";1;113430
"Oregon,Ohio";1;113431
"PisgahForest,NorthCarolina";1;113432
"Shizuoka,Giappone";1;113433
"JardimDoMar,Portogallo";1;113434
"Mangawhai,NuovaZelanda";1;113435
"LlantwitMajor,RegnoUnito";1;113436
"CentralGreenwich,Canada";1;113437
"Coslada,Spagna";1;113438
"V�lizy-Villacoublay,Francia";1;113439
"Sukhothai,Tailandia";1;113440
"SakaeWard,Giappone";1;113441
"Banstead,RegnoUnito";1;113442
"KingstonSprings,Tennessee";1;113443
"CommercecharterTownship,Michigan";1;113444
"StormLake,Iowa";1;113445
"Kalbarri,Australia";1;113446
"SignalMountain,Tennessee";1;113447
"Tomahawk,Wisconsin";1;113448
"H�rstel,Germania";1;113449
"Erding,Germania";1;113450
"WickhamHeath,RegnoUnito";1;113451
"S�mmerda,Germania";1;113452
"Ugine,Francia";1;113453
"Didima,Grecia";1;113454
"Hampton,Georgia";1;113455
"Pomona,Australia";1;113456
"Alsfeld,Germania";1;113457
"WestGrove,Pennsylvania";1;113458
"Wilstead,RegnoUnito";1;113459
"Townsend,Massachusetts";1;113460
"Sorbas,Spagna";1;113461
"EastPeoria,Illinois";1;113462
"Gy?r,Ungheria";1;113463
"Staatsburg,NewYork";1;113464
"Sandon,RegnoUnito";1;113465
"Valkenswaard,PaesiBassi";1;113466
"Minooka,Illinois";1;113467
"CastleBytham,RegnoUnito";1;113468
"Przemy?l,Polonia";1;113469
"GerrardsCross,RegnoUnito";1;113470
"Pelotas,Brasile";1;113471
"Ashford,Washington";1;113472
"Chikkaballapura,India";1;113473
"Barellan,Australia";1;113474
"Pussigny,Francia";1;113475
"Johnston,Iowa";1;113476
"SherborneSaintJohn,RegnoUnito";1;113477
"Lazise,Italia";1;113478
"Windeck,Germania";1;113479
"P�cs,Ungheria";1;113480
"Parkville,Missouri";1;113481
"Pikeville,Kentucky";1;113482
"Budenbach,Germania";1;113483
"Matadepera,Spagna";1;113484
"BradfieldSouthend,RegnoUnito";1;113485
"Seville,Florida";1;113486
"DoverPlains,NewYork";1;113487
"Tallmadge,Ohio";1;113488
"Woodlands,Australia";1;113489
"Conley,Georgia";1;113490
"Glattfelden,Svizzera";1;113491
"YandoitHills,Australia";1;113492
"Comfort,Texas";1;113493
"Arabi,Louisiana";1;113494
"Kaysville,Utah";1;113495
"Stanley,Australia";1;113496
"LaRonge,Canada";1;113497
"Thomastown,Irlanda";1;113498
"AltamonteSprings,Florida";1;113499
"Schiltach,Germania";1;113500
"Sanderson,Texas";1;113501
"Knowlton,Canada";1;113502
"Cary,Illinois";1;113503
"Oblast'diSamara,Russia";1;113504
"VillafrancadiVerona,Italia";1;113505
"Monterrey,Colombia";1;113506
"S�oLu�s,Brasile";1;113507
"Aversa,Italia";1;113508
"Cockatoo,Australia";1;113509
"Palmersville,RegnoUnito";1;113510
"Platina,California";1;113511
"Ryde,RegnoUnito";1;113512
"SanFelipe,Messico";1;113513
"Creston,Canada";1;113514
"Cormeilles,Francia";1;113515
"Jenjarom,Malesia";1;113516
"WeilamRhein,Germania";1;113517
"Alg�s,Portogallo";1;113518
"Melnik,RepubblicaCeca";1;113519
"Privett,RegnoUnito";1;113520
"Upton,RegnoUnito";1;113521
"Ringleben,Germania";1;113522
"SanJose,Guatemala";1;113523
"CurrumbinWaters,Australia";1;113524
"Effingen,Svizzera";1;113525
"Rosetta,Australia";1;113526
"NewMilford,Illinois";1;113527
"Revivim,Israele";1;113528
"Sigiriya,SriLanka";1;113529
"Boothbay,Maine";1;113530
"Cadole,RegnoUnito";1;113531
"Carrollton,Kentucky";1;113532
"OudZevenaar,PaesiBassi";1;113533
"Hoeselt,Belgio";1;113534
"Wolcott,NewYork";1;113535
"Quimper,Francia";1;113536
"Leerdam,PaesiBassi";1;113537
"Talmont-Saint-Hilaire,Francia";1;113538
"LaoagCity,Filippine";1;113539
"WalnutTree,RegnoUnito";1;113540
"Oberstdorf,Germania";1;113541
"St.George,Maine";1;113542
"Conty,Francia";1;113543
"Tecumseh,Michigan";1;113544
"Fawkner,Australia";1;113545
"CaxiasdoSul,Brasile";1;113546
"Cittadella,Italia";1;113547
"Rybnik,Polonia";1;113548
"Penryn,California";1;113549
"Sedbergh,RegnoUnito";1;113550
"Majano,Italia";1;113551
"Galt,California";1;113552
"KingsPoint,NewYork";1;113553
"Powhatan,Virginia";1;113554
"Atlantic,Canada";1;113555
"J�lich,Germania";1;113556
"Sukawati,Indonesia";1;113557
"Itapema,Brasile";1;113558
"Saint-Jorioz,Francia";1;113559
"Marwitz,Germania";1;113560
"Grenada";1;113561
"Liss,RegnoUnito";1;113562
"Tewinga,Australia";1;113563
"GeneralSantosCity,Filippine";1;113564
"Ciorescu,Moldavia";1;113565
"?achtice,Slovacchia";1;113566
"Domdidier,Svizzera";1;113567
"Weert,PaesiBassi";1;113568
"Northwood,Ohio";1;113569
"Oakford,Australia";1;113570
"Clarendon,Vermont";1;113571
"Drayton,RegnoUnito";1;113572
"Werribee,Australia";1;113573
"Duino,Italia";1;113574
"Kimpton,RegnoUnito";1;113575
"Bokeelia,Florida";1;113576
"Avondale,Arizona";1;113577
"Mizuho,Giappone";1;113578
"Argyle,Texas";1;113579
"Webster,NewYork";1;113580
"SansSouci,Australia";1;113581
"Hvammstangi,Islanda";1;113582
"Solola,Guatemala";1;113583
"MelrosePark,Illinois";1;113584
"Furore,Italia";1;113585
"ConneautLake,Pennsylvania";1;113586
"Dickerson,Maryland";1;113587
"Galloway,NewJersey";1;113588
"Bradenstoke,RegnoUnito";1;113589
"Greifensee,Svizzera";1;113590
"Bondues,Francia";1;113591
"Canterbury,Australia";1;113592
"Robilante,Italia";1;113593
"Cumberland,Maryland";1;113594
"Mareuil,Francia";1;113595
"DoverAirForceBase,Delaware";1;113596
"Judique,Canada";1;113597
"Neuville,Canada";1;113598
"Cangzhou,Cina";1;113599
"Aviemore,RegnoUnito";1;113600
"Izlake,Slovenia";1;113601
"Zhenjiang,Cina";1;113602
"Condon,Montana";1;113603
"SouthKalimantan,Indonesia";1;113604
"Glen";1;113605
"FonteNuova,Italia";1;113606
"Louin,Mississippi";1;113607
"Covington,Tennessee";1;113608
"Wapato,Washington";1;113609
"Caraman,Francia";1;113610
"Foulsham,RegnoUnito";1;113611
"Ventnor,Australia";1;113612
"Howard,Wisconsin";1;113613
"Hilton,Sudafrica";1;113614
"LittleCompton,RhodeIsland";1;113615
"Arlington,Vermont";1;113616
"Saint-Ismier,Francia";1;113617
"Stanfield,NorthCarolina";1;113618
"Orzens,Svizzera";1;113619
"Greystones,Irlanda";1;113620
"NorthLogan,Utah";1;113621
"Westport,NuovaZelanda";1;113622
"MapleCross,RegnoUnito";1;113623
"Chorley,RegnoUnito";1;113624
"Tortosa,Spagna";1;113625
"Albany,NewHampshire";1;113626
"Stanthorpe,Australia";1;113627
"Vigra,Norvegia";1;113628
"Ma'aganMichael,Israele";1;113629
"Indialantic,Florida";1;113630
"Yelden,RegnoUnito";1;113631
"S�lzetal,Germania";1;113632
"Cambridge-Narrows,Canada";1;113633
"Breaston,RegnoUnito";1;113634
"Eynsham,RegnoUnito";1;113635
"Greene,Maine";1;113636
"Vobarno,Italia";1;113637
"Fivehead,RegnoUnito";1;113638
"SantaMar�a,Cile";1;113639
"CantonGlarona,Svizzera";1;113640
"VernonHills,Illinois";1;113641
"Gulpen,PaesiBassi";1;113642
"BlackallsPark,Australia";1;113643
"Sicamous,Canada";1;113644
"Pedricktown,NewJersey";1;113645
"Rimouski,Canada";1;113646
"Flore?ti,Cluj,Romania";1;113647
"Videbaek,";1;113648
"Redbrook,RegnoUnito";1;113649
"Donnington,RegnoUnito";1;113650
"Galizia,Spagna";1;113651
"Casares,Spagna";1;113652
"Colgate,Wisconsin";1;113653
"SantaMargalida,Spagna";1;113654
"Woodruff,SouthCarolina";1;113655
"CorfeCastle,RegnoUnito";1;113656
"Punchbowl,Australia";1;113657
"Heeslingen,Germania";1;113658
"Jersbek,Germania";1;113659
"CountyMayo,Irlanda";1;113660
"Reutigen,Svizzera";1;113661
"Wienhausen,Germania";1;113662
"Retie,Belgio";1;113663
"Carlisle,Arkansas";1;113664
"CiniselloBalsamo,Italia";1;113665
"Oostzaan,PaesiBassi";1;113666
"Saugus,Massachusetts";1;113667
"Lakebay,Washington";1;113668
"Scottdale,Pennsylvania";1;113669
"Kitanakagusuku,Giappone";1;113670
"Bhubaneswar,India";1;113671
"Nev?ehir,Turchia";1;113672
"Imtarfa,Malta";1;113673
"BereFerrers,RegnoUnito";1;113674
"Dugny,Francia";1;113675
"Belv�sdeMonroy,Spagna";1;113676
"Rodenbach,Germania";1;113677
"Maxville,Montana";1;113678
"Wingham,Australia";1;113679
"Cham,Svizzera";1;113680
"Lanaken,Belgio";1;113681
"Peacehaven,RegnoUnito";1;113682
"Shirwell,RegnoUnito";1;113683
"Kamp-Lintfort,Germania";1;113684
"MountPleasant,Texas";1;113685
"Shippensburg,Pennsylvania";1;113686
"Tortola,IsoleVerginiBritanniche";1;113687
"Todd,NorthCarolina";1;113688
"Castleton,Virginia";1;113689
"Blaincourt-l�s-Pr�cy,Francia";1;113690
"Herzogenburg,Austria";1;113691
"Silao,Messico";1;113692
"Oxford,Connecticut";1;113693
"Os�yro,Norvegia";1;113694
"Durrington,RegnoUnito";1;113695
"IJlst,PaesiBassi";1;113696
"LosLunas,NewMexico";1;113697
"Nyk�ping,Svezia";1;113698
"Il-Mellie?a,Malta";1;113699
"Middletown,RegnoUnito";1;113700
"Lexington,Tennessee";1;113701
"Hampstead,Maryland";1;113702
"Vieux-Boucau-les-Bains,Francia";1;113703
"Donnini,Italia";1;113704
"Marne,Michigan";1;113705
"Busuanga,Filippine";1;113706
"Lemvig,";1;113707
"Kounice,RepubblicaCeca";1;113708
"BatangasCity,Filippine";1;113709
"Torell�,Spagna";1;113710
"Deggendorf,Germania";1;113711
"Rockland,Massachusetts";1;113712
"RadcliffeonTrent,RegnoUnito";1;113713
"Hartley,RegnoUnito";1;113714
"ParitRaja,Malesia";1;113715
"Montville,Ohio";1;113716
"Sos�a,RepubblicaDominicana";1;113717
"Oppenau,Germania";1;113718
"MountBethel,Pennsylvania";1;113719
"Jenner,California";1;113720
"Lanester,Francia";1;113721
"OldWindsor,RegnoUnito";1;113722
"IsoleCook";1;113723
"ChathamTownship,NewJersey";1;113724
"Lippstadt,Germania";1;113725
"Addison,Texas";1;113726
"Puurmani,Estonia";1;113727
"Grimsby,RegnoUnito";1;113728
"Houdan,Francia";1;113729
"ClarendonHills,Illinois";1;113730
"GovernatoratodiGiza,Egitto";1;113731
"Maharashtra,India";1;113732
"Magnarp,Svezia";1;113733
"Dulong,Australia";1;113734
"LeicesterForestEast,RegnoUnito";1;113735
"Mancos,Colorado";1;113736
"FranklinSquare,NewYork";1;113737
"EnglishHarbour,AntiguaeBarbuda";1;113738
"Montelibretti,Italia";1;113739
"Columbiaville,Michigan";1;113740
"Randers,";1;113741
"Mackenbach,Germania";1;113742
"CountyDonegal,Irlanda";1;113743
"Iida,Giappone";1;113744
"MermaidWaters,Australia";1;113745
"BoyupBrook,Australia";1;113746
"Perthville,Australia";1;113747
"Waldwick,NewJersey";1;113748
"Mulmur,Canada";1;113749
"NakhonRatchasima,Tailandia";1;113750
"Williamstown,WestVirginia";1;113751
"K�rle,Germania";1;113752
"Dunstable,Massachusetts";1;113753
"Laroque-de-Fa,Francia";1;113754
"ArorangiDistrict,IsoleCook";1;113755
"Ermatingen,Svizzera";1;113756
"Kumara,NuovaZelanda";1;113757
"Himeji,Giappone";1;113758
"Mormoiron,Francia";1;113759
"Newburgh,Indiana";1;113760
"NewProvidence,NewJersey";1;113761
"Harlingen,PaesiBassi";1;113762
"Olivebridge,NewYork";1;113763
"Chestertown,Maryland";1;113764
"Babraham,RegnoUnito";1;113765
"Scicli,Italia";1;113766
"Cor��,Spagna";1;113767
"Brione,Italia";1;113768
"Cherkassy,Ucraina";1;113769
"Parede,Portogallo";1;113770
"Oss,PaesiBassi";1;113771
"Seacrest,Florida";1;113772
"Rotherham,RegnoUnito";1;113773
"Gross-Umstadt,Germania";1;113774
"Saint-Gr�goire,Francia";1;113775
"Paraparaumu,NuovaZelanda";1;113776
"Corscombe,RegnoUnito";1;113777
"Hebron";1;113778
"SpringBranch,Texas";1;113779
"Fitzgibbon,Australia";1;113780
"SouthMilwaukee,Wisconsin";1;113781
"Delaplaine,Arkansas";1;113782
"Drumnadrochit,RegnoUnito";1;113783
"DistrettoFederale,Brasile";1;113784
"Boone,Iowa";1;113785
"Laruns,Francia";1;113786
"Husum,Germania";1;113787
"�nnestad,Svezia";1;113788
"Hagerstown,Maryland";1;113789
"IslandLake,Illinois";1;113790
"Vihti,Finlandia";1;113791
"Utting,Germania";1;113792
"Folkestone,RegnoUnito";1;113793
"MasonCity,Iowa";1;113794
"McKinnon,Australia";1;113795
"Inverurie,RegnoUnito";1;113796
"Salmon,Idaho";1;113797
"Vergennes,Vermont";1;113798
"Walkington,RegnoUnito";1;113799
"Bow,Washington";1;113800
"Mont-de-Marsan,Francia";1;113801
"Perkiomenville,Pennsylvania";1;113802
"Argostolion,Grecia";1;113803
"N�mbrecht,Germania";1;113804
"Choisy-le-Roi,Francia";1;113805
"Eemnes,PaesiBassi";1;113806
"TeresadeCofrentes,Spagna";1;113807
"Castelli,Italia";1;113808
"Amado,Arizona";1;113809
"Twisp,Washington";1;113810
"Bormio,Italia";1;113811
"Godfrey,Illinois";1;113812
"Saint-Germain-l�s-Corbeil,Francia";1;113813
"Oljato-MonumentValley,Utah";1;113814
"SturminsterNewton,RegnoUnito";1;113815
"DeWinton,Canada";1;113816
"Paradise,Canada";1;113817
"Salado,Texas";1;113818
"SaintGeorge,Maine";1;113819
"Neauphle-le-Vieux,Francia";1;113820
"NorthQueensferry,RegnoUnito";1;113821
"Lauderdale-by-the-Sea,Florida";1;113822
"Howell,NewJersey";1;113823
"Independence,Kentucky";1;113824
"Barcaldine,Australia";1;113825
"RunawayBay,Giamaica";1;113826
"VictoriaFalls,Zimbabwe";1;113827
"Westlock,Canada";1;113828
"Ampleforth,RegnoUnito";1;113829
"VilladeLeyva,Colombia";1;113830
"Plainfield,NewJersey";1;113831
"BallstonLake,NewYork";1;113832
"SaintJacob,Illinois";1;113833
"Hillside,Illinois";1;113834
"Quesnel,Canada";1;113835
"SantaFe,Argentina";1;113836
"Arapongas,Brasile";1;113837
"Sutton,Irlanda";1;113838
"Breuberg,Germania";1;113839
"Silsoe,RegnoUnito";1;113840
"YorkeysKnob,Australia";1;113841
"Yreka,California";1;113842
"Askam-in-Furness,RegnoUnito";1;113843
"EssexJunction,Vermont";1;113844
"CernuscosulNaviglio,Italia";1;113845
"Tjumen',Russia";1;113846
"Auray,Francia";1;113847
"Bunkeflostrand,Svezia";1;113848
"Bramber,RegnoUnito";1;113849
"Bogot�DistritoCapital,Colombia";1;113850
"Carrigatogher,Irlanda";1;113851
"Woodstock,Vermont";1;113852
"LowerPortland,Australia";1;113853
"Vertaizon,Francia";1;113854
"Montigny-l�s-Metz,Francia";1;113855
"Cheshunt,RegnoUnito";1;113856
"Temuco,Cile";1;113857
"Gablitz,Austria";1;113858
"Roadford,Irlanda";1;113859
"Pontoise,Francia";1;113860
"Westerlo,Belgio";1;113861
"Montvale,NewJersey";1;113862
"Montady,Francia";1;113863
"Madison,WestVirginia";1;113864
"Altmannstein,Germania";1;113865
"Pergola,Italia";1;113866
"Carson,Washington";1;113867
"Paris,Texas";1;113868
"Taneytown,Maryland";1;113869
"Harlington,RegnoUnito";1;113870
"Betz,Francia";1;113871
"SturgeonBay,Wisconsin";1;113872
"NoarlungaDowns,Australia";1;113873
"RamatYishai,Israele";1;113874
"Hamilton,Michigan";1;113875
"�hus,Svezia";1;113876
"Readsboro,Vermont";1;113877
"Swisher,Iowa";1;113878
"Tecumseh,Canada";1;113879
"Milbridge,Maine";1;113880
"Richhill,RegnoUnito";1;113881
"Henderson,Kentucky";1;113882
"TernoD'isola,Italia";1;113883
"Wettingen,Svizzera";1;113884
"D�li,TimorEst";1;113885
"LaPrairie,Canada";1;113886
"Genval,Belgio";1;113887
"SantAdri�deBes�s,Spagna";1;113888
"NarniScalo,Italia";1;113889
"Ponsacco,Italia";1;113890
"Barryville,NewYork";1;113891
"Ry,";1;113892
"Springville,Tennessee";1;113893
"Kirchen,Germania";1;113894
"Prescott,Wisconsin";1;113895
"Palomino,Colombia";1;113896
"Verbania,Italia";1;113897
"Wanzleben-B�rde,Germania";1;113898
"Sart�ne,Francia";1;113899
"Waynesville,Missouri";1;113900
"Wattrelos,Francia";1;113901
"Idanha,Oregon";1;113902
"Cinigiano,Italia";1;113903
"Maldon,RegnoUnito";1;113904
"Terrebonne,Canada";1;113905
"Tachikawa,Giappone";1;113906
"Edinburg,Texas";1;113907
"Yering,Australia";1;113908
"Breuna,Germania";1;113909
"Invermay,Australia";1;113910
"Letnitsa,Bulgaria";1;113911
"Boiceville,NewYork";1;113912
"Llawryglyn,RegnoUnito";1;113913
"Springfield,Tennessee";1;113914
"LesLilas,Francia";1;113915
"PortArthur,Texas";1;113916
"Ely,Iowa";1;113917
"Woodvale,Australia";1;113918
"LaceyTownship,NewJersey";1;113919
"Angeles,Filippine";1;113920
"RamsgateStreet,RegnoUnito";1;113921
"Baarle-Hertog,Belgio";1;113922
"Otis,Massachusetts";1;113923
"Rupanyup,Australia";1;113924
"Stow-on-the-Wold,RegnoUnito";1;113925
"Bolivar,Missouri";1;113926
"Luckey,Ohio";1;113927
"RegionePrimorje-GorskiKotar,Croazia";1;113928
"Ginsheim-Gustavsburg,Germania";1;113929
"Vreeland,PaesiBassi";1;113930
"LaHulpe,Belgio";1;113931
"Armada,Michigan";1;113932
"Altafulla,Spagna";1;113933
"Glenbrook,Nevada";1;113934
"Reigoldswil,Svizzera";1;113935
"LaCroisille-sur-Briance,Francia";1;113936
"WaggaWagga,Australia";1;113937
"Stanley,Idaho";1;113938
"Whitby,RegnoUnito";1;113939
"Puigcerd�,Spagna";1;113940
"N�rtingen,Germania";1;113941
"Amboise,Francia";1;113942
"Lint,Belgio";1;113943
"Slangerup,";1;113944
"Badalona,Spagna";1;113945
"Atticaregion,Grecia";1;113946
"Peja";1;113947
"Cerano,Italia";1;113948
"Greenhithe,RegnoUnito";1;113949
"Ardee,Irlanda";1;113950
"Barstow,California";1;113951
"EastKnoyle,RegnoUnito";1;113952
"Avelin,Francia";1;113953
"PonteVedra,Florida";1;113954
"Nitra,Slovacchia";1;113955
"Boxborough,Massachusetts";1;113956
"GiardiniNaxos,Italia";1;113957
"Waleska,Georgia";1;113958
"Corralitos,California";1;113959
"RioLinda,California";1;113960
"Steyning,RegnoUnito";1;113961
"Ma'alot-Tarshiha,Israele";1;113962
"O'Fallon,Illinois";1;113963
"Ahmadi,Kuwait";1;113964
"Schoonhoven,PaesiBassi";1;113965
"Bharatpur,Nepal";1;113966
"MonkeyMia,Australia";1;113967
"Kanchanaburi,Tailandia";1;113968
"AkaAka,NuovaZelanda";1;113969
"Ajman,EmiratiArabiUniti";1;113970
"SeekirchenamWallersee,Austria";1;113971
"Montefegatesi,Italia";1;113972
"Mora-Noret,Svezia";1;113973
"TempioPausania,Italia";1;113974
"Therwil,Svizzera";1;113975
"ColladoVillalba,Spagna";1;113976
"Burton,Michigan";1;113977
"R�oSegundo,CostaRica";1;113978
"Rockwell,NorthCarolina";1;113979
"Bansk��tiavnica,Slovacchia";1;113980
"Mentore,Ohio";1;113981
"Kohukohu,NuovaZelanda";1;113982
"Lochgilphead,RegnoUnito";1;113983
"Attainville,Francia";1;113984
"Hartford,Wisconsin";1;113985
"Delhi,NewYork";1;113986
"Westerham,RegnoUnito";1;113987
"Marienm�nster,Germania";1;113988
"�vrecy,Francia";1;113989
"Westchase,Florida";1;113990
"Cerro,Italia";1;113991
"Sonnenb�hl,Germania";1;113992
"Tandragee,RegnoUnito";1;113993
"Gatton,Australia";1;113994
"WinstonSalem,NorthCarolina";1;113995
"Rixheim,Francia";1;113996
"Thongsbridge,RegnoUnito";1;113997
"Edgewood,Maryland";1;113998
"Frogner,Norvegia";1;113999
"Jazan,ArabiaSaudita";1;114000
"SaintPeter,Minnesota";1;114001
"Hemingford,Nebraska";1;114002
"BenjaminRiver,Canada";1;114003
"Olongapo,Filippine";1;114004
"Mirecourt,Francia";1;114005
"Milvignes,Svizzera";1;114006
"Syracuse,Kansas";1;114007
"Kai,Giappone";1;114008
"Plesder,Francia";1;114009
"Castricum,PaesiBassi";1;114010
"Amagerbro,";1;114011
"MonaVale,Australia";1;114012
"Middleburg,Florida";1;114013
"EastIslip,NewYork";1;114014
"Kingsbridge,RegnoUnito";1;114015
"MountDora,Florida";1;114016
"Avane,Italia";1;114017
"Wingdale,NewYork";1;114018
"Rogaland,Norvegia";1;114019
"SiestaKey,Florida";1;114020
"Unalaska,Alaska";1;114021
"JurupaValley,California";1;114022
"Weesp,PaesiBassi";1;114023
"SanLuisTehuiloyocan,Messico";1;114024
"W�llstadt,Germania";1;114025
"Cameron,NorthCarolina";1;114026
"Loxley,RegnoUnito";1;114027
"Mountbellew,Irlanda";1;114028
"Denham,RegnoUnito";1;114029
"Condobolin,Australia";1;114030
"LaSeyne-sur-Mer,Francia";1;114031
"Saint-Symphorien-d'Ozon,Francia";1;114032
"Jiutepec,Messico";1;114033
"Kingsburgh,RegnoUnito";1;114034
"LincolnPark,Michigan";1;114035
"Rosburg,Washington";1;114036
"EastFarleigh,RegnoUnito";1;114037
"Seminole,Texas";1;114038
"Kylertown,Pennsylvania";1;114039
"Corinth,Grecia";1;114040
"HatchBeauchamp,RegnoUnito";1;114041
"Meise,Belgio";1;114042
"Paradise,Texas";1;114043
"PestCounty,Ungheria";1;114044
"Descalvado,Brasile";1;114045
"Vilassarde";1;114046
"Muriwai,NuovaZelanda";1;114047
"Cumberland,Canada";1;114048
"Castelnau-de-M�doc,Francia";1;114049
"Fondi,Italia";1;114050
"Lolo,Montana";1;114051
"J?b?,SudandelSud";1;114052
"GlenelgNorth,Australia";1;114053
"Bedwas,RegnoUnito";1;114054
"Dyce,RegnoUnito";1;114055
"Cranleigh,RegnoUnito";1;114056
"Guyton,Georgia";1;114057
"Caserta,Italia";1;114058
"OakPark,Michigan";1;114059
"Columbus,Montana";1;114060
"CliffsidePark,NewJersey";1;114061
"Elz,Germania";1;114062
"Adamantina,Brasile";1;114063
"McCordsville,Indiana";1;114064
"Beuzeville,Francia";1;114065
"Ozark,Arkansas";1;114066
"Libano,Kentucky";1;114067
"Edgewood,Kentucky";1;114068
"Caterham,RegnoUnito";1;114069
"Sylt,Germania";1;114070
"Batumi,Georgia";1;114071
"Gumi-si,CoreadelSud";1;114072
"Gairlochy,RegnoUnito";1;114073
"Lens,Francia";1;114074
"Arrecife,Spagna";1;114075
"Polliat,Francia";1;114076
"Grandview,Missouri";1;114077
"FioranoCanavese,Italia";1;114078
"RoseAsh,RegnoUnito";1;114079
"Kingsville,Texas";1;114080
"Bousignies-sur-Roc,Francia";1;114081
"Tubala,Estonia";1;114082
"Porto-Vecchio,Francia";1;114083
"Kirn,Germania";1;114084
"Cunettone-villa,Italia";1;114085
"Potsdam,NewYork";1;114086
"Pukalani,Hawaii";1;114087
"SalterPoint,Australia";1;114088
"FortEdward,NewYork";1;114089
"Claverack-RedMills,NewYork";1;114090
"Westwego,Louisiana";1;114091
"Earlsboro,Oklahoma";1;114092
"MeningieEast,Australia";1;114093
"Meyrin,Svizzera";1;114094
"LakeHallie,Wisconsin";1;114095
"�rebroCounty,Svezia";1;114096
"Unionville,NewYork";1;114097
"Schierensee,Germania";1;114098
"Joensuu,Finlandia";1;114099
"Hillegom,PaesiBassi";1;114100
"Durango,Messico";1;114101
"Steenwerck,Francia";1;114102
"AllStretton,RegnoUnito";1;114103
"Binic,Francia";1;114104
"Durban-Corbi�res,Francia";1;114105
"Hubbardston,Massachusetts";1;114106
"WesleyChapel,Florida";1;114107
"Bellwald,Svizzera";1;114108
"Dumaguete,Filippine";1;114109
"Belleville,Wisconsin";1;114110
"WestEnd,Honduras";1;114111
"SanPedrodelaPaz,Cile";1;114112
"NorthSomercotes,RegnoUnito";1;114113
"Vesel�nadMoravou,RepubblicaCeca";1;114114
"SaintMargaretsBay,RegnoUnito";1;114115
"Hagley,RegnoUnito";1;114116
"Wyckoff,NewJersey";1;114117
"Elimbah,Australia";1;114118
"Preston,Idaho";1;114119
"Liberty,NewYork";1;114120
"Whitwell,Tennessee";1;114121
"Hoddesdon,RegnoUnito";1;114122
"VianadoCastelo,Portogallo";1;114123
"Bugbrooke,RegnoUnito";1;114124
"Larne,RegnoUnito";1;114125
"Dural,Australia";1;114126
"Shahar,Israele";1;114127
"Oosternijkerk,PaesiBassi";1;114128
"Llers,Spagna";1;114129
"AlexanderHeights,Australia";1;114130
"Alvin,Texas";1;114131
"Leeste,Germania";1;114132
"Valemount,Canada";1;114133
"Edingen-Neckarhausen,Germania";1;114134
"Haven,Kansas";1;114135
"LittleLever,RegnoUnito";1;114136
"HammondsPlains,Canada";1;114137
"Wisbech,RegnoUnito";1;114138
"Dutton,Virginia";1;114139
"LePailly,Francia";1;114140
"Paulton,RegnoUnito";1;114141
"MountSinai,NewYork";1;114142
"LosAltosHills,California";1;114143
"Fleury-les-Aubrais,Francia";1;114144
"MtProspect,Illinois";1;114145
"Ermington,Australia";1;114146
"Otley,RegnoUnito";1;114147
"Swallowcliffe,RegnoUnito";1;114148
"Hoyland,RegnoUnito";1;114149
"Northfield,Vermont";1;114150
"Brockville,Canada";1;114151
"MountHoreb,Wisconsin";1;114152
"Kimberley,Canada";1;114153
"Gurmels,Svizzera";1;114154
"Kingsville,Australia";1;114155
"Steventon,RegnoUnito";1;114156
"WellingtonPoint,Australia";1;114157
"�tables-sur-Mer,Francia";1;114158
"Sutton-in-Craven,RegnoUnito";1;114159
"L'Isle-Adam,Francia";1;114160
"Rush,Colorado";1;114161
"Sesimbra,Portogallo";1;114162
"SparrowBush,NewYork";1;114163
"Walpole,Massachusetts";1;114164
"Dorking,RegnoUnito";1;114165
"Vaugneray,Francia";1;114166
"Ada,Ohio";1;114167
"Effingham,NewHampshire";1;114168
"Socorro,NewMexico";1;114169
"Matar�,Spagna";1;114170
"Rokewood,Australia";1;114171
"Reichersbeuern,Germania";1;114172
"Andorra";1;114173
"Ashfield,Massachusetts";1;114174
"Mead,Washington";1;114175
"Woodstown,NewJersey";1;114176
"L�ry,Francia";1;114177
"WestChester,Ohio";1;114178
"Dursley,RegnoUnito";1;114179
"LaGarde,Francia";1;114180
"Kronberg,Germania";1;114181
"Essex,Maryland";1;114182
"LakeCavanaugh,Washington";1;114183
"SanPedrodePo�s,CostaRica";1;114184
"Myrskyl�,Finlandia";1;114185
"Jining,Cina";1;114186
"Litchfield,Connecticut";1;114187
"Brooklyn,NuovaZelanda";1;114188
"Sheringham,RegnoUnito";1;114189
"PortSaintJoe,Florida";1;114190
"Hastings,Nebraska";1;114191
"GreatMills,Maryland";1;114192
"GlenMills,Pennsylvania";1;114193
"PortCanaveral,Florida";1;114194
"MapleGrove,Minnesota";1;114195
"Kiora,Australia";1;114196
"BealeAirForceBase,California";1;114197
"J�nk�pingsl�n,Svezia";1;114198
"Pisino,Croazia";1;114199
"Villars-sur-Gl�ne,Svizzera";1;114200
"Amelia,Ohio";1;114201
"Monastir,Tunisia";1;114202
"Thorndike,Maine";1;114203
"Oaklyn,NewJersey";1;114204
"BayHead,NewJersey";1;114205
"Milford,Delaware";1;114206
"Cheddar,RegnoUnito";1;114207
"Murray,Utah";1;114208
"Boisset-et-Gaujac,Francia";1;114209
"Wirksworth,RegnoUnito";1;114210
"PoriaIllit,Israele";1;114211
"Carshalton,RegnoUnito";1;114212
"Diyarbak?r,Turchia";1;114213
"NuovoBrunswick,Canada";1;114214
"Bechstedtstra�,Germania";1;114215
"PortOrford,Oregon";1;114216
"W�schenbeuren,Germania";1;114217
"Zillah,Washington";1;114218
"Niles,Ohio";1;114219
"Boonton,NewJersey";1;114220
"MountVictoria,Australia";1;114221
"Buffalo,Missouri";1;114222
"SaintGeorges,Delaware";1;114223
"Fellbach,Germania";1;114224
"Holland-on-Sea,RegnoUnito";1;114225
"Cairneyhill,RegnoUnito";1;114226
"Ridgeley,WestVirginia";1;114227
"Matlock,RegnoUnito";1;114228
"Summerside,Canada";1;114229
"Courtice,Canada";1;114230
"Mak�wPodhala?ski,Polonia";1;114231
"BayPoint,California";1;114232
"Stroudsburg,Pennsylvania";1;114233
"Beasain,Spagna";1;114234
"Twijzel,PaesiBassi";1;114235
"Navarre,Spagna";1;114236
"Edgewood,NewMexico";1;114237
"Mayence,Germania";1;114238
"Vinkovci,Croazia";1;114239
"ShelburneFalls,Massachusetts";1;114240
"Sumner,Washington";1;114241
"Alezio,Italia";1;114242
"Keenagh,Irlanda";1;114243
"OakCreek,Wisconsin";1;114244
"Ottumwa,Iowa";1;114245
"Kirkel,Germania";1;114246
"M�ncoraDistrict,Per�";1;114247
"OcontoFalls,Wisconsin";1;114248
"Salisbury,Australia";1;114249
"ColoniaDepartment,Uruguay";1;114250
"WestEnd,RegnoUnito";1;114251
"Coppull,RegnoUnito";1;114252
"Faygate,RegnoUnito";1;114253
"Kasson,Minnesota";1;114254
"MilliganCollege,Tennessee";1;114255
"SecretHarbour,Australia";1;114256
"Reutte,Austria";1;114257
"ShotleyGate,RegnoUnito";1;114258
"Troon,RegnoUnito";1;114259
"WestIslip,NewYork";1;114260
"CerroGordo,NorthCarolina";1;114261
"Touchet,Washington";1;114262
"Germantown,NewYork";1;114263
"SouthCoventry,Connecticut";1;114264
"Covington,Georgia";1;114265
"Nuku'alofa,Tonga";1;114266
"Ettlingen,Germania";1;114267
"HolmburySaintMary,RegnoUnito";1;114268
"Kalaheo,Hawaii";1;114269
"Bouzar�ah,Algeria";1;114270
"PoggioGherardo,Italia";1;114271
"Clonee,Irlanda";1;114272
"Epping,NewHampshire";1;114273
"Neuried,Germania";1;114274
"Eglisau,Svizzera";1;114275
"Pensarn,RegnoUnito";1;114276
"Rhosllanerchrugog,RegnoUnito";1;114277
"PriorLake,Minnesota";1;114278
"Shisui,Giappone";1;114279
"Cornafean,Irlanda";1;114280
"Newmarket,RegnoUnito";1;114281
"Mek'ele,Etiopia";1;114282
"Livingston,NewYork";1;114283
"Forest,Belgio";1;114284
"Keswick,RegnoUnito";1;114285
"Lodi,Italia";1;114286
"Riverside,NewJersey";1;114287
"Bispham,RegnoUnito";1;114288
"Welzheim,Germania";1;114289
"Vadodara,India";1;114290
"Chaiyaphum,Tailandia";1;114291
"Ch�tel,Francia";1;114292
"GreatBaddow,RegnoUnito";1;114293
"Sichuan,Cina";1;114294
"Zevio,Italia";1;114295
"BishopMonkton,RegnoUnito";1;114296
"LeThor,Francia";1;114297
"SanMicheleInBosco,Italia";1;114298
"Innaloo,Australia";1;114299
"Katikati,NuovaZelanda";1;114300
"Topsfield,Massachusetts";1;114301
"Roseau,Dominica";1;114302
"Sumy,Ucraina";1;114303
"Katonah,NewYork";1;114304
"FallCity,Washington";1;114305
"Barmstedt,Germania";1;114306
"EastLongmeadow,Massachusetts";1;114307
"Lorain,Ohio";1;114308
"Silverhill,Alabama";1;114309
"Fujian,Cina";1;114310
"Prishtina";1;114311
"Skelton-in-Cleveland,RegnoUnito";1;114312
"Westmeadows,Australia";1;114313
"PinedadeMar,Spagna";1;114314
"Vicksburg,Mississippi";1;114315
"Amstetten,Austria";1;114316
"ZielonaGora,Polonia";1;114317
"Rivi�re-Beaudette,Canada";1;114318
"Kirton,RegnoUnito";1;114319
"Auzielle,Francia";1;114320
"NaniwaWard,Giappone";1;114321
"Chaah,Malesia";1;114322
"UnionCity,Georgia";1;114323
"GraniteFalls,Washington";1;114324
"Mont-Saint-Guibert,Belgio";1;114325
"Gudensberg,Germania";1;114326
"Canaan,NewHampshire";1;114327
"Dudenhofen,Germania";1;114328
"Zuidbroek,PaesiBassi";1;114329
"Cheseaux-Nor�az,Svizzera";1;114330
"WallTownship,NewJersey";1;114331
"Bovina,Texas";1;114332
"Freienbach,Svizzera";1;114333
"Grafing,Germania";1;114334
"Kecskem�t,Ungheria";1;114335
"Herdecke,Germania";1;114336
"Heathcote,Australia";1;114337
"AlHofuf,ArabiaSaudita";1;114338
"Nixon,Texas";1;114339
"Dugald,Canada";1;114340
"Ciechanow,Polonia";1;114341
"L'�le-Saint-Denis,Francia";1;114342
"Verviers,Belgio";1;114343
"Bedford,Canada";1;114344
"Cs�m�r,Ungheria";1;114345
"CharnecadeCaparica,Portogallo";1;114346
"UpperArlington,Ohio";1;114347
"Crofton,Nebraska";1;114348
"Prades,Francia";1;114349
"Sabaudia,Italia";1;114350
"Blakesley,RegnoUnito";1;114351
"Woodlyn,Pennsylvania";1;114352
"Tieri,Australia";1;114353
"Mitilini,Grecia";1;114354
"Riihim�ki,Finlandia";1;114355
"Ojochal,CostaRica";1;114356
"Hermiston,Oregon";1;114357
"Gelterkinden,Svizzera";1;114358
"Yogyakarta,Indonesia";1;114359
"�kofjaLoka,Slovenia";1;114360
"Effingham,Illinois";1;114361
"L�dinghausen,Germania";1;114362
"MottadiLivenza,Italia";1;114363
"Thurnby,RegnoUnito";1;114364
"Lyons,Nebraska";1;114365
"BeechIsland,SouthCarolina";1;114366
"Orzola,Spagna";1;114367
"Stradbally,Irlanda";1;114368
"Bassingbourn,RegnoUnito";1;114369
"Meerssen,PaesiBassi";1;114370
"Bradenham,RegnoUnito";1;114371
"CentralCity,Kentucky";1;114372
"RichmondHill,Georgia";1;114373
"SouthWharf,Australia";1;114374
"Ponferrada,Spagna";1;114375
"Tavares,Florida";1;114376
"Fulbourn,RegnoUnito";1;114377
"Putanges-Pont-�crepin,Francia";1;114378
"Caspar,California";1;114379
"Raphine,Virginia";1;114380
"Vaucluse,Australia";1;114381
"Eijsden,PaesiBassi";1;114382
"Worksop,RegnoUnito";1;114383
"Chasseneuil-du-Poitou,Francia";1;114384
"Independence,Kansas";1;114385
"AspenHill,Maryland";1;114386
"OakPark,California";1;114387
"Heverlee,Belgio";1;114388
"Marcham,RegnoUnito";1;114389
"BreakfastPoint,Australia";1;114390
"Ringgenberg,Svizzera";1;114391
"SeasideHeights,NewJersey";1;114392
"Saint-P�re-en-Retz,Francia";1;114393
"Stirling,Australia";1;114394
"Mtunzini,Sudafrica";1;114395
"Bullaburra,Australia";1;114396
"Alexandria,Egitto";1;114397
"Longridge,RegnoUnito";1;114398
"MountProspect,Illinois";1;114399
"FreixodeNum�o,Portogallo";1;114400
"Carine,Australia";1;114401
"Borchen,Germania";1;114402
"BeinwilamSee,Svizzera";1;114403
"Saint-Orens-de-Gameville,Francia";1;114404
"PortofMenteith,RegnoUnito";1;114405
"Shalford,RegnoUnito";1;114406
"King'sSomborne,RegnoUnito";1;114407
"CavaionVeronese,Italia";1;114408
"Broadstone,RegnoUnito";1;114409
"Portstewart,RegnoUnito";1;114410
"Spoleto,Italia";1;114411
"DeSoto,Texas";1;114412
"Mayenne,Francia";1;114413
"Whithorn,RegnoUnito";1;114414
"Eltville,Germania";1;114415
"Aztec,NewMexico";1;114416
"Hella,Islanda";1;114417
"BeulahValley,Colorado";1;114418
"Hjortsh�j,";1;114419
"Hutchinson,Minnesota";1;114420
"Meyssac,Francia";1;114421
"�ngelsb�cksstrand,Svezia";1;114422
"LambtonShores,Canada";1;114423
"Augusta,Italia";1;114424
"PawPaw,Michigan";1;114425
"Brownsville,Oregon";1;114426
"Ladce,Slovacchia";1;114427
"Rangeville,Australia";1;114428
"Sale,Australia";1;114429
"Painswick,RegnoUnito";1;114430
"Gravenhurst,Canada";1;114431
"Jesenice,Slovenia";1;114432
"Prost?jov,RepubblicaCeca";1;114433
"Valtice,RepubblicaCeca";1;114434
"Bottesford,RegnoUnito";1;114435
"Hohenstein-Ernstthal,Germania";1;114436
"Juran�on,Francia";1;114437
"Bosques,Argentina";1;114438
"RomneyMarsh,RegnoUnito";1;114439
"Holetown,Barbados";1;114440
"Maulbronn,Germania";1;114441
"Torbay,Canada";1;114442
"BadSooden-Allendorf,Germania";1;114443
"K?ty,Polonia";1;114444
"GeneralViejo,CostaRica";1;114445
"HainesCity,Florida";1;114446
"LakeCathie,Australia";1;114447
"Glenorie,Australia";1;114448
"Stantonbury,RegnoUnito";1;114449
"ViladoBispo,Portogallo";1;114450
"SanBartolomeo";1;114451
"SouthBerwick,Maine";1;114452
"Adlestrop,RegnoUnito";1;114453
"Addingham,RegnoUnito";1;114454
"BurnsLake,Canada";1;114455
"Cuautitl�n,Messico";1;114456
"Rignanosull'Arno,Italia";1;114457
"SherfieldonLoddon,RegnoUnito";1;114458
"SuphanBuri,Tailandia";1;114459
"Barboursville,Virginia";1;114460
"Cirebon,Indonesia";1;114461
"Mungyeong-si,CoreadelSud";1;114462
"Naalehu,Hawaii";1;114463
"Bluewater,Canada";1;114464
"Farmington,Missouri";1;114465
"Salaspils,Lettonia";1;114466
"Beuvry-la-For�t,Francia";1;114467
"Baku,Azerbaigian";1;114468
"Parachute,Colorado";1;114469
"Mansfield,RegnoUnito";1;114470
"Bethlehem,Georgia";1;114471
"Inverness,Illinois";1;114472
"JimThorpe,Pennsylvania";1;114473
"Dixon,Montana";1;114474
"Wahiaw?,Hawaii";1;114475
"Carpi,Italia";1;114476
"Pocklington,RegnoUnito";1;114477
"Milford,Canada";1;114478
"Macomb,Illinois";1;114479
"TakatsuWard,Giappone";1;114480
"Appomattox,Virginia";1;114481
"CapelSaintMary,RegnoUnito";1;114482
"Bellingham,Massachusetts";1;114483
"MedfordLakes,NewJersey";1;114484
"Thornton,NewHampshire";1;114485
"SaintAlbansPark,Australia";1;114486
"�berlingen,Germania";1;114487
"Glover,Vermont";1;114488
"Vaucresson,Francia";1;114489
"Carefree,Arizona";1;114490
"LakeGrove,NewYork";1;114491
"Durr�s,Albania";1;114492
"Kaslo,Canada";1;114493
"NorthHobart,Australia";1;114494
"Kemptville,Canada";1;114495
"Warragul,Australia";1;114496
"ReserveCreek,Australia";1;114497
"LowerKingswood,RegnoUnito";1;114498
"Wixom,Michigan";1;114499
"Trinity,Jersey";1;114500
"Sand,Norvegia";1;114501
"Hebburn,RegnoUnito";1;114502
"L�bod,Ungheria";1;114503
"Rednal,RegnoUnito";1;114504
"Ballinskelligs,Irlanda";1;114505
"Westford,Vermont";1;114506
"CamdenTown,RegnoUnito";1;114507
"Helensvale,Australia";1;114508
"Pearcedale,Australia";1;114509
"Alberton,Sudafrica";1;114510
"Pickering,RegnoUnito";1;114511
"Yackandandah,Australia";1;114512
"KangarooFlat,Australia";1;114513
"MaidaVale,Australia";1;114514
"Betanzos,Spagna";1;114515
"NorthWahroonga,Australia";1;114516
"Entroncamento,Portogallo";1;114517
"Teignmouth,RegnoUnito";1;114518
"Parma,Ohio";1;114519
"Selkirk,RegnoUnito";1;114520
"Sainte-Julie,Canada";1;114521
"Bundagen,Australia";1;114522
"Kahnawake,Canada";1;114523
"Leningradskayaoblast,Russia";1;114524
"GrootBrakrivier,Sudafrica";1;114525
"Southwold,RegnoUnito";1;114526
"Gungahlin,Australia";1;114527
"Torzhok,Russia";1;114528
"Welshpool,Canada";1;114529
"MusgraveHarbour,Canada";1;114530
"Borgund,Norvegia";1;114531
"WeeleyHeath,RegnoUnito";1;114532
"Musselburgh,RegnoUnito";1;114533
"Nocona,Texas";1;114534
"Eski?ehir,Turchia";1;114535
"�ilut?,Lituania";1;114536
"Oxted,RegnoUnito";1;114537
"RockyMount,Virginia";1;114538
"CampoGrande,Brasile";1;114539
"Manger,Norvegia";1;114540
"Mullingar,Irlanda";1;114541
"Sorrento,Canada";1;114542
"GardoneRiviera,Italia";1;114543
"Santarem,Portogallo";1;114544
"Kaanapali,Hawaii";1;114545
"Homosassa,Florida";1;114546
"Boullay-les-Troux,Francia";1;114547
"KutnaHora,RepubblicaCeca";1;114548
"SanktPeter-Ording,Germania";1;114549
"Kilimanjaro,Tanzania";1;114550
"HollandPark,Australia";1;114551
"Bryant,Arkansas";1;114552
"ChesterfieldTownship,NewJersey";1;114553
"BromptononSwale,RegnoUnito";1;114554
"Paracambi,Brasile";1;114555
"Nogales,Arizona";1;114556
"Cooroy,Australia";1;114557
"Basiglio,Italia";1;114558
"BlackRiverFalls,Wisconsin";1;114559
"Tyldesley,RegnoUnito";1;114560
"Tsiigehtchic,Canada";1;114561
"Ronnenberg,Germania";1;114562
"Litchfield,Minnesota";1;114563
"Uhldingen-M�hlhofen,Germania";1;114564
"Brackley,RegnoUnito";1;114565
"Granby,Massachusetts";1;114566
"Frodsham,RegnoUnito";1;114567
"Kampenhout,Belgio";1;114568
"Saar,Bahrein";1;114569
"Northbridge,Massachusetts";1;114570
"Cholsey,RegnoUnito";1;114571
"Magnolia,Ohio";1;114572
"Botkyrka,Svezia";1;114573
"Overath,Germania";1;114574
"Freeport,NewYork";1;114575
"WestPoint,Utah";1;114576
"Horsmonden,RegnoUnito";1;114577
"Antananarivo,Madagascar";1;114578
"Idmiston,RegnoUnito";1;114579
"Myslenice,Polonia";1;114580
"CapitalTerritory,IsoleSolomon";1;114581
"SaugeenShores,Canada";1;114582
"Wilburton,RegnoUnito";1;114583
"M�rfelden-Walldorf,Germania";1;114584
"Nowthen,Minnesota";1;114585
"Herkenbosch,PaesiBassi";1;114586
"Saint-Germain-des-Bois,Francia";1;114587
"Garbsen,Germania";1;114588
"GouvernoratdeTunis,Tunisia";1;114589
"Aylesbeare,RegnoUnito";1;114590
"ChippingSodbury,RegnoUnito";1;114591
"Abergele,RegnoUnito";1;114592
"Gelnhausen,Germania";1;114593
"Tempe,Australia";1;114594
"Iurreta,Spagna";1;114595
"Saint-Florent,Francia";1;114596
"Lancaster,Texas";1;114597
"Lini�re,Canada";1;114598
"Branchville,NewJersey";1;114599
"Bayfield,Canada";1;114600
"Hughes,Australia";1;114601
"Cottondale,Alabama";1;114602
"Ladysmith,Canada";1;114603
"D�ttingen,Svizzera";1;114604
"Streetsboro,Ohio";1;114605
"Ghiffa,Italia";1;114606
"GrandBaie,Mauritius";1;114607
"Buncrana,Irlanda";1;114608
"Livingston,RegnoUnito";1;114609
"WestRainton,RegnoUnito";1;114610
"�t?p�nkovice,RepubblicaCeca";1;114611
"MiddleTownship,NewJersey";1;114612
"MoglianoVeneto,Italia";1;114613
"PattersonLakes,Australia";1;114614
"Heyshott,RegnoUnito";1;114615
"Franklin,Pennsylvania";1;114616
"BerkeleySprings,WestVirginia";1;114617
"Cessnock,Australia";1;114618
"S�oJos�,Brasile";1;114619
"Banyalbufar,Spagna";1;114620
"NorthLittleRock,Arkansas";1;114621
"KennethCity,Florida";1;114622
"Ngorongoro,Tanzania";1;114623
"Upchurch,RegnoUnito";1;114624
"Cernobbio,Italia";1;114625
"PrefetturadiFukuoka,Giappone";1;114626
"Essendon,RegnoUnito";1;114627
"Berthoud,Colorado";1;114628
"SharonCenter,Ohio";1;114629
"Maysville,Kentucky";1;114630
"Deniliquin,Australia";1;114631
"Farmingdale,Maine";1;114632
"Windale,Australia";1;114633
"RegentsPark,Australia";1;114634
"Saint-Romain-la-Motte,Francia";1;114635
"Gresford,RegnoUnito";1;114636
"Winnenden,Germania";1;114637
"Vaud,Svizzera";1;114638
"Yelverton,RegnoUnito";1;114639
"Saku,Estonia";1;114640
"Snellville,Georgia";1;114641
"PinellasPark,Florida";1;114642
"Larochette,Lussemburgo";1;114643
"Kunice,RepubblicaCeca";1;114644
"Gr�venwiesbach,Germania";1;114645
"Higashiyoshino,Giappone";1;114646
"Temerloh,Malesia";1;114647
"Pontivy,Francia";1;114648
"GymeaBay,Australia";1;114649
"Gore,NuovaZelanda";1;114650
"Buxtehude,Germania";1;114651
"Boncath,RegnoUnito";1;114652
"Rijnsburg,PaesiBassi";1;114653
"Hitzkirch,Svizzera";1;114654
"Queensbury,RegnoUnito";1;114655
"Bainbridge,Ohio";1;114656
"Lachendorf,Germania";1;114657
"LeCh�telet-en-Brie,Francia";1;114658
"Blandford,Massachusetts";1;114659
"FranciscoMoraz�nDepartment,Honduras";1;114660
"Melilla,Spagna";1;114661
"Eygui�res,Francia";1;114662
"Russell,Canada";1;114663
"QuartzHill,California";1;114664
"Warmenhuizen,PaesiBassi";1;114665
"Mooroolbark,Australia";1;114666
"Larkollen,Norvegia";1;114667
"Bollendorf,Germania";1;114668
"FireIsland,NewYork";1;114669
"Bettona,Italia";1;114670
"Media?,Romania";1;114671
"Lawson,Australia";1;114672
"SarisburyGreen,RegnoUnito";1;114673
"SpringCity,Pennsylvania";1;114674
"Bottineau,North";1;114675
"Encantado,Brasile";1;114676
"Breny,Francia";1;114677
"Ja�n,Spagna";1;114678
"Moissac,Francia";1;114679
"Moraira,Spagna";1;114680
"Kerpen,Germania";1;114681
"Imperial,Missouri";1;114682
"Weinfelden,Svizzera";1;114683
"Rosneath,RegnoUnito";1;114684
"Madera,California";1;114685
"LittleMountain,Australia";1;114686
"Tendo,Giappone";1;114687
"CentralLuzon,Filippine";1;114688
"Silverdale,Australia";1;114689
"Radomsko,Polonia";1;114690
"Boyle,Irlanda";1;114691
"Attimis,Italia";1;114692
"SanGiovanniinPersiceto,Italia";1;114693
"Plympton,Massachusetts";1;114694
"Vysok�Tatry,Slovacchia";1;114695
"Cumnor,RegnoUnito";1;114696
"Cosby,RegnoUnito";1;114697
"Lockton,RegnoUnito";1;114698
"Drouwen,PaesiBassi";1;114699
"Elrick,RegnoUnito";1;114700
"Coedpoeth,RegnoUnito";1;114701
"Hillsborough,RegnoUnito";1;114702
"Reichenau,Germania";1;114703
"Harrowsmith,Canada";1;114704
"VilaFrancaDoCampo,Portogallo";1;114705
"Merchantville,NewJersey";1;114706
"CaulfieldSouth,Australia";1;114707
"Pockau-Lengefeld,Germania";1;114708
"Sidari,Grecia";1;114709
"S�dert�lje,Svezia";1;114710
"SanSebastiandelosReyes,Spagna";1;114711
"Colonie,NewYork";1;114712
"McGrath,Alaska";1;114713
"Bixby,Oklahoma";1;114714
"Matamata,NuovaZelanda";1;114715
"Hobart,Indiana";1;114716
"OldErowalBay,Australia";1;114717
"WangenimAllg�u,Germania";1;114718
"CrystalRiver,Florida";1;114719
"Kirriemuir,RegnoUnito";1;114720
"Altavista,Virginia";1;114721
"Hampstead,NorthCarolina";1;114722
"Charenton-le-Pont,Francia";1;114723
"CenterMoriches,NewYork";1;114724
"H�ricy,Francia";1;114725
"Huntington,RegnoUnito";1;114726
"Tor�,Spagna";1;114727
"HercegNovi,Montenegro";1;114728
"Wichtrach,Svizzera";1;114729
"Six-Fours-les-Plages,Francia";1;114730
"Prilep,Macedonia";1;114731
"Pennellville,NewYork";1;114732
"Broni,Italia";1;114733
"Bussy-Saint-Georges,Francia";1;114734
"Witchampton,RegnoUnito";1;114735
"AstonjuxtaMondrum,RegnoUnito";1;114736
"GlassHouseMountains,Australia";1;114737
"Buchanan,Michigan";1;114738
"Modautal,Germania";1;114739
"Kempston,RegnoUnito";1;114740
"Nablus";1;114741
"Craster,RegnoUnito";1;114742
"Unteregg,Germania";1;114743
"ThorpeEnd,RegnoUnito";1;114744
"Fexhe-le-Haut-Clocher,Belgio";1;114745
"Ickenham,RegnoUnito";1;114746
"Northborough,Massachusetts";1;114747
"Gosn�,Francia";1;114748
"Elberta,Alabama";1;114749
"Schelluinen,PaesiBassi";1;114750
"Albion,Michigan";1;114751
"Livingston,Tennessee";1;114752
"Holderness,NewHampshire";1;114753
"Wivenhoe,RegnoUnito";1;114754
"Stanway,RegnoUnito";1;114755
"LesPennes-Mirabeau,Francia";1;114756
"Mattaincourt,Francia";1;114757
"SanMarino";1;114758
"LaRoche-sur-Foron,Francia";1;114759
"Rotselaar,Belgio";1;114760
"Jefferson,Georgia";1;114761
"Aguanga,California";1;114762
"ElSalvador";1;114763
"Chipley,Florida";1;114764
"LesEscaldes,Andorra";1;114765
"Orivesi,Finlandia";1;114766
"Wilton,RegnoUnito";1;114767
"Greenville,Alabama";1;114768
"Waimanalo,Hawaii";1;114769
"LaBelle,Canada";1;114770
"Abtswind,Germania";1;114771
"Tatsuno,Giappone";1;114772
"Rockvale,Tennessee";1;114773
"V�rzeadeMeruge,Portogallo";1;114774
"Monkstown,Irlanda";1;114775
"Marnoz,Francia";1;114776
"Fukui,Giappone";1;114777
"SnowCamp,NorthCarolina";1;114778
"Wingerworth,RegnoUnito";1;114779
"SnowHill,Maryland";1;114780
"Whitsett,NorthCarolina";1;114781
"Ruffs";1;114782
"Koror,Palau";1;114783
"Leffinge,Belgio";1;114784
"Talagante,Cile";1;114785
"Th�rnen,Svizzera";1;114786
"Oelde,Germania";1;114787
"Twynholm,RegnoUnito";1;114788
"Dundonald,RegnoUnito";1;114789
"Amburgo,NewJersey";1;114790
"Barford,RegnoUnito";1;114791
"Freeport,Michigan";1;114792
"Bedford,Virginia";1;114793
"Thornton,RegnoUnito";1;114794
"Limay,Francia";1;114795
"Ovada,Italia";1;114796
"Ish�j,";1;114797
"Wenzhou,Cina";1;114798
"Bouton,Iowa";1;114799
"Bucuresti,Romania";1;114800
"Wheeling,WestVirginia";1;114801
"Linda-a-Velha,Portogallo";1;114802
"BocasdelToroDistrict,Panama";1;114803
"M�stoles,Spagna";1;114804
"Leeds,Alabama";1;114805
"AltonaMeadows,Australia";1;114806
"ParkHills,Kentucky";1;114807
"Troy,Missouri";1;114808
"Castanheira,Portogallo";1;114809
"Lagny-sur-Marne,Francia";1;114810
"Kildalkey,Irlanda";1;114811
"SanGiulianoMilanese,Italia";1;114812
"Tolland,Connecticut";1;114813
"McDonald,Pennsylvania";1;114814
"Thixendale,RegnoUnito";1;114815
"Macquarie,Australia";1;114816
"Narborough,RegnoUnito";1;114817
"DeBilt,PaesiBassi";1;114818
"Huntertown,Indiana";1;114819
"Richmondville,NewYork";1;114820
"UptonuponSevern,RegnoUnito";1;114821
"Thun,Svizzera";1;114822
"WhitleyBay,RegnoUnito";1;114823
"Lelekovice,RepubblicaCeca";1;114824
"R�union";1;114825
"Monymusk,RegnoUnito";1;114826
"Yeruham,Israele";1;114827
"Roga�kaSlatina,Slovenia";1;114828
"Doolin,Irlanda";1;114829
"Urbino,Italia";1;114830
"Lahti,Finlandia";1;114831
"Schweinfurt,Germania";1;114832
"Languedoc-Roussillon-Midi-Pyr�n�es,Francia";1;114833
"Piermont,NewYork";1;114834
"Borgarnes,Islanda";1;114835
"Merrickville-Wolford,Canada";1;114836
"TwinBridges,California";1;114837
"Fleetwood,Pennsylvania";1;114838
"Roxbury,NewYork";1;114839
"Parap,Australia";1;114840
"Almelo,PaesiBassi";1;114841
"Oberg�sgen,Svizzera";1;114842
"Nikenbah,Australia";1;114843
"Andoversford,RegnoUnito";1;114844
"Arad,Israele";1;114845
"Pleven,Bulgaria";1;114846
"Whati,Canada";1;114847
"Biddeford,Maine";1;114848
"BroughtonAstley,RegnoUnito";1;114849
"MarcoIsland,Florida";1;114850
"Lewistown,Montana";1;114851
"Laneuveville-devant-Nancy,Francia";1;114852
"Hughesville,Maryland";1;114853
"NewGlarus,Wisconsin";1;114854
"Hamminkeln,Germania";1;114855
"Addlestone,RegnoUnito";1;114856
"Z?ngilan,Azerbaigian";1;114857
"Wandsworth,RegnoUnito";1;114858
"Somerset,Australia";1;114859
"Pemberton,Australia";1;114860
"Ebeltoft,";1;114861
"Zachary,Louisiana";1;114862
"ChristinaLake,Canada";1;114863
"Shannon,Canada";1;114864
"Springville,California";1;114865
"Mykolaiv,Ucraina";1;114866
"Jonesborough,Tennessee";1;114867
"Changzhou,Cina";1;114868
"Bydgoszcz,Polonia";1;114869
"Scawby,RegnoUnito";1;114870
"McCandless,Pennsylvania";1;114871
"Meissen,Germania";1;114872
"Zama,Giappone";1;114873
"AlzanoLombardo,Italia";1;114874
"Stanfordville,NewYork";1;114875
"Birr,Irlanda";1;114876
"Barbad�s,Spagna";1;114877
"Bloomingdale,NewJersey";1;114878
"Invergowrie,Australia";1;114879
"Wombarra,Australia";1;114880
"EastLeake,RegnoUnito";1;114881
"LakeCity,Minnesota";1;114882
"Pontarddulais,RegnoUnito";1;114883
"Minsterley,RegnoUnito";1;114884
"Philipstown,NewYork";1;114885
"StAnnParish,Giamaica";1;114886
"Moretonhampstead,RegnoUnito";1;114887
"Tangshan,Cina";1;114888
"PortWilliams,Canada";1;114889
"Chambersburg,Pennsylvania";1;114890
"Tuddenham,RegnoUnito";1;114891
"Timbuktu,Mali";1;114892
"Virum,";1;114893
"Boonsboro,Maryland";1;114894
"Laird,Canada";1;114895
"JohnsCreek,Georgia";1;114896
"Baden-W�rttemberg,Germania";1;114897
"Komoka,Canada";1;114898
"FortKnox,Kentucky";1;114899
"Arinaga,Spagna";1;114900
"GreenwoodLake,NewYork";1;114901
"We�ling,Germania";1;114902
"Pineuilh,Francia";1;114903
"Cook,Australia";1;114904
"Edina,Minnesota";1;114905
"Jaisalmer,India";1;114906
"Loriol-sur-Dr�me,Francia";1;114907
"Dinard,Francia";1;114908
"Laytown,Irlanda";1;114909
"IslaVista,California";1;114910
"GreaterSudbury,Canada";1;114911
"PantonHill,Australia";1;114912
"Karangan,Malesia";1;114913
"SantaFe,Texas";1;114914
"Mahtomedi,Minnesota";1;114915
"Fucking,Austria";1;114916
"Aum�hle,Germania";1;114917
"Lanesborough,Irlanda";1;114918
"�pinal,Francia";1;114919
"Monroe,Ohio";1;114920
"Piracicaba,Brasile";1;114921
"Sheldon,Australia";1;114922
"Russellville,Kentucky";1;114923
"Stollings,WestVirginia";1;114924
"P�ttmes,Germania";1;114925
"Chandler'sFord,RegnoUnito";1;114926
"Scheulder,PaesiBassi";1;114927
"Bagshot,RegnoUnito";1;114928
"Changsha,Cina";1;114929
"Altoona,Wisconsin";1;114930
"Iserlohn,Germania";1;114931
"Sheridan,Wyoming";1;114932
"Tarporley,RegnoUnito";1;114933
"Kankakee,Illinois";1;114934
"Meggen,Svizzera";1;114935
"TrinityPark,Australia";1;114936
"Eloy,Arizona";1;114937
"DolanSprings,Arizona";1;114938
"Linkenheim-Hochstetten,Germania";1;114939
"Weihai,Cina";1;114940
"OldRomney,RegnoUnito";1;114941
"Lindale,Texas";1;114942
"Glenrothes,RegnoUnito";1;114943
"Llanharan,RegnoUnito";1;114944
"Akademgorodok,Russia";1;114945
"Meyrals,Francia";1;114946
"LosCristianos,Spagna";1;114947
"P�jara,Spagna";1;114948
"Chefchaouen,Marocco";1;114949
"MontourFalls,NewYork";1;114950
"Prestonpans,RegnoUnito";1;114951
"Icheon-si,CoreadelSud";1;114952
"Caylus,Francia";1;114953
"LeadenRoding,RegnoUnito";1;114954
"Villamayor,Spagna";1;114955
"UpperCaldecote,RegnoUnito";1;114956
"Alexandroupolis,Grecia";1;114957
"Hvolsv�llur,Islanda";1;114958
"Drome,Australia";1;114959
"BeckettRidge,Ohio";1;114960
"LakeGeneva,Wisconsin";1;114961
"Gelendzhik,Russia";1;114962
"Usk,Washington";1;114963
"Ashburnham,Massachusetts";1;114964
"London,Kentucky";1;114965
"Aldgate,Australia";1;114966
"Hoensbroek,PaesiBassi";1;114967
"Tacoronte,Spagna";1;114968
"Aosta,Italia";1;114969
"Dunsfold,RegnoUnito";1;114970
"RoelandPark,Kansas";1;114971
"Corbett,Oregon";1;114972
"ChampionLakes,Australia";1;114973
"Santana,SaoTom�ePr�ncipe";1;114974
"Saint-Julien-l�s-Metz,Francia";1;114975
"FrankfurtanderOder,Germania";1;114976
"StrawberryPlains,Tennessee";1;114977
"ClystSaintLawrence,RegnoUnito";1;114978
"Edinburg,Virginia";1;114979
"Saxonburg,Pennsylvania";1;114980
"Sturgis,Michigan";1;114981
"Recanati,Italia";1;114982
"Hancock,Minnesota";1;114983
"Holmesville,Ohio";1;114984
"Solnechnogorsk,Russia";1;114985
"Malabar,Australia";1;114986
"Swanbourne,Australia";1;114987
"FairGrove,Missouri";1;114988
"Hille,Germania";1;114989
"SanCristobal,Venezuela";1;114990
"CapeCanaveral,Florida";1;114991
"Chesapeake,Ohio";1;114992
"Carrum,Australia";1;114993
"NewBrighton,Pennsylvania";1;114994
"Crinitzberg,Germania";1;114995
"Holly,Michigan";1;114996
"Nazareth,Pennsylvania";1;114997
"Armagh,RegnoUnito";1;114998
"Risskov,";1;114999
"MunchoLake,Canada";1;115000
"Higashimurayama,Giappone";1;115001
"Rhede,Germania";1;115002
"Be??yce,Polonia";1;115003
"Antioch,Tennessee";1;115004
"ZanzibarTown,Tanzania";1;115005
"Doniphan,Missouri";1;115006
"PeachtreeCity,Georgia";1;115007
"Fortville,Indiana";1;115008
"Tamworth,RegnoUnito";1;115009
"Farmersville,Illinois";1;115010
"Delano,Minnesota";1;115011
"Ogallala,Nebraska";1;115012
"CountyCork,Irlanda";1;115013
"NewAthens,Ohio";1;115014
"Pitman,NewJersey";1;115015
"Ealand,RegnoUnito";1;115016
"WestLakes,Australia";1;115017
"MountBeckworth,Australia";1;115018
"Clinton,NewYork";1;115019
"Hemlock,NewYork";1;115020
"Chester,Maryland";1;115021
"Gildwiller,Francia";1;115022
"Westlake,Ohio";1;115023
"Wildwood,Australia";1;115024
"Ha�loch,Germania";1;115025
"Almissa,Croazia";1;115026
"RoxburyTownship,NewJersey";1;115027
"Hartbeespoort,Sudafrica";1;115028
"Plain,Wisconsin";1;115029
"AlhosVedros,Portogallo";1;115030
"SouthBoundBrook,NewJersey";1;115031
"Toowong,Australia";1;115032
"Clinton,Maryland";1;115033
"ParkOrchards,Australia";1;115034
"VillaRica,Georgia";1;115035
"Middelfart,";1;115036
"Warriewood,Australia";1;115037
"Hagenbuch,Svizzera";1;115038
"Morelos,Messico";1;115039
"ConteadiWicklow,Irlanda";1;115040
"Sch�nbrunnimSteigerwald,Germania";1;115041
"Enfield,Connecticut";1;115042
"Zurigo,Canada";1;115043
"LaCarlota,Spagna";1;115044
"Popay�n,Colombia";1;115045
"Valenzuela,Filippine";1;115046
"Ringarooma,Australia";1;115047
"SantiagodelEstero,Argentina";1;115048
"Viljandi,Estonia";1;115049
"Belmar,NewJersey";1;115050
"Hamble-le-Rice,RegnoUnito";1;115051
"Deenethorpe,RegnoUnito";1;115052
"Gregory,South";1;115053
"Kose,Estonia";1;115054
"SanGiuliano,Malta";1;115055
"Ullastrell,Spagna";1;115056
"Visp,Svizzera";1;115057
"Cardrona,RegnoUnito";1;115058
"Waltrop,Germania";1;115059
"MerooMeadow,Australia";1;115060
"Clyde,NewYork";1;115061
"RainbowBeach,Australia";1;115062
"LeCannet-des-Maures,Francia";1;115063
"Hambrook,RegnoUnito";1;115064
"Colton,California";1;115065
"PuertoMorelos,Messico";1;115066
"NorthRiver,NewYork";1;115067
"OakRidge,NorthCarolina";1;115068
"Beuningen,PaesiBassi";1;115069
"Savannah,NewYork";1;115070
"DeCocksdorp,PaesiBassi";1;115071
"Kempten,Germania";1;115072
"LaMulati�re,Francia";1;115073
"Stettfurt,Svizzera";1;115074
"Bosham,RegnoUnito";1;115075
"Austinville,Australia";1;115076
"Horsens,";1;115077
"RemediosdeEscalada,Argentina";1;115078
"Hall,NewYork";1;115079
"Toppenish,Washington";1;115080
"Voula,Grecia";1;115081
"Pfungstadt,Germania";1;115082
"Fgura,Malta";1;115083
"Brookings,South";1;115084
"Lovech,Bulgaria";1;115085
"Tlapizalco,Messico";1;115086
"Ixtapaluca,Messico";1;115087
"Feldatal,Germania";1;115088
"Send,RegnoUnito";1;115089
"Valthermond,PaesiBassi";1;115090
"North";1;115091
"KirkbyLonsdale,RegnoUnito";1;115092
"NorthWilkesboro,NorthCarolina";1;115093
"Granville,Illinois";1;115094
"Clover,SouthCarolina";1;115095
"Northford,Connecticut";1;115096
"Carry-le-Rouet,Francia";1;115097
"Gro�krotzenburg,Germania";1;115098
"Corinth,Mississippi";1;115099
"Andalgal�,Argentina";1;115100
"EastMaitland,Australia";1;115101
"Bodajk,Ungheria";1;115102
"Seewen,Svizzera";1;115103
"Mordialloc,Australia";1;115104
"Serifos,Grecia";1;115105
"Barquisimeto,Venezuela";1;115106
"Premantura,Croazia";1;115107
"Brownhills,RegnoUnito";1;115108
"Nu�dorfamHaunsberg,Austria";1;115109
"UherskeHradiste,RepubblicaCeca";1;115110
"Feucht,Germania";1;115111
"Trbovlje,Slovenia";1;115112
"MynyddIsa,RegnoUnito";1;115113
"PriorVelho,Portogallo";1;115114
"Washington,Virginia";1;115115
"CliftonHeights,Pennsylvania";1;115116
"Volnay,C�te-d'Or,Francia";1;115117
"V�g�mo,Norvegia";1;115118
"TorredelGreco,Italia";1;115119
"MolinsdeRei,Spagna";1;115120
"Murrumba,Australia";1;115121
"Roosendaal,PaesiBassi";1;115122
"Sedalia,NorthCarolina";1;115123
"Peninsula,Ohio";1;115124
"Willoughby,Australia";1;115125
"Curepipe,Mauritius";1;115126
"Blackpool,RegnoUnito";1;115127
"Zebulon,Georgia";1;115128
"Hagstad,Svezia";1;115129
"KokhavYa'ir,Israele";1;115130
"Vilob�d'Onyar,Spagna";1;115131
"Frouard,Francia";1;115132
"BigLake,Alaska";1;115133
"Villedieu-les-Po�les,Francia";1;115134
"Texarkana,Arkansas";1;115135
"Baldivis,Australia";1;115136
"Torreblanca,Spagna";1;115137
"Nongoma,Sudafrica";1;115138
"Washington,Illinois";1;115139
"Galliano,Louisiana";1;115140
"Imerovigli,Grecia";1;115141
"PortugalCove-St.Philip's,Canada";1;115142
"GreatMalvern,RegnoUnito";1;115143
"Dorroughby,Australia";1;115144
"ElermoreVale,Australia";1;115145
"Anuradhapura,SriLanka";1;115146
"Charlemagne,Canada";1;115147
"Via,RegnoUnito";1;115148
"BartononSea,RegnoUnito";1;115149
"Radom,Polonia";1;115150
"PrescottValley,Arizona";1;115151
"Emersacker,Germania";1;115152
"Catshill,RegnoUnito";1;115153
"KingsBeach,California";1;115154
"Clanfield,RegnoUnito";1;115155
"Pelham,Alabama";1;115156
"Biard,Francia";1;115157
"Beckley,WestVirginia";1;115158
"M�ssingen,Germania";1;115159
"Lezoux,Francia";1;115160
"Maynard,Massachusetts";1;115161
"Llanrug,RegnoUnito";1;115162
"F�t,Ungheria";1;115163
"Helendale,California";1;115164
"Warren,Maine";1;115165
"Broadwater,Australia";1;115166
"Nederland,Texas";1;115167
"BaranoD'ischia,Italia";1;115168
"FortMitchell,Kentucky";1;115169
"OldBar,Australia";1;115170
"Bucketty,Australia";1;115171
"Staffanstorp,Svezia";1;115172
"Funabashi,Giappone";1;115173
"GualdoTadino,Italia";1;115174
"Hirosaki,Giappone";1;115175
"NorthChatham,NewYork";1;115176
"MillEnd,RegnoUnito";1;115177
"TexasCity,Texas";1;115178
"Aberfeldy,RegnoUnito";1;115179
"Templeton,Massachusetts";1;115180
"Berlino,NewJersey";1;115181
"GrandRivers,Kentucky";1;115182
"Eriskirch,Germania";1;115183
"Weyburn,Canada";1;115184
"ParkHills,Missouri";1;115185
"Greenham,RegnoUnito";1;115186
"Mumpf,Svizzera";1;115187
"SaintPeterPort,Guernsey";1;115188
"Ranelagh,Irlanda";1;115189
"Gronsveld,PaesiBassi";1;115190
"Niton,RegnoUnito";1;115191
"EastPalestine,Ohio";1;115192
"Marsascala,Malta";1;115193
"VillageofLakewood,Illinois";1;115194
"Gullane,RegnoUnito";1;115195
"Moncalieri,Italia";1;115196
"Bellpuig,Spagna";1;115197
"Wrentham,Massachusetts";1;115198
"Deshler,Ohio";1;115199
"Skamokawa,Washington";1;115200
"Honeybourne,RegnoUnito";1;115201
"Athy,Irlanda";1;115202
"Kirchzarten,Germania";1;115203
"Hoegaarden,Belgio";1;115204
"Radolfzell,Germania";1;115205
"Shamokin";1;115206
"Runcorn,RegnoUnito";1;115207
"Palmetto,Georgia";1;115208
"Vernon,Connecticut";1;115209
"WestDeptford,NewJersey";1;115210
"Murphy,NorthCarolina";1;115211
"Moscavide,Portogallo";1;115212
"Fenton,Michigan";1;115213
"Kellaways,RegnoUnito";1;115214
"Augusta,Australia";1;115215
"Hampden,Massachusetts";1;115216
"HotSprings,South";1;115217
"SurfsideBeach,SouthCarolina";1;115218
"CerdanyoladelVall�s,Spagna";1;115219
"Ringsend,Irlanda";1;115220
"Oberg�nzburg,Germania";1;115221
"Carnoustie,RegnoUnito";1;115222
"Handen,Svezia";1;115223
"Kluang,Malesia";1;115224
"Chambly,Canada";1;115225
"Bruchm�hlbach-Miesau,Germania";1;115226
"AveiroDistrict,Portogallo";1;115227
"Anglesea,Australia";1;115228
"Stenungsund,Svezia";1;115229
"Rivi�re-H�va,Canada";1;115230
"Bridgeport,Pennsylvania";1;115231
"Kaufbeuren,Germania";1;115232
"Sarcelles,Francia";1;115233
"Innisfil,Canada";1;115234
"Fallbrook,Canada";1;115235
"Reuilly,Francia";1;115236
"Cooksville,Maryland";1;115237
"Fr�pillon,Francia";1;115238
"Forksville,Pennsylvania";1;115239
"Rang�r�ingeystra,Islanda";1;115240
"SouthBoston,Virginia";1;115241
"NewMilford,NewJersey";1;115242
"CroydonPark,Australia";1;115243
"Calumpit,Filippine";1;115244
"Smardz�w,Polonia";1;115245
"Oradell,NewJersey";1;115246
"RollingHillsEstates,California";1;115247
"PearlCity,Hawaii";1;115248
"Sterling,Colorado";1;115249
"Stone,RegnoUnito";1;115250
"QueanbeyanEast,Australia";1;115251
"Wansford,RegnoUnito";1;115252
"�abori?,Croazia";1;115253
"Motherwell,RegnoUnito";1;115254
"NoviLigure,Italia";1;115255
"Fairfield,Pennsylvania";1;115256
"CentreHall,Pennsylvania";1;115257
"Venango,Pennsylvania";1;115258
"Coburg,Germania";1;115259
"Perryville,Maryland";1;115260
"Karlsruhe,North";1;115261
"Bethany,Oklahoma";1;115262
"Holten,PaesiBassi";1;115263
"Waakirchen,Germania";1;115264
"BosqueslaFlorida,Messico";1;115265
"Barton-le-Clay,RegnoUnito";1;115266
"Javea,Spagna";1;115267
"HausenimWiesental,Germania";1;115268
"Benson,RegnoUnito";1;115269
"Huntingdon,RegnoUnito";1;115270
"RegionediMinsk,Bielorussia";1;115271
"Prairieville,Louisiana";1;115272
"Feytiat,Francia";1;115273
"Issenheim,Francia";1;115274
"Biritiba-Mirim,Brasile";1;115275
"Jamesville,NewYork";1;115276
"PineBeach,NewJersey";1;115277
"PalmerHeights,Pennsylvania";1;115278
"Skagway,Alaska";1;115279
"Peetri,Estonia";1;115280
"WestLavington,RegnoUnito";1;115281
"Wedemark,Germania";1;115282
"ArenasdeSanPedro,Spagna";1;115283
"RowleyRegis,RegnoUnito";1;115284
"Diemen,PaesiBassi";1;115285
"Burntwood,RegnoUnito";1;115286
"Saint-Bonnet-de-Mure,Francia";1;115287
"Zillmere,Australia";1;115288
"Buxton,RegnoUnito";1;115289
"Lemont,Pennsylvania";1;115290
"Hvitsten,Norvegia";1;115291
"Hayfield,RegnoUnito";1;115292
"FernandodeNoronha,Brasile";1;115293
"Skiatook,Oklahoma";1;115294
"Strandhill,Irlanda";1;115295
"Kruibeke,Belgio";1;115296
"Ma�che,Francia";1;115297
"GoldenValley,Arizona";1;115298
"WestColumbia,SouthCarolina";1;115299
"Niederbuchsiten,Svizzera";1;115300
"Hadfield,Australia";1;115301
"Ludlow,Massachusetts";1;115302
"Sosua,RepubblicaDominicana";1;115303
"LaLibertad,ElSalvador";1;115304
"SantVicen�delsHorts,Spagna";1;115305
"S�rifos,Grecia";1;115306
"Ballintoy,RegnoUnito";1;115307
"Cabri�s,Francia";1;115308
"Forfar,RegnoUnito";1;115309
"Tver,Russia";1;115310
"Cumbernauld,RegnoUnito";1;115311
"SantoveniadePisuerga,Spagna";1;115312
"Kerala,India";1;115313
"YeclaDO,Spagna";1;115314
"NedreFrei,Norvegia";1;115315
"Montigny-le-Bretonneux,Francia";1;115316
"Winkel,Svizzera";1;115317
"LincolnUniversity,Pennsylvania";1;115318
"Hesperus,Colorado";1;115319
"Warsash,RegnoUnito";1;115320
"LocustGrove,Georgia";1;115321
"Pfinztal,Germania";1;115322
"WandinNorth,Australia";1;115323
"Clarkston,Georgia";1;115324
"Montale,Italia";1;115325
"WestWallsend,Australia";1;115326
"GreatKingshill,RegnoUnito";1;115327
"Saint-Geoire-en-Valdaine,Francia";1;115328
"Serris,Francia";1;115329
"UlsterPark,NewYork";1;115330
"Welver,Germania";1;115331
"Eynesbury,Australia";1;115332
"Erpeldange,Lussemburgo";1;115333
"Lapu-Lapu,Filippine";1;115334
"Wallsend,Australia";1;115335
"Barakaldo,Spagna";1;115336
"EastFremantle,Australia";1;115337
"LosBanos,California";1;115338
"Valmiera,Lettonia";1;115339
"Commerce,California";1;115340
"Guarulhos,Brasile";1;115341
"Sandown,RegnoUnito";1;115342
"Pembridge,RegnoUnito";1;115343
"Applecross,Australia";1;115344
"Keerbergen,Belgio";1;115345
"Providencia,Cile";1;115346
"RedOak,Texas";1;115347
"ComstockPark,Michigan";1;115348
"Wallis,Svizzera";1;115349
"Onemana,NuovaZelanda";1;115350
"Whitchurch-on-Thames,RegnoUnito";1;115351
"Bensheim,Germania";1;115352
"B�dingen,Germania";1;115353
"Auboranges,Svizzera";1;115354
"NewtownSquare,Pennsylvania";1;115355
"Enumclaw,Washington";1;115356
"Landrum,SouthCarolina";1;115357
"P?�bram,RepubblicaCeca";1;115358
"Luhansk,Ucraina";1;115359
"BoarsHill,RegnoUnito";1;115360
"PortClinton,Ohio";1;115361
"Kriens,Svizzera";1;115362
"PacificCity,Oregon";1;115363
"Cookstown,NewJersey";1;115364
"Parkstetten,Germania";1;115365
"Laren,PaesiBassi";1;115366
"Glouster,Ohio";1;115367
"Hollis,NewHampshire";1;115368
"Canton,Connecticut";1;115369
"Selyatino,Russia";1;115370
"Stratton,RegnoUnito";1;115371
"�pron,Francia";1;115372
"Ploie?ti,Romania";1;115373
"Soissons,Francia";1;115374
"Elskop,Germania";1;115375
"Quingey,Francia";1;115376
"Halle(Saale),Germania";1;115377
"Nagyk?r�s,Ungheria";1;115378
"Pawling,NewYork";1;115379
"Laurencekirk,RegnoUnito";1;115380
"Cuxhaven,Germania";1;115381
"Guilderland,NewYork";1;115382
"Atene,Alabama";1;115383
"Seaford,Australia";1;115384
"B�thencourt-sur-Mer,Francia";1;115385
"Belstone,RegnoUnito";1;115386
"Dyer,Indiana";1;115387
"LagunaVista,Texas";1;115388
"CedarKey,Florida";1;115389
"Crediton,RegnoUnito";1;115390
"Mena,Arkansas";1;115391
"Breda,Iowa";1;115392
"Lewisham,RegnoUnito";1;115393
"Dourdan,Francia";1;115394
"Scheyern,Germania";1;115395
"Thielle-Wavre,Svizzera";1;115396
"Penpont,RegnoUnito";1;115397
"Marion,Illinois";1;115398
"Gatersleben,Germania";1;115399
"Medway,Massachusetts";1;115400
"Valleraugue,Francia";1;115401
"Hartville,Ohio";1;115402
"Warwick,Australia";1;115403
"�inkovy,RepubblicaCeca";1;115404
"Mu�iz,Argentina";1;115405
"Hamme,Belgio";1;115406
"Lyubertsy,Russia";1;115407
"R�dermark,Germania";1;115408
"Mellingen,Svizzera";1;115409
"EastWindsor,Connecticut";1;115410
"LongBeach,Washington";1;115411
"HornsbyHeights,Australia";1;115412
"Bayview,Australia";1;115413
"Shannon,Irlanda";1;115414
"WestWoombye,Australia";1;115415
"Glasbury,RegnoUnito";1;115416
"Emmen,PaesiBassi";1;115417
"Hollywood,Maryland";1;115418
"Lod?nice,RepubblicaCeca";1;115419
"Quiberville,Francia";1;115420
"G�ppingen,Germania";1;115421
"Minffordd,RegnoUnito";1;115422
"BellinzagoNovarese,Italia";1;115423
"Utila,Honduras";1;115424
"Grimsby,Canada";1;115425
"Etna,NewHampshire";1;115426
"MountHolly,NorthCarolina";1;115427
"EastConcord,NewYork";1;115428
"Heinkenszand,PaesiBassi";1;115429
"Earlwood,Australia";1;115430
"Valdemoro,Spagna";1;115431
"Oostende,Belgio";1;115432
"Jerome,Arizona";1;115433
"SanAgust�nEtla,Messico";1;115434
"Pr�cy-sur-Oise,Francia";1;115435
"GreaterNapanee,Canada";1;115436
"Vair�,Francia";1;115437
"Medanales,NewMexico";1;115438
"Luxor,Egitto";1;115439
"Wharton,Texas";1;115440
"Menangle,Australia";1;115441
"Geilenkirchen,Germania";1;115442
"Moldavia";1;115443
"WesternFjords,Islanda";1;115444
"Caerleon,RegnoUnito";1;115445
"Bexhill,RegnoUnito";1;115446
"L�glise,Belgio";1;115447
"Coquille,Oregon";1;115448
"Gwangyang-si,CoreadelSud";1;115449
"Marion,NewYork";1;115450
"SintCharles,Illinois";1;115451
"Midhurst,RegnoUnito";1;115452
"Killingworth,Connecticut";1;115453
"Parkdale,Australia";1;115454
"Surfside,Australia";1;115455
"NorthEpping,Australia";1;115456
"Annan,RegnoUnito";1;115457
"Lifton,RegnoUnito";1;115458
"Guyancourt,Francia";1;115459
"Shrewsbury,Vermont";1;115460
"Manta,Ecuador";1;115461
"Jannali,Australia";1;115462
"Pe�afiel,Spagna";1;115463
"Strathmore,Australia";1;115464
"Ivybridge,RegnoUnito";1;115465
"Straubenhardt,Germania";1;115466
"Bidborough,RegnoUnito";1;115467
"Denzlingen,Germania";1;115468
"Benguela,Angola";1;115469
"Grafton,Massachusetts";1;115470
"Centereach,NewYork";1;115471
"MassapequaPark,NewYork";1;115472
"Walker,Louisiana";1;115473
"Elk,California";1;115474
"FlindersView,Australia";1;115475
"Dromore,RegnoUnito";1;115476
"ValleySprings,California";1;115477
"Felsted,RegnoUnito";1;115478
"Levanger,Norvegia";1;115479
"Ch�teauneuf-en-Thymerais,Francia";1;115480
"NorthReading,Massachusetts";1;115481
"Panacea,Florida";1;115482
"Dionysos,Grecia";1;115483
"Moama,Australia";1;115484
"Otho,Iowa";1;115485
"Teplitz,RepubblicaCeca";1;115486
"Ponderay,Idaho";1;115487
"Glanaman,RegnoUnito";1;115488
"Langwarrin,Australia";1;115489
"Vinita,Oklahoma";1;115490
"Lawrence,Massachusetts";1;115491
"Orland,California";1;115492
"V�rl�se,";1;115493
"Kuna,Idaho";1;115494
"Bron,Francia";1;115495
"Kindsbach,Germania";1;115496
"Detva,Slovacchia";1;115497
"Turi,Italia";1;115498
"Meco,Spagna";1;115499
"Montsoult,Francia";1;115500
"Donauworth,Germania";1;115501
"Mansfield,Illinois";1;115502
"Mauchline,RegnoUnito";1;115503
"Blundeston,RegnoUnito";1;115504
"SantFeliudeGu�xols,Spagna";1;115505
"Elkton,Maryland";1;115506
"Albertson,NewYork";1;115507
"Rathgar,Irlanda";1;115508
"Giengen,Germania";1;115509
"Bentota,SriLanka";1;115510
"Hulshout,Belgio";1;115511
"Tingley,RegnoUnito";1;115512
"Hawford,RegnoUnito";1;115513
"Bacoor,Filippine";1;115514
"Valentine,Nebraska";1;115515
"Drogheda,Irlanda";1;115516
"Feckenham,RegnoUnito";1;115517
"Westwood,California";1;115518
"Woodridge,NewYork";1;115519
"BadOeynhausen,Germania";1;115520
"Saint-Colomban,Canada";1;115521
"Imatra,Finlandia";1;115522
"Reach,RegnoUnito";1;115523
"Wai?anae,Hawaii";1;115524
"Dickinson,Texas";1;115525
"Albion,California";1;115526
"Bridgewater,Canada";1;115527
"Ardingly,RegnoUnito";1;115528
"Lincolnton,Georgia";1;115529
"Ninove,Belgio";1;115530
"Mentone,Francia";1;115531
"UpperTantallon,Canada";1;115532
"Osceola,Indiana";1;115533
"LaCruzdeHuanacaxtle,Messico";1;115534
"Rudolstadt,Germania";1;115535
"Tinos,Grecia";1;115536
"Unayzah,ArabiaSaudita";1;115537
"SanYsidro,NewMexico";1;115538
"NuwaraEliya,SriLanka";1;115539
"Tannersville,Pennsylvania";1;115540
"Mentone,Australia";1;115541
"PortOrchard,Washington";1;115542
"TanahMerah,Australia";1;115543
"Bill�re,Francia";1;115544
"Kalama,Washington";1;115545
"Rochedale,Australia";1;115546
"Hepburn,Australia";1;115547
"Coloma,Wisconsin";1;115548
"Meerhout,Belgio";1;115549
"Huntington,Vermont";1;115550
"MiyamaeWard,Giappone";1;115551
"BigBendNationalPark,Texas";1;115552
"Versoix,Svizzera";1;115553
"AschauimChiemgau,Germania";1;115554
"Camden,Missouri";1;115555
"Emsworth,RegnoUnito";1;115556
"Mantua,Utah";1;115557
"BinalongBay,Australia";1;115558
"Bessines,Francia";1;115559
"Clifton,RegnoUnito";1;115560
"SowerbyBridge,RegnoUnito";1;115561
"Wasb�ttel,Germania";1;115562
"�rb�k,";1;115563
"LandO'Lakes,Florida";1;115564
"Bodmin,RegnoUnito";1;115565
"Byron,Illinois";1;115566
"PirgosPsilonerou,Grecia";1;115567
"LongAshton,RegnoUnito";1;115568
"Burnside,NuovaZelanda";1;115569
"Tibbuc,Australia";1;115570
"Dobrova,Slovenia";1;115571
"Rocheport,Missouri";1;115572
"Garvagh,RegnoUnito";1;115573
"Bruges,Francia";1;115574
"Midlothian,Texas";1;115575
"Remsenburg-Speonk,NewYork";1;115576
"Hocking,Australia";1;115577
"Jennings,Louisiana";1;115578
"Roselle,Illinois";1;115579
"Val-d'Is�re,Francia";1;115580
"Hillarys,Australia";1;115581
"NorthArlington,NewJersey";1;115582
"Slubice,Polonia";1;115583
"Keyport,Washington";1;115584
"Weston,Australia";1;115585
"Sohar,Oman";1;115586
"Arras,Francia";1;115587
"Sarstedt,Germania";1;115588
"Saltash,RegnoUnito";1;115589
"Lyons,Illinois";1;115590
"Tecoma,Australia";1;115591
"Billy-Montigny,Francia";1;115592
"Lindstrom,Minnesota";1;115593
"Wandina,Australia";1;115594
"Mulhuddart,Irlanda";1;115595
"Reid,Australia";1;115596
"Liebefeld,Svizzera";1;115597
"Greeley,Pennsylvania";1;115598
"Revel,Francia";1;115599
"WatsonsBay,Australia";1;115600
"Screven,Georgia";1;115601
"Brinkworth,RegnoUnito";1;115602
"Kingstown,SaintVincenteGrenadines";1;115603
"Saverne,Francia";1;115604
"Revesby,Australia";1;115605
"Haunsheim,Germania";1;115606
"Alblasserdam,PaesiBassi";1;115607
"Neveklov,RepubblicaCeca";1;115608
"Platjad'Aro,Spagna";1;115609
"Thoiry,Francia";1;115610
"Uniontown,Pennsylvania";1;115611
"YongPeng,Malesia";1;115612
"FernForest,Hawaii";1;115613
"K�rmend,Ungheria";1;115614
"Nijverdal,PaesiBassi";1;115615
"Depok,Indonesia";1;115616
"SouthLyon,Michigan";1;115617
"Horn�Brann�,RepubblicaCeca";1;115618
"Nagasaki,Giappone";1;115619
"MiddleGrove,NewYork";1;115620
"Geretsried,Germania";1;115621
"MalaybalayCity,Filippine";1;115622
"Gnosj�,Svezia";1;115623
"BlindBay,Canada";1;115624
"OldeWestChester,Ohio";1;115625
"SantMateudeMontnegre,Spagna";1;115626
"Correggio,Italia";1;115627
"ForkedRiver,NewJersey";1;115628
"Ham-sur-Heure-Nalinnes,Belgio";1;115629
"Rauenberg,Germania";1;115630
"Gorebridge,RegnoUnito";1;115631
"Stainz,Austria";1;115632
"CorfeMullen,RegnoUnito";1;115633
"Rahway,NewJersey";1;115634
"Cournonterral,Francia";1;115635
"MidwestCity,Oklahoma";1;115636
"SantaGiustinainColle,Italia";1;115637
"Natendorf,Germania";1;115638
"RiverFalls,Wisconsin";1;115639
"Cordele,Georgia";1;115640
"PuertoAyora,Ecuador";1;115641
"T�rguJiu,Romania";1;115642
"Linwood,Michigan";1;115643
"Viseu,Portogallo";1;115644
"A'ali,Bahrein";1;115645
"Andover,Vermont";1;115646
"Nuuk,Groenlandia";1;115647
"Newport,Washington";1;115648
"BorgoABuggiano,Italia";1;115649
"Mulgrave,Australia";1;115650
"Hampshire,Illinois";1;115651
"Terrebonne,Oregon";1;115652
"Pozorrubio,Filippine";1;115653
"Kresna,Bulgaria";1;115654
"Giv'atZe'ev";1;115655
"Newberry,Florida";1;115656
"TennesseeColony,Texas";1;115657
"Portmarnock,Irlanda";1;115658
"Mazarr�n,Spagna";1;115659
"DownsBarn,RegnoUnito";1;115660
"Southam,RegnoUnito";1;115661
"WeissenburginBayern,Germania";1;115662
"RedWing,Minnesota";1;115663
"Arzagod'Adda,Italia";1;115664
"NeuburganderDonau,Germania";1;115665
"Diablo,Washington";1;115666
"Spalt,Germania";1;115667
"Sanger,Texas";1;115668
"Beilstein,Germania";1;115669
"Umhlanga,Sudafrica";1;115670
"Ribbesb�ttel,Germania";1;115671
"Easingwold,RegnoUnito";1;115672
"LongNewnton,RegnoUnito";1;115673
"LakeTyersBeach,Australia";1;115674
"CrestHill,Illinois";1;115675
"Wayanad,India";1;115676
"GoldCanyon,Arizona";1;115677
"Oudkarspel,PaesiBassi";1;115678
"Featherstone,RegnoUnito";1;115679
"Mesa,Colorado";1;115680
"Szczyg?�w,Polonia";1;115681
"Herne,Germania";1;115682
"SaintElmo,Illinois";1;115683
"Rathdrum,Idaho";1;115684
"MillersForest,Australia";1;115685
"KinglakeWest,Australia";1;115686
"SouthFremantle,Australia";1;115687
"Meishar,Israele";1;115688
"Treadwell,NewYork";1;115689
"Pescara,Italia";1;115690
"ThursdayIsland,Australia";1;115691
"Alstead,NewHampshire";1;115692
"Monson,Massachusetts";1;115693
"Easthouses,RegnoUnito";1;115694
"Pella,Grecia";1;115695
"Penzberg,Germania";1;115696
"Montreal,Missouri";1;115697
"Arcadia,Wisconsin";1;115698
"�abljak,Montenegro";1;115699
"Milner,Georgia";1;115700
"CarrabassettValley,Maine";1;115701
"Sisteron,Francia";1;115702
"MoorabbinAirport,Australia";1;115703
"NewmanLake,Washington";1;115704
"PelicanRapids,Minnesota";1;115705
"Lohne,Germania";1;115706
"Br�hal,Francia";1;115707
"Oberderdingen,Germania";1;115708
"HaltomCity,Texas";1;115709
"Cosmopolis,Washington";1;115710
"Kidlington,RegnoUnito";1;115711
"Grevenmacher,Lussemburgo";1;115712
"Nieuwstadt,PaesiBassi";1;115713
"Wedmore,RegnoUnito";1;115714
"Bellarine,Australia";1;115715
"Tallentire,RegnoUnito";1;115716
"Lexy,Francia";1;115717
"Porcia,Italia";1;115718
"WestGlacier,Montana";1;115719
"Gravelbourg,Canada";1;115720
"Bingen,Germania";1;115721
"Fridaythorpe,RegnoUnito";1;115722
"Brightlingsea,RegnoUnito";1;115723
"Wilhelmshaven,Germania";1;115724
"Skan�r,Svezia";1;115725
"Hiratsuka,Giappone";1;115726
"ProvinciadiAlajuela,CostaRica";1;115727
"Amburgo,";1;115728
"Malverne,NewYork";1;115729
"Flowerdale,Australia";1;115730
"Warradale,Australia";1;115731
"�d�kra,Svezia";1;115732
"Robbinsdale,Minnesota";1;115733
"Beelitz,Germania";1;115734
"Taif,ArabiaSaudita";1;115735
"Buchrain,Svizzera";1;115736
"Mystic,Connecticut";1;115737
"WeilheiminOberbayern,Germania";1;115738
"Chinnor,RegnoUnito";1;115739
"Gro�efehn,Germania";1;115740
"Belmont,RegnoUnito";1;115741
"Rothrist,Svizzera";1;115742
"HoughtonRegis,RegnoUnito";1;115743
"LosAlc�zares,Spagna";1;115744
"StuartsDraft,Virginia";1;115745
"Kowale,Polonia";1;115746
"Plock,Polonia";1;115747
"Sliedrecht,PaesiBassi";1;115748
"Vineland,NewJersey";1;115749
"Barnhart,Missouri";1;115750
"Korneuburg,Austria";1;115751
"Fodderty,RegnoUnito";1;115752
"Corinne,Utah";1;115753
"Thurstaston,RegnoUnito";1;115754
"Kwintsheul,PaesiBassi";1;115755
"Hatton,RegnoUnito";1;115756
"Deerfield,NewHampshire";1;115757
"Tillson,NewYork";1;115758
"CherryValley,NewYork";1;115759
"Wadesville,Indiana";1;115760
"BocaGrande,Florida";1;115761
"Pie�?any,Slovacchia";1;115762
"Westport,Irlanda";1;115763
"ZephyrCove-RoundHillVillage,Nevada";1;115764
"Wilnecote,RegnoUnito";1;115765
"Tulancingo,Messico";1;115766
"Thurcaston,RegnoUnito";1;115767
"Leakey,Texas";1;115768
"Berowra,Australia";1;115769
"Pubnico,Canada";1;115770
"MichamviKae,Tanzania";1;115771
"PrinceAlbert,Canada";1;115772
"Fontana-on-GenevaLake,Wisconsin";1;115773
"Gro�-Engersdorf,Austria";1;115774
"Kruisland,PaesiBassi";1;115775
"Hillsdale,NewYork";1;115776
"Castellbisbal,Spagna";1;115777
"Franklinford,Australia";1;115778
"SouthBrighton,Australia";1;115779
"V�cklabruck,Austria";1;115780
"Bemidji,Minnesota";1;115781
"Bubenreuth,Germania";1;115782
"Jackson,Michigan";1;115783
"Victor,NewYork";1;115784
"Sakarya,Turchia";1;115785
"Middleton,Tennessee";1;115786
"Cassopolis,Michigan";1;115787
"WhitneyPoint,NewYork";1;115788
"Kornwestheim,Germania";1;115789
"Pakenham,Australia";1;115790
"MIMAROPA,Filippine";1;115791
"Whitewood,South";1;115792
"Clinton,Maine";1;115793
"WilliamsBay,Wisconsin";1;115794
"Calonge,Spagna";1;115795
"Kettering,RegnoUnito";1;115796
"Etten-Leur,PaesiBassi";1;115797
"Cochecton,NewYork";1;115798
"Workington,RegnoUnito";1;115799
"Valatie,NewYork";1;115800
"Stonyfell,Australia";1;115801
"Cedar,Michigan";1;115802
"Marriottsville,Maryland";1;115803
"WestBabylon,NewYork";1;115804
"Trani,Italia";1;115805
"Sidney,Ohio";1;115806
"BellevueHill,Australia";1;115807
"Magden,Svizzera";1;115808
"Leavenworth,Washington";1;115809
"Marknesse,PaesiBassi";1;115810
"Millinocket,Maine";1;115811
"Vosselaar,Belgio";1;115812
"Jolimont,Australia";1;115813
"SanMigueldeCozumel,Messico";1;115814
"Affing,Germania";1;115815
"SouthZeal,RegnoUnito";1;115816
"Speldhurst,RegnoUnito";1;115817
"Sandbach,RegnoUnito";1;115818
"Lyn,Canada";1;115819
"Cayce,SouthCarolina";1;115820
"LeamingtonSpa,RegnoUnito";1;115821
"Vreden,Germania";1;115822
"HedgeEnd,RegnoUnito";1;115823
"LeLamentin,Martinica";1;115824
"MunicipalityofCapul,Filippine";1;115825
"Camden,Michigan";1;115826
"Mutlangen,Germania";1;115827
"Charantonnay,Francia";1;115828
"Belfast,Maine";1;115829
"Gistrup,";1;115830
"Ossining,NewYork";1;115831
"Neskaupstadur,Islanda";1;115832
"Casey,Australia";1;115833
"Warrensville,NorthCarolina";1;115834
"Flims,Svizzera";1;115835
"BadWiessee,Germania";1;115836
"Slaithwaite,RegnoUnito";1;115837
"Frilsham,RegnoUnito";1;115838
"Vand�uvres,Svizzera";1;115839
"Chalfont,Pennsylvania";1;115840
"Carlinville,Illinois";1;115841
"MeltonWest,Australia";1;115842
"Edgerton,Wisconsin";1;115843
"Craigmore,Australia";1;115844
"SugarMountain,NorthCarolina";1;115845
"Crick,RegnoUnito";1;115846
"Bavilliers,Francia";1;115847
"Wigston,RegnoUnito";1;115848
"Coulonges-sur-l'Autize,Francia";1;115849
"NorthBranford,Connecticut";1;115850
"SanAntonio,Florida";1;115851
"HeroicaVeracruz,Messico";1;115852
"Eagle,Colorado";1;115853
"Pantperthog,RegnoUnito";1;115854
"Napoleon,Michigan";1;115855
"TallTimbers,Maryland";1;115856
"GreaterLakeburn,Canada";1;115857
"BracebridgeHeath,RegnoUnito";1;115858
"BerryMountain,Australia";1;115859
"Chaska,Minnesota";1;115860
"PresidentePrudente,Brasile";1;115861
"SpotsylvaniaCourthouse,Virginia";1;115862
"Glenelg,Maryland";1;115863
"GreensBeach,Australia";1;115864
"Manzano,Italia";1;115865
"TheHill,Australia";1;115866
"Lonato,Italia";1;115867
"CanyonCountry,California";1;115868
"Kempton,Pennsylvania";1;115869
"Selinsgrove,Pennsylvania";1;115870
"Mendrisio,Svizzera";1;115871
"Chesterfield,NewHampshire";1;115872
"StevensonRanch,California";1;115873
"Miamisburg,Ohio";1;115874
"LakeCity,Colorado";1;115875
"Goshen,NewYork";1;115876
"LosBa�os,Filippine";1;115877
"Harbrinkhoek,PaesiBassi";1;115878
"PostFalls,Idaho";1;115879
"Whittlesey,Wisconsin";1;115880
"BaySaintLouis,Mississippi";1;115881
"JohnsonCity,NewYork";1;115882
"MountLouisa,Australia";1;115883
"Jarabacoa,RepubblicaDominicana";1;115884
"Manggis,Indonesia";1;115885
"Kindersley,Canada";1;115886
"StrathfieldSouth,Australia";1;115887
"SandyLake,Pennsylvania";1;115888
"Lawford,RegnoUnito";1;115889
"Nottawa,Canada";1;115890
"Maitland,Australia";1;115891
"Oshima,Giappone";1;115892
"Monfalcone,Italia";1;115893
"Amburgo,Wisconsin";1;115894
"Giesbeek,PaesiBassi";1;115895
"Villiers-sur-Marne,Francia";1;115896
"Valinhos,Brasile";1;115897
"Riano,Italia";1;115898
"Marsal�s,Francia";1;115899
"Caledonia,Minnesota";1;115900
"KimberlingCity,Missouri";1;115901
"Hunterview,Australia";1;115902
"Netcong,NewJersey";1;115903
"DiegoMartin,TrinidadeTobago";1;115904
"Tuusula,Finlandia";1;115905
"WarnerRobins,Georgia";1;115906
"Montesilvano,Italia";1;115907
"HattersheimamMain,Germania";1;115908
"Guasila,Italia";1;115909
"Krom??�,RepubblicaCeca";1;115910
"Clackamas,Oregon";1;115911
"Murtaugh,Idaho";1;115912
"Paddockwood,Canada";1;115913
"Dommartin,Francia";1;115914
"CharlesCity,Virginia";1;115915
"Bedford,Australia";1;115916
"Indaiatuba,Brasile";1;115917
"KatoGerakari,Grecia";1;115918
"Wendron,RegnoUnito";1;115919
"Fl�ng,";1;115920
"LenoirCity,Tennessee";1;115921
"Burtonwood,RegnoUnito";1;115922
"Tonganoxie,Kansas";1;115923
"Baldwin,NewYork";1;115924
"Ikast,";1;115925
"O'Connor,Australia";1;115926
"Montichiari,Italia";1;115927
"Skjetten,Norvegia";1;115928
"Watlington,RegnoUnito";1;115929
"Czestochowa,Polonia";1;115930
"Vordingborg,";1;115931
"Maywood,NewJersey";1;115932
"JohnsIsland,SouthCarolina";1;115933
"Archbold,Ohio";1;115934
"Otta,Norvegia";1;115935
"WestLinton,RegnoUnito";1;115936
"Acampo,California";1;115937
"MountainCreek,Australia";1;115938
"Haskovo,Bulgaria";1;115939
"StHubertsIsland,Australia";1;115940
"Nokomis,Florida";1;115941
"Shoals,Indiana";1;115942
"Chester,California";1;115943
"Chesterton,RegnoUnito";1;115944
"Maure-de-Bretagne,Francia";1;115945
"Merenberg,Germania";1;115946
"LaBa�eza,Spagna";1;115947
"Uiryeong-gun,CoreadelSud";1;115948
"WestRichland,Washington";1;115949
"Douglas,Wyoming";1;115950
"T�k�l,Ungheria";1;115951
"PuertoMontt,Cile";1;115952
"Zibo,Cina";1;115953
"RunningSprings,California";1;115954
"Hov�s,Svezia";1;115955
"Milesburg,Pennsylvania";1;115956
"Marktredwitz,Germania";1;115957
"Bulle,Svizzera";1;115958
"Lilienthal,Germania";1;115959
"Tooele,Utah";1;115960
"Goslar,Germania";1;115961
"Weisendorf,Germania";1;115962
"Asolo,Italia";1;115963
"Vestmannaeyjar,Islanda";1;115964
"Kingfield,Maine";1;115965
"MadeiraPark,Canada";1;115966
"Gap,Pennsylvania";1;115967
"Selargius,Italia";1;115968
"Ahrensburg,Germania";1;115969
"Muskego,Wisconsin";1;115970
"Tolisa,BosniaErzegovina";1;115971
"Evenskjer,Norvegia";1;115972
"Burlington,Connecticut";1;115973
"Mittenwald,Germania";1;115974
"V�lkermarkt,Austria";1;115975
"Asilah,Marocco";1;115976
"Highlands,NorthCarolina";1;115977
"T�cksfors,Svezia";1;115978
"Winchester,California";1;115979
"ShiptonMoyne,RegnoUnito";1;115980
"Perham,Minnesota";1;115981
"Adelanto,California";1;115982
"Bargersville,Indiana";1;115983
"Ginowan,Giappone";1;115984
"Kaarina,Finlandia";1;115985
"Balzers,Liechtenstein";1;115986
"Oberglatt,Svizzera";1;115987
"Chamboulive,Francia";1;115988
"Barbizon,Francia";1;115989
"Adbury,RegnoUnito";1;115990
"GoldRiver,California";1;115991
"Gadki,Polonia";1;115992
"Vaalbeek,Belgio";1;115993
"Brockham,RegnoUnito";1;115994
"CribPoint,Australia";1;115995
"PineMountain,Australia";1;115996
"Marilla,NewYork";1;115997
"Vich,Svizzera";1;115998
"Warrenton,Oregon";1;115999
"Kula,Hawaii";1;116000
"Loftus,RegnoUnito";1;116001
"Armonk,NewYork";1;116002
"Central,SouthCarolina";1;116003
"Biloela,Australia";1;116004
"SaintJoseph,Martinica";1;116005
"Gwangju-si,CoreadelSud";1;116006
"Oberhaching,Germania";1;116007
"Harrisville,Michigan";1;116008
"Estang,Francia";1;116009
"MaeHongSon,Tailandia";1;116010
"Elmsford,NewYork";1;116011
"Lordsburg,NewMexico";1;116012
"Blanes,Spagna";1;116013
"Springfield,Australia";1;116014
"Saint-Jeannet,Francia";1;116015
"TownshipofJackson,Pennsylvania";1;116016
"Courteuil,Francia";1;116017
"Somerset,Wisconsin";1;116018
"Anguilla";1;116019
"DeForest,Wisconsin";1;116020
"Harrison,Australia";1;116021
"Kouvola,Finlandia";1;116022
"KitaWard,Giappone";1;116023
"Atwater,California";1;116024
"Lodi,NewYork";1;116025
"WestKill,NewYork";1;116026
"Bethesda,RegnoUnito";1;116027
"BadK�tzting,Germania";1;116028
"Leesburg,Florida";1;116029
"Ruhla,Germania";1;116030
"Argir,IsoleFaroe";1;116031
"�ilina,Slovacchia";1;116032
"NorthWildwood,NewJersey";1;116033
"EastMolesey,RegnoUnito";1;116034
"Aarschot,Belgio";1;116035
"GooseCreek,SouthCarolina";1;116036
"EastBunbury,Australia";1;116037
"Mitchell,Australia";1;116038
"Burriana,Spagna";1;116039
"TiratCarmel,Israele";1;116040
"Limeray,Francia";1;116041
"Alsager,RegnoUnito";1;116042
"Gav�,Spagna";1;116043
"Bridgeville,Pennsylvania";1;116044
"Bicheno,Australia";1;116045
"Earlswood,RegnoUnito";1;116046
"DodgesFerry,Australia";1;116047
"Hakodate,Giappone";1;116048
"Marcoussis,Francia";1;116049
"�d�nice,RepubblicaCeca";1;116050
"Sherborne,RegnoUnito";1;116051
"Kingston,NewHampshire";1;116052
"Brearton,RegnoUnito";1;116053
"Southwick,Massachusetts";1;116054
"Maizuru,Giappone";1;116055
"Gualeguaych�,Argentina";1;116056
"Auburn,NewHampshire";1;116057
"PlantCity,Florida";1;116058
"Moissy-Cramayel,Francia";1;116059
"Pulborough,RegnoUnito";1;116060
"Affton,Missouri";1;116061
"Thrakomakedones,Grecia";1;116062
"Brooktondale,NewYork";1;116063
"SeaviewDowns,Australia";1;116064
"PendleHill,Australia";1;116065
"Buronga,Australia";1;116066
"AlbertLea,Minnesota";1;116067
"Zanzibar,Tanzania";1;116068
"Titchmarsh,RegnoUnito";1;116069
"Aylsham,RegnoUnito";1;116070
"Kitzingen,Germania";1;116071
"Dornbirn,Austria";1;116072
"Rockingham,Vermont";1;116073
"Binningen,Svizzera";1;116074
"Marienheide,Germania";1;116075
"LittleFalls,NewYork";1;116076
"Gulfport,Florida";1;116077
"Templeton,RegnoUnito";1;116078
"Waterlooville,RegnoUnito";1;116079
"Winchester,Indiana";1;116080
"Hiram,Georgia";1;116081
"BucklandMonachorum,RegnoUnito";1;116082
"Larkhill,RegnoUnito";1;116083
"Centerton,Arkansas";1;116084
"LivingstoneCove,Canada";1;116085
"NorthRiverside,Illinois";1;116086
"EastToowoomba,Australia";1;116087
"SafetyBeach,Australia";1;116088
"Ponchatoula,Louisiana";1;116089
"LeGrand-Bourg,Francia";1;116090
"Maesycrugiau,RegnoUnito";1;116091
"S�draSandby,Svezia";1;116092
"Highton,Australia";1;116093
"Wilson,Australia";1;116094
"Harefield,RegnoUnito";1;116095
"StormKing,Australia";1;116096
"RunawayBay,Texas";1;116097
"Cabuya,CostaRica";1;116098
"PossumBrush,Australia";1;116099
"Yavne'el,Israele";1;116100
"Eupora,Mississippi";1;116101
"Agde,Francia";1;116102
"Roann,Indiana";1;116103
"Papenburg,Germania";1;116104
"NorthBerwick,RegnoUnito";1;116105
"Pacific,Missouri";1;116106
"Wendell,NorthCarolina";1;116107
"Elgin,SouthCarolina";1;116108
"Terracina,Italia";1;116109
"Termonbarry,Irlanda";1;116110
"Antofagasta,Cile";1;116111
"PueblodeAlamos,Messico";1;116112
